,Comment
0,@User.IDX في فترة الصغر والمراهقة يكون من الصعب تقبل تعليقات الأصدقاء حول شعرك المجعد😔 وهنا يأتي دور الوالدين في ادخال الثقة الى نفسية طفلهما لكن مع تقدم بالسن يصبح الأمر عاديا (اتكلم عن تجربتي شخصية) 
1,"""ردا على معظم الردود .. أحب اوضحلكم ان عمليات زرع الكلى لا تتم الا فى حالات معينه حيث تضمن عدم تكرار الفشل فى الكليه المزروعة وهذا ما يحدث مع الأمراض الوراثية التي لابد من استبعادها قبل بدء اجراءات الزرع فارجو التواصل مع الاطباء قبل تجميع اى مبلغ مالى لعمليه الزرع لضمان وصول المال الى مستحقيه * التواصل تليفونيا غير متاح حاليا ويرجى الذهاب شخصيا لمكان تواجد الطفل *الطفل اسمه محمد سعد النادي موجود ايام الاحد والتلات والخميس في مستشفى الدمرداش """" مستشفيات جامعة عين شمس"""" مبنى مستشفى الاطفال الجديدة وحدة الكلى الصناعي الدور التاني .. بالعباسية القاهرة * اقرب محطة مترو هي محطة مترو الدمرداش بيانات الطفلين الاخ الأكبر أحمد سعد نادي 14سنه والطفل المريض محمد سعد نادي 10سنوات محافظه بني سويف .مركز ببا .قريه سدس عربه المزرعه رقم الموبيل للتواصل 01282932709 وربنا يقدر فاعل الخير """
2,@User.IDX يجب ان تذكروا ان لكل سنة ثيم للحفل وهو نوع من الحفلات التنكرية !! 
3,بتعمل حلقة صغيرة عشان عندي امتحان بكرة ومتضيعليش اليوم الله عليك يا فخر اليوتيوب 
4,على طاري السطحيه مدري ليه تذكرت فيحان 
5,الإنسانة الوحيدة اللي ممكن أتابع جميع حلقاتها بدون ملل.. 😍 أُسلوبها ممتع 
6,تشارلز داروين 😂 إعمل نفسك ميت ... 🚶🚶🚶 
7,جواب سؤالك ( ليش ما اخذت الصوابين حقت الفندق ) : لأنهم سوولك ترقية لحجزك (اب قريد) #وحش_الملوخية 
8,@User.IDX خبتم وخاب مسعاكم نحن دعاة السلام ومهما حاولتم ان تطمسوا الحقائق فأن التاريخ سيشهد بذالك ويثبت من هي الدول التي تحارب الإسلام والمسلمين 🇸🇦🇸🇦🇸🇦🇸🇦🇸🇦🇸🇦🇸🇦🇸🇦🇸🇦🇸🇦🇸🇦🇸🇦🇸🇦 
9,هههههههههههههههههههههه إياس ياسين تخيل.. أنا سهل أحطلك أي اشي بس إنت مستحيل تلاقي اشي بكرهه 
11,الله سبحانة وتعالى اباح تعدد الزوجات ولم يقم بفرضة وقام ايضاً بوضع قواعد للتعدد ابرزها العدل بين الزوجات فأن لم تعدلوا فواحدة. هذا كلم الله سبحانة ..عشان هيك بتمنى منك لا تتكلمي كثير وهناك اسباب وظروف من بعض الرجال تمنع ذلك. 
12,وين من جد انتهى!! تصدق يا عمر انو الفيديو حقك اثر فيني... مسحت كل حساباتي في وسائل التواصل الاجتماعي و جدا مرتاح من هذا القرار. بس غريبة نطلع من هنا ترجع من هنا هههههههههههه 
13,كيف رح يصير سلام فالعالم لما في ناس عن زيكو بتتطلع عالجانب السلبي وبتفرجي هذا الجانب للعالم لإنو همها تزيد الفتنه وتكبر الحقد بين الطرفين... شاركو بالجنازه معملوش إتفاقيه بيع للشعوب !!! 😒 
14,اذا أردتم تعلم اللهجة المغربية بطريقة سهلة .. تعالوا الى قناتي 
15,رشااا مأهضمك ومأطيب طبخاتك يعطيكي العافية يارب ياريت شي نهار اطبخ انا وانتي انا بحب الطبخ كتيير 😍😍😘💖👍 
18,ههههه العراقين ماعدهم مشكله بهذا الشي 
19,يعني مش ناقصه الوطن العربي فتنه وتشتت وانقسام بالله ترحمونا ليش الفتنه بينهم وزيادة البغضاء 😕 اللهم اصلح حال وطننا العربي ووحد صفوفهم واعز الاسلام والمسلمين واكفنا شر كل من ارد بنا سوء ... 
20,بدنا تشرح لنا اسباب الازمة المالية بالسعودية والحلول 
21,@User.IDX رحمهم الله و غفر لهم و الهم ذويهم الصبر و السلوان. انا لله و انا اليه راجعون. 
22,@User.IDX سبحان من خلاه مطارد ومطلوب في العالم بعد ماكان يلاحق المصلحين 
25,@User.IDX ترامب المعتوة يفعل بالعرب مايريد. والعرب صامتون. ازلال مابعدة ازلال. اين الاسد. اسد ع شعبه فقط؟ 
27,بعد النراويح هي نفسها قبل السحور XD 
29,@User.IDX الرجل اخترق حاجز الزمن واكتشف مشكله ستحدث بعد ٤١ سنه ولذلك تواجبا مع اكتشافه المذهل موتوا جوعا ل ٤١ سنه اخرى يحكم فيها لكي يتعامل مع هذا التحدي الرهيب 
30,@User.IDX صدق سيد البشر تهاف عليكم الأمم خيرالزمان وهذا ميدل بأن هذه الدوله هى التي علي الشريعه وقول يجب علينا الابتعاد عن المعاصى الكي ينصرنا الله واللهم حفظ ملكنا وولى عهده ورزقه البطانة الصالحه 
31,قبل كنت اعرفه و كنت اذكر ايامه سعره اقل من مية دولاار. بس يومها معلوماتي عن الاستثمار ولا شي. حدي كان دارك نت و هاكينغ. و بعدها تركت كل شي لا دارك نت ولا خرابيط. و هالسنة تحسفت 😅 
32,الثانية 29 شوفوا المصة في رقبة عمر حسين 
33,المحتكر يموت ويتحاسب عند ربه وماله يتمتع به غيره 
34,@User.IDX يمكن كله بس حكي وما في منه... 
35,وربي انت احسن واحد من اول اتمنى احد بشرح الحاصل بتركيا في فيديو .. 
37,من اكتر الحجات الى ديقتنى ان ازاى مبقتيش بتعملى فديوهات فى القناه افتقدتك جدا والله فى القناه 
38,كلما كانت المياه أعمق جرت لفترة أطول وكلما كان البئر أعمق كان الماء أبرد وأعذب✋ .. فكر عميقاً قبل أن تخرج دلوك من قلبك فالكلام مرهون بالعقل 👌 لو عجبتک 😍 يَآريَٺ ٺدځلُ عٌلُيَ ٻروُفُآيَلُيَ🚶 ٻنْشُر ﭸڪمْ وُقٌصًصً🙌 مْشُ ﭸٺځڛر ﭸآڄة👌ّ آدځلُ وُشُوُفُ لُوُ عٌڄٻڪ👍 آعٌمْلُ فُوُّلُوُّ ❤❤ (مْٺآٻعٌةّ)😙 وُﭸڪوُنْ مْمْنْوُنْةّ ڄدآ 😍وُشُڪرآآ❤❤ 
39,@User.IDX @User.IDX عبقرية لم تذق طعمها مسر منذ أيام الفراعنة . أنا برأيي ننتخبه ونحافز عليه لغاية 2060 يعني دوره واحده أم الأربعين سنه . 
41,جيبوتي والصومال دول عربية بالاسم فقط .. اريتريا وجيبوتي والصومال واثيوبيا مش عرب ولا راح يكونون عرب .. كفو عن تعريب الناس!! لا للتعريب 
42,"""الرياح جند من جنود الله وربك يمهل ولا يهمل """"وَمَنْ أَظْلَمُ مِمَّن مَّنَعَ مَسَاجِدَ اللّهِ أَن يُذْكَرَ فِيهَا اسْمُهُ وَسَعَى فِي خَرَابِهَا أُوْلَـئِكَ مَا كَانَ لَهُمْ أَن يَدْخُلُوهَا إِلاَّ خَآئِفِينَ لهُمْ فِي الدُّنْيَا خِزْيٌ وَلَهُمْ فِي الآخِرَةِ عَذَابٌ عَظِيمٌ"""" صدق الله والعظيم """
43,@User.IDX للأسف الضحايا 360الموضوع ليس العدد لأنه من قتل نفساً كأنما قتل الناس جميعا المشكلة أن النفس البشرية أصبحت أرخص شيء لتمرير المؤامرات 😭وتنفيذ الأجندات المشبوهة 
44,من قدك قابلت آريا ستارك الابتسامة شاقة وجهك شق ف نهاية المقطع :D وين قابلتها ؟! 
45,حد شاف فيلم السفاره في العماره 
46,اللى دارسين علم نفس والدكاترة هيفهموا من طريقه كلامها وشخصيتها وعنيها انها خافيه حاجه ومضغوط عليها اووى 
48,الي يعزف عالبيانو من اول ماشفته حسبته بنت ليين اخر الفيديو 😂💔 
51,@User.IDX جميع من قام بالقصة غير سعوديون وذلك لإثارة ضجة بين المراهقات الضعيفات والخائنات امثال لجين بعد أن درست على حساب الدولة في بداية قصتها وبعد ان تعلمت تكبرت على تلك اليد التي مدت لها المقطع مثير للشفقة ويوضح كمية الحسد من الفتاة السعودية المرفهه و 
52,@User.IDX احسن قرار والله عقبال الدول الباقيه ياااارب 
53,بدهم عملو اسرائيل مثل اميركا عاصمتها واشنطن بس لمركز فيها نيويورك يعني اسرائيل عاصمتها القدس ولكن مركزها تل ابيب ;) 
54,"""اول مرة بعطيك (اغضبني) ولو في (ازعجني) او (لم يعجبني) كنت عطيتك اياه ... استاذ نيكولاس انت مش مسلم فلا تعمل حالك فهمان بالدين الاسلامي وتشريعه... خليك بالشي اللي بتفهمه وواضح .. ولا تغوص بالاسلام بنوايا سيئة لإنك راح تخبص وتضيع وما راح يطلع معك شي.. طبعا لو غصت بنوايا حسنة كنت """"اسلمت""""!... ما علينا.. انتقادك لتغريدة الشيخ بموضوع ان الاقصى بالاخير (حجارة) !! الشيخ متضامن مع الاقصى ولا يفهم قصده الا المسلم الفهمان دينه .. إذا كنت بدك تنصر الاقصى انصره لله لدينك اولا .. ولا يكون همك مسمى وصورة المسجد الاقصى مشان تكون اقوى بالدفاع عنه ونصرته .. وهذا نوع من تذكير المسلم انه موضوع الاقصى موضوع ديني يخص دينك اللي هو قيمتك بالحياة قبل ما يكون علم لمكان ... ماشي .. واستهزاءك بخطب الجمعة كمان (مزودها) شوي ... وآخر شي نسيان او """"تنسايت"""" كتير قضايا مهمة اهم من بعض الشغلات التوافه اللي ما بتذكرنا غير بالعلمانية والليبرالية الرخيصة كتضامنك مع البنت اللي طالعة بكل وقاحة ومصورة حالها وبالسعودية بلد الستر وتقلي حرية شخصية !! وهاد الفهمان صاحبك أحمد الخالدي (المبدع غالبا) بلاش يطلعلي بهالمنظر المفجع اللي ماله داعي ابدا وجيبوا فكرة احسن منها ... تقبل مروري واحترامي..... """
55,@User.IDX عين الحسود فيها عود اللهم زد وبارك 
56,مع هالابتسامة مريانا مو رح تهزم مرضها بس .. لاء .. هي جاهزة تهزم أي شي بيوقف بطريقها .. قريباً إن شاء الله منسمع كمالة القصة أنو مريانا عم تمشي بطريقها لتصير شي كبير بهالدنيا 👏🏻 
57,ليش يا عمر ما اتكلمت عن زيارة ترامب !!!؟ ... هااااا .. ليش الموضوع ذا بالضبط سويت له سكيب!! 
58,"مش اسمها تحدي الجاذبية هو بستخدم تقنيات وقوانين فيزيائية, بستعمل نقطة الارتكاز بالاجسام ليقدر يوقفها ... كل الاحترام وبالنجاح الوو ❤️ "
59,هو ردة فعله حلوة بس هيك حفلات اللا ما يصير فيها هيك شغلات وما بتخيل انها مكان مناسب للبنات اللا اذا معها حدا يقظر يدافع عنها ويضل مصحصح طول الليلة 
60,يمكن قصده شي ثاني وخانه التعبير نتمنى التوضيح وشرح سبب قوله هذا الكلام ، يمكن يشوف شي مانشوفه او عنده معلومات سرية مانعرفها 
61,@User.IDX لا بد وان تطالهن الصواريخ اليمنية طالما وتستخدمها الامارات في حربها على اليمن وذالك بتخزين الاسلحة والذخاير وتزويد السفن والبوارج الحربية وكذالك التدريب والتأهيل للمرتزقة من اليمن ودول اخرى 
62,إلى يدعم فلسطين لايك 👪👪😉😉 
63,رسالة من مواطن سوري الي العرب اعذروني فأنتم لستم اخوتنا فالأخ لايترك اخاه يموت امام عيناه ولا يفعل شيئاً ست سنوات والشعب السوري يقتل بحجة الارهاب والعمالة الاف الاطفال قتلو بقصف الطيران ولا احد من شعوب العرب يتكلم. وصل عدد شهداء سوريا الي 500 الف شهيد ولم يحرك اي ساكن بضمير الشعوب العربية كل دول الغرب واليهود والصليب فتحت ملاجئ للسورين اما (الاخوة) العرب فقد اغلقوها ماعدا بعض الدول مع معاملة ذل واهانة لم نسمع يوما بأن مظاهرة في دولة ما خرجت لنصرة الشعب السوري وااا اسفاه ياعرب ماذا اصابكم 
64,@User.IDX لا أعتقد بأي من هاته الأسباب،أحس أن أمريكا وحلفاؤها يريدون تأكيدا لجواب تطرحه روسيا و عدد من دول الشرق عموما ألا وهو كيف لامريكا وضع الجيش الإيراني وحركة حماس وحزب الله وغيرهم...ضمن لائحة الارهابين بينما أول و أشهر تنظيم إسلامي يتم التغاضي عنه؟ 
65,@User.IDX صاروخ ما شاء الله تبارك الرحمن 
66,مشكور وجزاك الله خير، انا مريت ب هالتجربه كان مسجد جديد كان يحتاج تنظيف و ترتيب والحمدلله انجزنا المطلوب وشكرا. 😊👍💛 
68,فلسطين حرة أبية بإذن الله الله يحميها ياحق 
69,بصراحه بالنسبه لي وكثير بنات شيء صعب اننا نحذف مواقع التواصل بحكم اننا ناخذ آخر الاخبار والاحداث من ذي المواقع كثير بنات ماعندها إمكانيه تخرج من البيت يومياً او اسبوعياً فتكون معزوله عن العالم نافذتها للعالم هو احياناً يكون الجوال 
70,@User.IDX سبب الخبر الوارد في التغريده 😂👇🏼 <url> 
71,الله يرحمه ويسكانه فسيح جناته ويرحم جميع المسلمين ❤️ 
72,@User.IDX هاذا عشان الهلال حطو حوت ابو روج انتحر الحوت الأصلي كم انت شريف ياحوت🤣🤣 
73,@User.IDX ولي العهد محمد بن سلمان 
75,برنامج ولا اروع ربي يخاليكم و يحفظكم واصلوا الف تحية من الجزائر 
76,يكفي الام حينما تصنع الاكل تصنعه حبا في من سيأكل منه ... لكن الزوجه في بدايتها أرى اغلبهم يصنعنه اما حرفيه واظهار مهاراتها او واجب 
77,الغلطة .. ٦٠ مليون مشاهدةفعلاً والله كلامك صحيح ١٠٠٪ لنو البعض وليس الغالب يدور الغلطات دي والدقس بقس ع قولك .. 
81,في الحقيقة حتى اقتباس زيدزو منقوص ولم يرد فيه بالفعل أنه طلب عدم التصويت لها، لقد قال انا بعيد عن كل هذا ويجب البقاء بعيدا 
82,الشغل لا عيب ولا حرام وكل واحد عم يتفلسف ويعمل حالو شريف مكة خليه يسكت احسنلو ولله من ورا تعليقاتكن التافهة قرفتوا العالم دينهم ع اساس هالشغل حرام وانت ملاك ماعندك ذنوب بحياتك حبيب قلبي 
83,أخيرآ لقيت شبيهي رقم 9 قبلك 8 ههههههههه عمر حسين احلى تحية يا عزيزي مية وردة 3> 
84,@User.IDX اللهم اضرب الكافرين بالكافرين واخرجنا من بينهم سالمين غانمين يارب العالمين 
86,اعتقد ان الصلاة بخشوع (تركيز) تحولك من الشتات الى القلبية ( ماذا يريد قلبك ؟ ) بعيدا عن ماديات الحياة 
87,@User.IDX اي جمهور،،، مساء الحصار 🤣 
89,ونتا ايش حشرك يا بو يمن 
90,انا مصرى ، وبقول ان دا مبالغ فيه ✋🏻 
91,@User.IDX المضحك ان العراق فيها داعش والحشد وووو... وقالك ببجي تحرض على العنف 😂😂😂 
92,أقول أترك عنك السوالف تزوجني المزيونه 😂😂😂😂 
94,مريم العذراء انجبت بدون ذكر 
95,لا عادي يكون داخل محتوى الفيديو اعلان دام الفديو حلو ماتفرق 
97,@User.IDX لتصحيح جزائري هو الذي بدأ التحدي اسمه يونس دريسي 
98,يُثَبِّتُ اللَّهُ الَّذِينَ آمَنُوا بِالْقَوْلِ الثَّابِتِ فِي الْحَيَاةِ الدُّنْيَا وَفِي الْآخِرَةِ ۖ وَيُضِلُّ اللَّهُ الظَّالِمِينَ ۚ وَيَفْعَلُ اللَّهُ مَا يَشَاءُ (27) النفاق في أجمل صوره سبحان الله 
99,التقسير الذي ذكرته تبع الرائحة التي تدل على مستوى التستوستيرون وغيره ربما تهيء الشريك الآخر أو تبين لعقله اللاواعي مستوى الشهوة أو كم وكيفية الجنس الذي يحتاجه الشخص المقابل قبل ممارسة الجنس كي يتناغم الشريكان عند الممارسة أكثر ويشبع كل طرف منهما الآخر بالكيفية التي يحتاجها .. أعتقد أنه أيضاً (البوس) كغيره من علامات التقارب كما في تشابك الأيدي والضم وربما أيضاً يهيء الكائنات المجهرية في كلا الطرفيين (وهي بالملايير) لكي تتجانس مع بعضها قبل قدوم المراحل الأخرى من التقارب بين الحبيبين 
100,@User.IDX من اجمل واروع المسلسلات التي رأيتها 
101,بعيد المشهد الاخير اكثر من مره 
104,ولسه بتسأل ليه البلاد حيطه مالت ،، مابقاش فيه أمل لما قولنا أمل ماتت ، قتلنا طموحنا لما قدمولنا نعشو كنا معكم من اعماق ال.أنت هارشو 
105,@User.IDX اكيد في شي لا يسكتو حتي يعرفو السبب 
106, <url> ترا هذول مايمثلون السعودية عمر السوريين ولا غيرهم ماكانو ذليلين بالعكس ما ثارو الا انهم شريفين واصيلين مايرضون الظلم 
107,الحلقة هاي لازم تترجم بجد مفيدة 
108,ملاحظة صغيرة فقط : الآن الناس أصبحت أكثر ثقافة ووعي ، ويعلمون أن أصل الوحدة إسلامية وليس عربية . طالباتي الهنديات والروسيات في المدرسة يقولون لي معلمتي أصل الوحدة على الارض وبين الشعوب وحدة إسلامية وليست وحدة عروبة. ملاحظة أخرى أكثر غرابة أن عمر طالباتي 12 سنة فقط وعندهم هذا الوعي !!! 
110,هذا المصطلح ليس متداول من قبل الجميع هو ينحصر في فئة معينة من المستخدمين وليس بالضرورة معرفا للهجة التونسية ! كان عليكم اختيار مصطلح يستعمل من قبل جميع التونسيين دون استثناء ! وربما هناك بعض التونسيين الذين سيتعرفون عليه من خلال هذا الفيديو -_- انا شخصيا لا استعمل هذا المصطلح ولا اعتبره جزءا من قاموسي اليومي رغم اني تونسية واعرف جيدا تفاصيل لهجتي 
111,@User.IDX لم ينجح تحديث التطبيق تم حزفه من ذاكرتنا. #لم_تسقط_بعد ✌الاعتصام مستمر 
112,ههههه...السعوديين ملتهين بالبيك والنساء والتفاخر بالاموال والايرانيين حضارة ممتدة لالاف السنين وبعمرا محد غزاها،،،هسه امفكرين بان تغزون ايران،،السنه في العراق وسوريا اتبهدلو وماعطيتوهم حتى اقامات،،،وهاي اليمن ماتستجرون تدخلوها بقواتكم.....اذا بدكن تحلمو فاحلمو بواقعية....تحياتي 
114,@User.IDX ينتهي بزحف شامل نحو القدس من الخليج للمحيط يوم الغضب 
116,@User.IDX ايش اسم الشركة علشان ندعمها وما نشتري الإ منها 
117,هالفلوق قديم صح يا رجال 
119,@User.IDX هذا الاحتفاء خاص بالكبار فقط اما ذميمكم لاذكر له الا مزبله التاريخ 
120,عمر ايش نوع كاميرتك و ايش اسمها لو سمحت 😊 
121,@User.IDX لما يتوقف حكام العرب من اتهام شعوبهم المسلمين بالارهابيين 
122,قرف شلون يحط أيده على أرضيت الحمام 💔😩 
124,1:57 الله يقطع إبليسك يشيخ 😂😂😂💔💔💔💔 
125,لبنان بلد لللبنانيين، الجنسيات الاخرى يجب ان تعود الى بلدانها والا لم يعد لبنان لاهله. المساعدة التي يقدمها لبنان للاخرين يجب ان يشكر عليها. يمكن للبلدان ان تساعد وتدعم بعضها ولكن لا يجب تغيير كيانها عنوةً والا سوف تفقد فلسطين وسوريا ايضاً اهلها وكيانها. 
126,لا يسعني سوى التأمل ....... حقا فاق شعرك مستوى الابداع اللغوي و التناغم الفكري الادبي. روعة تناسق الكلمات في مادتك النثرية هته و مدى دلالتها تبقى راسخة في الاذهان ابد الآبدين ..... فصاحة لغوية مبهرة ...... كلمات تتخللها بساطة محيرة للعقل مربكة للروح .... نص غزلي متقن حد السيف ..... اي نعم سيدي .... والله إنك لمتمكن من لغة الضاد ...... و عارف بخبايا العشق .. ولك في وصف الاحوال و الاهوال الف قيراط ..... و لتعجز الكلمات عن وصف ما جدت به و ما جاز ...... و ليتخدر اللسان عن نطق كلمة شكر في حقك ...... لك مني الف تحية عابرة للبحار ....... و الف شكر و لك كل الوقار .... ;) (Y). مجرد رأي .... شكرا. 
128,@User.IDX مره تقولون تذويب الجثه. ومره تقولون تم تقطيعها. والان حرقها. الحلقه القادمة ماذا سيكون السيناريو ! 
129,اتفشخت ضحك لما جبت صورة عمرو واكد وقولت بيبوس الاجانب هههه فعلا عمرو واكد باس سكارليت جوهانسون في فيلم لوسي 
130,لو ما تحتاج المال عطني ياه 
131,انهيار اقتصاد فنزويلا دليل على أن الثروات الطبيعية وحدها لا تصنع اقتصاد قوي متين ومتماسك بل يجب أن تكون إدارة الموارد على أعلى مستوى.بالنظر إلى فنزويلا النفطية تعتبر دول الخليج وعلى رأسها السعودية لديها إدارة جيدة للموارد الطبيعية ولكن بحاجة للتطوير أكثر وهذا ماتسير عليه السعودية الآن في رؤيتها 2030.السعودية في فترات سابقة كانت تعتمد للحفاظ على عدم تأثر اقتصادها بالاحتفاظ بالعملات الصعبة وحمل السندات الأمريكية وطبعاً أول دولة هي الصين والثانية اليابان صحيح فوائدها قليلة لكنه استثمار آمن. رؤية السعودية تنطق بمبدأ رفع المحتوى المحلي كخطوة أولية لجلب صناعات متطورة في كافة المجالات ومن أهمها التقنية والذكاء الاصطناعي. 
132,طيب نبغا محتواك انت اكثر ونبغا تسوي دورات تدريبة في المجالات الي تهمك 
133,@User.IDX لعبه الببجي أصبحت ظاهرة اجتماعية ، ولابد من الوقوف أمام هذه الظاهرة . 
134,@User.IDX والله أرى انها قامت بالواجب، لأن الإنسان في بلادها له قيمة ويعامل بكرامة، ما رأيناه منها لن تره في حاكم عربي وهذا يكفيني 
135,للأسف وكأنك تتكلم عن الاردن اغلب المؤسسات الحكومية بيعت وتخصخصت 
136,@User.IDX بعد هالتصريح لم يعد من المرشحين المحتملين🙂 
137,الحمدلله على الصحه الحمدلله الذي عافانا مما ابتلاهم وفضلنا على العالمين تفضيلا 
138,عمر حسين+شوية فلوس= فلوس كثير 
139,@User.IDX نتنياااهووو ،، قطر تدعمناا كثيراً !! 😂😂😂😀 <url> 
140,Shakooh Heasat هاي زي حالة مسلسل سارة يلي حكتلك عنها مرة 
141,@User.IDX هذه هي التربية الحسنة في الدفاع عن الطلبة بدل التغاضي عن التنمر، بارك ﷲ فيها وفي كل من تعامل مع المتنمرين بأسلوب حسن 
142,الي من اليمن يصف جنبي 😁🖐🏻🤓 
143,وين الفتاة اليابانية اشتقتلها ♡♡ 
144,آلمني #أردوغان حين قال: يقصفون العاصمة بطائرات F16؟!! هذه الطائرات لمن اشتريناها؟!! هل لنقصف بها شعبنا!!! سنحاسب الانقلابيين على هذه الجريمة! ألا لعنة الله على بشار وامه وابيه وفصيلته التي تؤيه، لعنة لا تحول ولا تزول... فرق كبير بين رئيس يواجه شعبو بالجيش ورئيس يواجه الجيش بشعبوو.. يا الله... بسم الله... الله أكبر.. #فشل_الانقلاب 
145,@User.IDX و ماذا عن الليرة التركية كم كانت تساوي قبل تولي اردوغان الحكم وكم تساوي الان ؟؟ 
146,رائع.. ترى ما مدى إمكانية أن يصاب الوعي الجمعي بالمرض؟ لأنني أظن أن بعض الشعوب العربية لا سيما المستعبدة منها تبرر استعبادها بالصمود في مواجهة قوى غريبة و تصر على أنها محقة وتخون كل من ينحاز إلى وجهة نظر أخرى.. لن أخوض في السياسة أكثر ولكن جدير بالذكر موقف بعض القيادات السياسية في العالم العربي التي ترى أن قسما من شعبها مرتهن للخارج وهي غارقة حتى النخاع في الارتهان ولكن إلى معسكرات أخرى 
147,"""@User.IDX فتولايز🍢 ☑ يقوي عملية الانتصاب ☑ يعالج سرعة القذف ☑ يزيد كمية السائل المنوي ☑ تحسين صحة البروستاتا ملاحظة :لتوصيل للبيت🚛 الدفع بعد الاستلام للطلب عبر الواتساب ⭕️⭕️ مع الاخصائية العنود :: """" """" """" <url> """" """" R2wY """
148,@User.IDX ركوب الطائرة فى حد ذاته مرعب😱😱 الحمد لله انهم بخير❤❤ 
149,اهم شي فاصل كتكوت 😊 
151,@User.IDX لا نقول الا ما يرضي الله الله يرحمه ويسامحه بحاسبو رب العزة اما الاخوة المغردين ما هذه الالفاظ الخادشة ربي يهديكم 
152,@User.IDX إنني أُحبّكِ.. هذه هي المهنةُ الوحيدة التي أتقنُها.. ويحسدني عليها أصدقائي.. وأعدائي.. .. \ #نزار_قباني -------- 
153,تداولت مواقع التواصل الإجتماعي هذه الصورة بكثافة وأثارت جدلا كبيرا ولكن خفي على الكثير أن يرى هذه الواقعة من زاوية أخرى وهي أنها مسرحية مفبركة يراد منها إخافة المحجبات من ارتداء الحجاب على الشطوط الفرنسية أو بالأحرى طردهم من الشواطئ الفرنسية بطريقة مهينة وغير مباشرة وما دفعني على هذا الإعتقاد هو خمسة ملاحظات؛ الملاحظة الأولى: وجود هذه المحجبة بمفردها وسط كل هذا العري مما يعطي انطباع النشاز لهذه المحجبة الملاحظة الثانية: لاحظوا جيدا الفراغ المحيط بالمحجبة والذي كان معدا مسبقا لتواجد الأمنيين فيه الملاحظة الثالثة: قبل مجيء الأمنيين لاحظوا الطريقة الغريبة التي تستلقي فيها هذه المحجبة على الشاطئ وكأنها في فراشها تستعد للنوم لا مستلقية على الشاطئ وهو ما يجعلها موضع سخرية الملاحظة الرابعة: وجود هذه المحجبة في مكان كله عري وأيضا بمفردها ونحن نعلم جيدا أن المسلمون يذهبون عادة إلى الشاطئ في مجموعات عائلية ولا يذهبون فرادى ونادرا جدا ما تذهب المحجبة (أو غير المحجبة) بمفردها إلى الشاطئ الملاحظة الخامسة: وهي الأهم وهي التي فضحت مسرحية الفرنسيين القذرة هي سهولة نزع الحجاب لهذه الفتات فبمجرد أن طلب منها أعوان الأمن نزع الحجاب سارعت إلى نزعه غير مكترثة ونحن نعلم جيدا تمسك المحجبة بحجابها وحتى وإن أرادت نزعه فإنها لا تزعه أمام الناس وأمام كامرات الهواتف الجوالة والتصرف الطبيعي هو مغادرة الشاطئ وعدم نزع الحجاب. الإستنتاج : إنها الحرب على الإسلام 
154,ولله نفسي تنورنا وتزورنا في ليبيا بس المشكلة الاوضاع حرب في ليبيا واذا جيت راح تقيم معي في البيت 
155,والله زكريات عمر حسين وعلي االطاير وايش ايلي ما تتنسى 
156,@User.IDX تعامل الحكومة مع الحدث رائع جداً👍 
157,@User.IDX #روسيا لم تشهد هذه الحوادث بمطاراتها وهي بلاد الثلج فكيف بلبنان مستحيل تتكون كتله ثلجيه بالغيمه بهذه الحجم اقصى تكون ثلجي يسمى بالبرد شكل كور صغيرة احتمال كبير مرتطم بعمود انارة بالمطار او بمبنئ عند الدوران بالمدرج 
158,انتم نسيتو ملك السعودية لي قالهم دائم النعمة و الاستخراء هههههه 
159,حضرت عرض ازياء عربي لندني!! | مذكرات عمر حسين 45 
160,هههههه احلى شي بالسليط الاخباري انه يتمسخر على الأخبار ههههههه😅😆😹😹🇯🇴🇯🇴🇯🇴 
161,""""""" إن كنت عربى ومسلم بحق ساهم فى النشر """" هيلين توماس….. المرآة التي فضحت الولايات المتحدة الأمريكية المرآة التي فضحت الولايات المتحدة الأمريكية والكلام الممنوع من النشر حتى ماتت وتركت كلمة ” المنطقة العربية ستزول بالكامل """" المرأة التي فضحت أميركا، وعلاقتها بداعش في يوليو الماضي احتفل نادي الصحافة الأمريكي القومي بالذكرى الثانية لرحيل عميدة مراسلي البيت الأبيض، وأول امرأة تتولى منصب رئيس نادي الصحافة الأمريكي، والتي عاصرت أهم رؤساء أمريكا، ورافقتهم وغطت أنشطتهم، وكانت مع نيكسون في أول رحلة تاريخية للصين، عام 1971، والتي رفضت أن ترافق جورج بوش الابن، وأعلنت رفضها لعبارته الشهيرة: ” إنه يحارب في العراق من أجل الله والصليب ” وقالت: ” بل إنها حرب الشيطان وليست حرب الله “. هي هيلين توماس، التي ماتت في الخامسة والتسعين، وكانت كما قال تلاميذها في حفل تأبينها: ” أجرأ صحفية في تاريخ الولايات المتحدة الامريكية “. توماس قبل رحيلها بعدة أيام، كتبت مقالة خطيرة للنشر في كبريات الصحف الأمريكية، وتم رفضها في حادثة لها للمرة الأولى، مما جعلها تصرخ في محاضرة بنادي الصحافة قائلة: ” اليهود يسيطرون على إعلامنا وصحافتنا ويسيطرون على البيت الابيض “. وأضافت، أنا لن أغير ما حييت، مؤمنة به؛ الإسرائيليون يحتلون فلسطين، هذه ليست بلادهم. قولوا لهم ارجعوا لبلادكم واتركوا فلسطين لأهلها. إنني أرى بوادر حرب عالمية ثالثة، طبخت في مطبخ تل أبيب ووكالة الاستخبارات الأمريكية، والشواهد عديدة، أول خطوة ظهور تنظيم داعش ، بدعم أمريكي لا تصدقوا أن واشنطن تحارب الإرهابيين وما يسمون أنفسهم بالجهاديين، لأنهم دمية في أيدي السي اي ايه. وأضافت، إنني أرى أن بريطانيا سوف تستحضر روح البريطاني ” مارك سايكس ” وفرنسا سوف تستحضر روح الفرنسي ” فرانسوا بيكو ” وواشنطن تمهد بأفكارهما الأرض لتقسيم الدول العربية بين الثلاثة، وتأتي روسيا لتحصل على ما تبقى منه الثلاثة، صدقوني انهم يكذبون عليكم ويقولون: ” إنهم يحاربون الاٍرهاب نيابة عن العالم وهم صناع هذا الاٍرهاب والإعلام يسوق أكاذيبهم، لأن من يمتلكه هم يهود اسرائيل”. هذه كلمات هيلين توماس منذ عامين وأعيد نشرها في ذكراها، يوليو الماضي، بالطبع قوبلت بعاصفة هجوم عاتية من اللوبي الصهيوني وطالب نتنياهو بمحاكمتها بتهمة معاداة السامية لكنها رحلت بعد أن قالت الصدق وتلقف كلماتها المخرج العالمي ” مايكل مور ” في فيلم تسجيلي. ومور هو من فضح بوش الابن وعصابته من أصحاب شركات السلاح من اليمين الأمريكي مثل ” ديك تشيني ” و ” كوندليزا رايس ” وحصل فيلمه الشهير فهرنهايت 11/9 على أكثر من جائزة. ما يهمنا وسط الأحداث الاخيرة، بداية من حادث سقوط الطائرة الروسية التي راح ضحيتها أكثر من مائتي مدني، ثم حادث بيروت الذي خلف عشرات القتلى والجرحى ثم حادث باريس، مرورا بحوادث في العريش، والعراق، وليبيا، وسوريا، أنّ داعش لا يمكن لها أن تقوم بكل هذا العنف البشع بمفردها، وأن هناك أجهزة استخبارات تدعمها، وتشيطنها لتشعل المنطقة وتدفعها لأتون جحيم لا ينطفئ، فتراهم على حافة الفناء. والفناء هنا يعني تسليم المنطقة للقوى التي خططت، ودعمت، وأشعلت لإزالة القائم وزحزحة المستقر وإزالة المعترف به. وما يُؤكد هذا، كلام ” جيمس وولسي ” رئيس الاستخبارات الأمريكية السابق الذي قال بوضوح: ” المنطقة العربية لن تعود كما كانت، وسوف تزول دول وتتغير حدود دول موجودة “. نفس المعنى تقريبا قاله ” مارك رجيف ” المتحدث باسم الحكومة الإسرائيلية: ” المنطقة على صفيح ساخن، ونحن لن نسكت، وننسق مع أجهزة الاستخبارات في الدول الكبرى للقضاء على الاٍرهاب، وسوف نتدخل معهم لمحاربة الاٍرهاب حتى لو اندلعت الحروب، لنضمن حماية دولتنا “. إذن تتحقق نبوءة ” هيلين توماس ” تل أبيب وواشنطن خلقت أسطورة التنظيمات الإرهابية في المنطقة و داعش التي خرجت من معامل تل أبيب وواشنطن لتشعل المنطقة والعالم، وتحرك الأنظمة نحو هدف واحد، وإعادة الترسيم وتوزيع النفوذ والغنائم، فماذا انتم فاعلون يا عرب ؟ أعيدوا قراءة مقالات ومحاضرات ” هيلين توماس ” التي اقتبس منها مقولة ” الغرب يعيش على غباء العالم الثالث والدول الفقيرة . هل يصلح هذا الحل، في وقتنا مع كل المتغيرات الدراماتيكية؟ نعم فقط جربوا أن تتوحدوا وتكونوا على قلب رجل واحد. إنه حلم، لكنه ليس مستحيلا. """
162,@User.IDX نحن ليس كا بقيت بني عرين وليس العرب العرب اشرف الناس. الجزائر عربية مسلمة بي معن الكلمة 
163,@User.IDX تبقى فلسطين فلسطين وتبقى القدس عاصمتها . ❤❤❤💎💎💎 
164,Youssra Asكو كنتي فرخ كنتي غاتكوني فحال هاكا 😂😂😂😂😂 كاطيري بلا ريش هههههههههه 
165,@User.IDX قصدك ... قتلتم 900000 من النساء والاطفال . !!! 
166,سابقاً في تكي وش السالفة ههههه 
167,@User.IDX كل شي مقلق لولا لطف الله 
168,والله ايران بريئه يابشر ياصاحب القناه كوني حيادين 
169,يا عمري ما احلاكي هاي دموع النصر برافو ع اهلك اللي علموكي عادة القراءة بتستاهلي اكتر برافو ع كل اهل بيربو اولادن ع العلم والمعرفة والثقة بالنفس 
170,عاوزين حلقه عن مثلث براموداااااموضوع مهم وفيه حجات محدش يعرفها ياريت تعمل حلقه 
171,@User.IDX قطر لم تعد خليجيه يجب ان تتحرك الجيوش الخليجيه وتعيدها للحضن العربي وياحبذا لو يتم تحويلها الى جزيره ترفيهيه للخليج واهله 
172,ههههههههه والله من جد مو بوكيمون قو حلقة الصيدليه دي 😂😂😂😂😂😂 
173,ماشالله مبدع وموووهوب وتشرح بطريقة حلوة لوجانت مدرستي تشرخلي المادة بنفس الطريقة جان طلعت الاولى عالوطن العربي ههههههه بس عفية يا دحيح دحدووح احجي اشوية ابطئ لان ما دا الحك عليك .دايما مبدعين اولاد النيلاختكم من العراااق 
174,"""بشار الأسد مو الوحيد اللي يكذب و يصدك كذبه انما الرؤساء العرب بالاجمال...بالبدايه ليس هناك شيء و تتطور الى تدخل عسكري بحجة """"كانوا على وشك اعلان اماره اسلاميه"""" الى تدخل اقليمي بحجة مواجهة الارهاب الخ الخ الخ. """
175,ليه بدر في كل حوار ينسحب عليه؟ 
176,"""كل هذا يعني انو احتمال كبير انو اعضاء الجسم تسترجع نشاطتها الطبيعية و انو داخل القبر في احتمال كبير انو """"الاموات """" يصيرو أحياء و هذا تماما ما جاء عن رسول الله ان الميت ترجع له روحه حتى يسئل سبحان الله و صدق رسوله ،اما عن الموت حقا فما نعلم إلا أن هناك روح لكن لا نعلم كيف تحدد انها خرجت او لا ،كما في القرآن الكريم : (و يسئلونك عن الروح ،قل الروح من أمر ربي و ما أوتيتم من العلم إلا قليلا,) نسئل الله الثبات و أن يحسن خواتمنا و يختم لنا بالحسنى و زيادة """
177,بصراحه برنامج قوي وصريح جدآ وانا من اشد متابعين هذا البرنامج الله يحميك نيكولاس 
178,و اخيراً مقطع صوتي. 🔘____________🔈 1:00 
179,@User.IDX عٍجُيِبُ وَنًحًنًوَآٍ مٌآٍذٍآٍ نًفُعٍلّ نًتٍنًآٍحًرٍ وَنًتٍقٍآٍتٍلّ بُعٍضَنًآٍ آٍلّبُعٍضَ وَنًتٍرٍگٍ وَجُبُنًآٍ 
182,@User.IDX صوت ضراط في فلاة .. حسبه الارعن انفجاراً .. هذا الذي كان وحدث !! 
183,روعة وجمال وابداع ما شاء الله 
184,واخيرا شركه بي ام دبليو عرفت حجمها وكامت تصنع قنادر بس اخاف هذا هم يحمى 🐸🚬 
186,@User.IDX لأنه مشروع قطري إيراني تركي 
187,قلة التربية في المغرب وتبرير المغتصب عندنا لكن قانون والله عندنا بالمغرب عامين الى 5 سنين فقط لكن دايما سنتين مع ايقاف تنفيد فقط سجن ويخرج ببركة سيدنا براءة 
189,@User.IDX الأب يهاجم الاسلام والمسلمين حكام العرب ... الله ينتقم منهم 
190,"نايم بالكوتشى بتاكل التفاحه ب الاستيكر ايه ده ,, تفاحه حمرا مش خضرا !!! اوعى تكون ارتبطت ي غندور , قسم العلوم بتاعنا مش عايزينه يتضرب والنبى :D :D "
191,السيد عمر .. لانك متعلم ومثقف سوف تضع بصمتك مستقلاً .. اعرف اسمك من زمان وتابعتك من رمضان فقط تستحق المتابعه 🌹 اتمنى لك التوفيق 
192,@User.IDX والحـر لا يـنـسى الجـمــــيل وردِّه ولَـإنْ نـسى فـلـقــد أسـاء إلى الأدب يالائـمي حـب الحـسين أجــــــنـنا واجــتاح أوديــة الضـــمائر واشرأبّْ 
193,انا برضة من ساعة ماشفت فيديوهاتة . كلها شتيمة فى الاسلام . اييه يابا . مفيش فيديو تقول فيه عن جمال الدين المسيحى ولا ايه اللى شدك فيهانا كنت برد عليه فى الفيديوهات و رد عليا مرة واحدة . حسيت انه مشتت . بيتكلم من غير مايبلع ريقة كدهعموما شكرا أ احمد على وقتك و عارفين انك اتفرهدت فى تجهيز الفيديو . بس كله بثوابة عند ربنا و يمكن تكون سبب اسلام فرد او تثبيتة جزاء الله خيرا :) 
195,@User.IDX سبحان الله ، الله لا يعجزه شيء و مافي شيء مستحيل على هذه الارض. 
197,@User.IDX هههههههههه. من.افضل الجيوش يستهزء بها.كارثة 
198,Aiysha Waleed Ahlam Atif تعو خدو كبشة امل وطاقة ايجابية 😍 والله لا يفرقنا عن بعض❤ 
199,@User.IDX كلمه وحده وكلمتين حلوه يبلدي 
200,الكابتن نواف التمياط مثقف أول مره اشوف لاعب يتكلم بهذي الطريقة 2:07 😍💜 ماشاء الله الله يزيده 
201,ما بعرف ليش ما كان في تسليط إعلامي على الممرضه البطله الي استشهدت وفي ناس بموتوا بالسجون وما حدا داري عنهم 
202,جميل الفلوق شكرا لك .. اتمنى انك تطول اكثر يعني مثلا زي ابو 7 او 8 دقايق ما اشوفه ممل 
203,بصراحة حتى رأي البنت مسحوب عليه حتى بعض الاخوان يتجمعون ويسحبون ع اخواتهم ولا كأن لها وجود 
204,😂😂😂😂أم أيس عملتها على فكرة وحملت على ايس 20 شهر 
205,اللي ناجح في العلاقه زي ديه محتاج يكشف و يطمن علي نفسه :) 
206,@User.IDX و كأن هناك فراغ لم يكتمل .. او لم تتجرأو على إكماله ..؟!!!! 
207,يقول فى احدى قصائده كفوا لسان المراثى انها ترف عن سائر الموت هذا الموت يختلف يامن تصيحون ياويلى ويا لهفى والله لم يات بعد الويل واللهف ضل الكلام وضل المهتدون به ان الصفات خيانات لما تصف والمرء سر ووجه المرء يكتمه ان تخبرهم لاتصدق انهم عرفوا وان تخبرهم ترى فى وجوههم خدرا كالشيخ عزاه عن موت ابنه الخرف تراهم اقاموا الليل فى شغل تحت هلال لغير الخوف يرتجف يضمدون نخيل الله فى يوم للحرب لا للسلم فيه يرفع السعف تعانق الموت والحياة فيهم كما تعانقت فى اللغة اللام والالف 
208,النساء تقمن بسياقة الدراجة النارية في كل المدن المغربية،ذلك ليس حكرا على مدينة مراكش فقط.. الاستثناء ان الظاهرة منتشرة بكثرة ب #مراكش 
209,@User.IDX يضحك عليهم وبكلمهم على قدر عقولهم يبقى يفرحهم قليل 
210,كم تاخذ وقت يا عمر في قرات التعليعات وهل بشكل يومي وكمان هل تقرها كلها اتوقع ممكن يكون عنون حلقه .. 
212,خالدي خلاص ارحم وزير الصحة الجزائري خلاص والله السيد ندم ههههه....... 
213,"""@User.IDX الله يستر ...""""نراقب الوضع عن كثب"""" ..تعني في لغة الشركات التجارية أن ثمة أخطاء قاتلة في الصناعة لم ينتبهوا لها إلا بعد بيع #أعداد هائلة من هذا النوع من ابويك"""" #Max8 لذلك يرجى #الحذر """
214,القيمة الشرائية للعملة بتتغير مع الزمن فلما بتحط الام لابنها 450 الف ريال بالبنك ممكن و غالبا بعد عشرين سنة مع الربح تكون قيمتها الشرائية اقل من لما حطتها فممكن تحافظ على القيمة الشرائية اذا اشترت ذهب او اذا استثمرت بشيء بتزداد قيمته مع الزمن مو العكس :) 
215,احسن يوم قال محمد سال ودي انك ترجع كان صادق شكله مايبيه 
216,احلى رقصة 😂😂 عيدكم مبارك ❤ 
217,إنشاء الله كل من تركيا والاردن ومصر يرشون اسرائيل بالبنزين . عشان ماتوقف نيرانهم . 
218,Zainab اولاً شكد احب هاي البنية ثانياً : تذكرين مقترحنا بفتح عيادة للعلاج بالحُب ؟ 😂 
219,اجمل مافيك ياعمر. الجانب الديني فيك دايما موجوود وعاالي 
220,لماذا لم يقولوا انه مسلم لو فعل شيء سيء لقالوا انه رجل مسلم اما لانه عظيم قالوا أمريكي 
221,الله يرحم ايامى كنت منيم اسرائيل من المغرب 
222,@User.IDX مليون فكرة كامو ممكن يعملوها احسن من انو يهدمو البيت .... 👎👎 gobierno de puta 💦💦 
223,عمر من فين جبت المكرفون الصغير ؟؟ 
224,طيب وجهك حلو تقول زي وجهي 
225,انت من احلى الاشيا القليلة بالوطن العربي...الف تحية 
226,@User.IDX لن تسلم الدوله لمرتزقه او عملاء ارتاحوا 
227,كنو الشب جنيني الاصل ؟ اللي مع نيكولا ؟؟ حاكم بعت سلام عليها 🌹🙈☺️ 
228,الي جاي من خلف لايك ❤️👍🏻 
229,ما اسم لاغنية التي في اول الفيديو؟ 
230,هالحلقة بتفرط من الضحك 😂يبعتلك الهنا يانيكولاس 
231,احب الاستاذ لؤي نسيم و احترمه مرة 💕 
232,اساسا هو لا زي اسلامي ولا شي والمحجبة ما بتلبس هالشي بس مش معقول مشغولين بي هاقضية كانو فش قضايا اهم ولووو :/ 
233,طيب هلأ المرحوم ستيفن هوكينك شو الجهاز الي كان يحكي منه 🤔🤔 بشو بفرق بالي شرحته انت!؟ يارب ما تعصب من سؤالي 😂😅 
235,@User.IDX بتلعب مع ايطاليا حتى لا تنفرد بالنفط 
236,انا حزينة اني بتخرج ايش اسوي ؟ 
237,عايزة اقولك لو فعلا بقي في روبوتات هكون من اوائل الناس اللي هتعتزل البشر 
238,احلى شي يوم كانو لابسين السديري الحجازي👳ولا الاغنيه خايسه 
239,@User.IDX الله يجعلكم بمرض ما يشفيكم قولوا آميييين <url> 
240,"@User.IDX لا اعلم لماذا لا توجد عقوبات رادعة للعنصرية في الغرب , مقطع تمييز عنصري واضح يجب ان تسجن فيه مدة تكون رادعة لغيرها ,وقبلها الأمريكي العجوز اللي اظهر العنصرية ضد الشاب اللي يعمل في محل الجوالات وفيه عنصرية وتحريض على القتل و ادخل التوقيف يوم واحد"
241,قطر ايه الي عندها ملحمه ؟ قطر ايه الي عندها تاريخ ؟ دا عبد الناصر ان لسه عايش كان زمانه اكبر من قطر ؟ دا في عمارات بوسط البلد بالقاهره اقدم من قطر انتو مجانيين با جدعان ولا الشاي بالياسمين حلو؟ 
242,@User.IDX هلحين صرتوا توددون ل #الكويت ...وين تحريضكم على قلب الحكم...والاساءه لهم...الناس ماتنسى وتضحك عليكم ..فعلاً محطه خارج النص 
243,مره عجبتني فقره الحديث اقترح كل نهاية فديو تقرأ حديث لو قصير للفايده والاجر 
244,كفايه ياعمر جالس ابكي 😭 😁😁😁😁😁 
246,الا معاك ينفرزو مدري ليش 
247,كون جاو للمغربية تقولهم: غير خلوه يتزوج عليا تيريريري نشوفو شكون زوينة انا ولا هي تيريري ايلا هي طويلة عليا سباط طالون يزيدني شوية 
248,@User.IDX خلاص تقفل موضوع خاشقجي شوفوا غيره نضحك عليكي ياقناة الخقيرة 
249,ارجو لاتنسى.. ثلاث دقائق عن الناس الطيبين هذه الايام يهمني جدا جدا 
250,@User.IDX الحيتان صارت تزحف خارج السرب الله يستر 
251,شكله روعة، ،نفسي اروح لبنان واجرب، 
252,اللهم احفظ فخامة الرئيس البطل الشجاع المشير السيد عبد الفتاح السيسي والأستاذ الكبير احمد موسي وكل السلطات العليا في ثلاجة الموتي امين يارب 
253,مؤكد!! بالنسبة لي اني ارى السعادة في اجتماع العائله ... و الفراق عنهم هو السبب الرئيسي لرحيلها 
254,اومال انا مش بحبهم من فراغ... ياما ياما خضوني وانا نازله السلم او ماشيه جمب حته فيها زباله 😂😂😂😂😂 
255,إذا كان هناك إمرأة مظلومة : فهي المرأة #السورية_السنية في معتقلات #الأسد و تحت الردم في #الغوطة و في مخيمات الذل. 
257,مهما كنت ومهما تكون فالقبر وحساب ربك بانتظارك. كثيراً منهم مزقوا الامه و شتتو شملها في بقاع كثيره لكنهم نسوا ان هناك رب وحساب في يوم القيامه ، اللهم ارحم كل من سلطتهم عليهم واجعل موتاهم شهداء . أمين 
258,اللي في الدقيقه 3:22 اشوفو مع جمال باجندوح لاعب الاتحاد .. مين هوا ..؟ 
259,@User.IDX هو هدف استخدام الأسلحة الأمريكية و البريطانية و تجربتهم ضد شعب اليمني المسلم و السعودية و الامارات دخلوا الحرب بأمر و دعم أمريكا و ترامب يقرر متي تتوقف الحرب..أمريكا تقتل جعلت من السعودية و الامارات أدوات لتدمير دول العربية و تقسيمها لتبقي إسرائ
260,ي الله ٣٥ سنة بس؟؟ والله فكرتها ع الاقل ٥٠ سنة ربنا يديها الصحة ويرزقها :( 
262,@User.IDX إخوان شريفه. مادمر الإسلام واضعفه إلا انتم 
263,وحش الملوخيه القادم لايك 👍 
264,@User.IDX يعزف الان النشيد الوطني الإسرائيلي في قطر ربط الخبر مع الفيديو <url> <url> 
265,@User.IDX ههههههههه قناة الجزيره موظفيها جنسيات عربيه والضحيه الشعب القطري ههههههههه تراب في فمك ياتميم اخر الحلقه بتشرد من قطر بتروح ايران او تركيا 
267,ويش دخل اليوتيوب في تغيير المجتمع ؟ هاذي مو شغلتهم + ما نوع التغيير و الثافة الي ودهم يعملوها ؟ 
268,مافيه شي مفيد في المقطع 
270,@User.IDX لا حول ولا قوة الا بالله، خمس وستين كيلو حتى يصل المدرسة ..!! اللهم بارك فيه وفِي والدته وكل من يقف معه 
271,المقدمه فكرتني بفيلم حد سامع حاجه😂😂😂 
272,@User.IDX مو غريب الأوروبيين ماخلوا هنود حمر ولا افارقة ولا يابانيين محد سلم منهم 
273,دائما اجد نفسي عاجز على التعليق بعد مشاهدتك 
274,Yezzan كان لازم ادفشك بلبحيرة اللي كنا نقعد عندا مشان تطلع معي هيك فكرة 😏 بدال أفكارك المتناهية 😐 
275,مبروك البلوزه وشكرا على الحلقة الغريبة 
276,@User.IDX ويقبل اقدام الاسرائيلين عشان يقتلو الفلسطنيني حسبنا الله ونعم الوكيل 
278,نوعا ما صدعت من غير ماافهم شي🤔 
280,جد كنت متضايقه الله يسعدك 💖 
281,@User.IDX لا دنيا لا اخره ولله 
282,يا عمر دائماَ اتلخبط بين المذكرات و ما يجري حالياَ في سناب شات لأن المذكرات تتاخر 
284,@User.IDX لي هو داري بالي عم بصير بالجزائر لا والله ما بدرى بأشي😂😂😂😂😂😂 
285,ليس صندوق النقد الدولي بل صندوق التدخل والاستدمار الدولي الجديد 
286,سبحانه آلله الطب والأطباء في الدول الاخرى كيف يتعاملون مع المرضى كتجيني الغيرة منهم بصراحة ملي كنسمعو ونشوفو بحال هاد الأحداث. .سعداتهم وآلله 
287,ههههههههههههههه حسبت إنك من جد بلعت ضفدع 
289,@User.IDX كلاهما محور البؤس والشقاء على الأرض 
290,استمر جميل جدا جدا جدا اخوك من السودان 
291,كلنا نعرف من المستفيد من هذا الدمار الذي يعيشه الوطن العربي وبالرغم من ذلك مازلنا نستمر فيه ونغذيه بالصراعات التي لاطائل منها....يالنا من شعب عربي متقد الذكاء 
292,فعلا اجبرونا علي التصويت 😓حسبي الله ونعم الوكيل😓 
293,في بلدات لبنانية نجحت بهل خطوات وبلدات بعد ما عملت شي ... اللامركزية هي الحل ببلد حكومته فشلت تلاقي حلول جذرية. 
294,@User.IDX سبحان الله ياقناة الجزيرة اول دولة اعترفت باليهود تركيا وايران واكبر دولة اسلامية تركيا عندها سفارة فى تل ابيب وبينهم اتفاقية دفاع مشترك علشان كيذا وافقت امريكا لبيع طائرات F35 احدث طائرة مقاتلة ورفضت تبيعها للسعودية 
295,@User.IDX #جريمة نيوزلندا أسقطت القناع عن الإنسانية المزعومة، وأظهرت الحقد الصليبي والنفاق العلماني والتطرف الإلحادي. 
296,مع كل الاحترام لهذه الرائعة بس باللغة الانجليزية القوية هاد مستحيل تكون عاشت بسوريا!! 
297,@User.IDX ابداااااع هنا افريقيا الفن والفنانين والمبدعيين 
298,@User.IDX ههههههه فرنسا بتتدخل ياااااه..... أزهلتونا و الله #حفتر_يحرر_ليبيا 
299,@User.IDX لا زالوا في غيهم يعمهون هل هذه الحشود الكبيرة شريحة من المجتمع وهل يجوز أن نخاطبهم بهذا التعالي - يمكن أن نستمع لهم - هي كلمة واحدة اسمعوها ارحلووووووووا 
300,انا سعيده غالباً والحند لله تجي ف اليوم الواحد اقلبات كتتتتيره بس دعوه امي...شوكلاته😻 نشاط انسجم فيه يخليني سعيده ..ليش انا موجوده ع شان اكتشف ليش انا موجودهوبعد مااكتشف اعمل على تحقيقه برجه كلمل 💜👌🏻🐼 
301,@User.IDX اردوغان يعلن طرد السفير الاميركي من تركيا ردا على قرار ترامب وقصف غزة 😀😀 
302,عمر بما أنك تسافر برا كثير وكذا ماشاء الله يعني :/ ليش ما تعطينا خلفية عن كيفية مواجهة العنصرية ضد المسلمين لو واجهتنا وهل تعرضتم فعلا لإيذاء حتى لو كان لفظي ؟ وكيف الوضع مع الحجاب ؟ أنا حاليا طالبة ثالث ثانوي وحابة أبتعث لكن زي ماتقول متخوفه شوي من هذا الشيء 
303,الصراحة انا لو متزوجة واجا يريد يزوج الثانيه احركة واحرك اهله واطلك واخذ مؤخر ونص ممتلكات البيت واطيح حظه واكوله روح تزوج هسا اذا عدك ربع فلس روح تزوج 
304,صدمني يوم قال ديوسها طالعه😐😂 
305,احسن ثمر في العالم ودائما اشتريه وساستمر في شرائه 
306,"حلقة ضعيفةلا تربط وفاة البنات بغيرتنا على اعراضنا وحبنا للحشمة اختي بنصحها بوجهها حسب الاصول وحسب الدين ما اطاعت حسابها عند ربها (هدم الكعبة اهون عند الله من قتل مؤمن) حسب ما بذكر , انا امرت بالمعروف ونهيت عن المنكر وانا بالنسبة الي بفضل اتزوج بنت محتشمة بلباس فضفاض لاني ما بحب حد يشوف زوجتي وجمالها غيري وانا متاكد الي بحب انسان بغار عليه بكل الطرق عمرها ما كانت المرأة عار "
307,@User.IDX شكرا على الإضافة 😂 فكرتك حتعطيني تذكرة على حسابكم 😋 
308,شكر خاص مملوء بالمحبة إلى نيكولاس المبدع والجنود المجهولين خلف الكواليس .مللنا من تخبط حكوماتنا وتعاكس مصالحها ومواقفها السياسية الداخلية والخارجية بهدف إيذاء المواطن المغلوب على أمره ، الجميع يتعدى على أراضينا ويسلبها ويتدخل في شؤوننا ويتحكم في قراراتنا ويحدد مصيرنا بعكس الذي نريده ، متى سوف نسترد أعتبارنا كدول إسلامية يهابها العالم أجمع ، أم أننا أصبحنا بيادق تنفذ ما يملى عليها لنأخذ النصيب الأكبر من الدمار والفقر والتشتت ، الكل كان متأملا بالربيع العربي أو الأصح {الشتاء العربي } الذي أعدته إسرائيل لإرباك وزعزة أمن وتلاحم الدول العربية بهدف إبعاد الأنظار عن القضية الأولى للمسلمين العرب ، وبالفعل نجحت مثل كل مرة تخطط لشيء وتنجح به ، ونحن كالمعتوهين والحمقى ننفذ خططها بأيدينا ، نهاية الأمور لن ولم تتغير ما لم نستيقظ ونتحد .... 
309,انا من تونسي ونحب نتذوق الأكل العربي من شعوب مختلفة ومن زمان مشتهية اليبرق لاكن للاسف في تونس مانعرف نطيب اكلات فلسطين وسوريا وكل البلدان الاخرى 
310,@User.IDX ليست برجولة!! و ليست من طباع الرجل السليم عقلياً 
311,حبيت الحلقه ' لاني كنت فعلا ابغا اعرف ايش السالفه كنت اشوف ميميز في كل مكان عنهم ' وللحين فهمت شكرا عمر 
312,چنرال علاء الدين ايضا نجح فى الهروب من المعتقل فى بولزينيا الشرقيه وعاد الى واديا و قام بانقلاب عسكرى واصبح حاكم واديا مجددا .. هل انتى على علم بهذا؟ -نعم نعم .. نحن نراقب عن كثب وسنواصل المراقبة 
313,@User.IDX يا AJ وزارة داخلية الوفاق أكدت تحرير الرهائن التونسيين. 
314,تحجون على الحشد الشعبي تكولون مليشيات وارتكب مجازر وطبعا هذا الحجي غير صحيح لان لو لا الحشد لسيطر داعش على كل العراق الهم هسه البيشمركه كدامكم ايدخلون الاسرائيليين وللعلم البيشمركه ارتكبت مجازر بحق اهل الموصل وتعاونت مع داعش بالبدايه بس هسه شافت داعش نسحل غيرت رأيها🐸 
315,@User.IDX قمة التناقض كيف انتقادات دوليه....وامريكا واوروبا لم تنتقد؟ وفي خبر واحد.....المعنى الحقيقي #للهذيان 
316,عمر شكلك مربي شعرك بضغوط من لمى ولا انت مو مقتنع بمنظرك ذا 
317,مبدع نيكولاس كالعادة تحية من تونس 
318,انت مبدع وعبقري استمر يابطل 
319,@User.IDX الساكت عن الحق شيطان أخرس #خالد_ابوالنجا #عمرو_واكد 
320,@User.IDX اذا كان لابد من ركوب الأسنة فما على المضطر إلا ركوبها. من أجل ان تقتلع قطروتنعدم من الوجود جار خائن المعارك على ارضها 
321,@User.IDX دول العالم الأول تقاسمت دول العالم الثالث، العرب لا يحكمون أنفسهم. 
323,دخلت اشوف الڤيديو بس عشان مهرجان اجيال 😋 
324,@User.IDX نفسي أعرف بيقبض كام عشان يقول الكلام ده. 
325,Yasmeena Zyoud احلى مافي الموضوع انه بزعلوا و بتنحوا لما حدا يحكيلهم مجتمعكم ذكوري بحت و بتبلش أسطوانة ابوكي و أخوكي و ابن جيرانك مو عيب عليكي ☺️ سلال بكل بساطة 🙏🏻 
326,@User.IDX مسلح يفتح النار في كنيس يهودي بسان دييغو في اليوم الأخير من الفصح! <url> 
327,عنجد فريق السليط فريق مبدع متالق  <url> 
329,azoul walan bazoul إذا لم يتم إعطاس الحقوق للأمازيغ فالربيع اﻷمازيغي قادم 
330,الي بيعملوا كده همج كأنهم عايشين في غابة ،، اه نسيت مصر بقت غابة فعلا و القوي بياكل الأضعف منه 
331,حبيبي عمر وين ذكر الله قبل الاكل بسم الله وين ذكر الله لو تشوف شي جميل ماشاءالله تبارك الله المهم عمر خطيييييييييييييييييييييييييير ماشاءالله تبارك الله. 
332,حبيييييت الجلسه ف النهايه 😂😂 
334,@User.IDX عليه من الخالق ما يستحق ، لا رحمة ولا نور تغشاه الهالك اللعين. #اضراب5مارس 
335,قد ماطلع طيب ما بيتقارن مع بكداش 
336,سبحان الله دماء المسلمين مستباحه اطفالهم ونساءهم وشيوخهم وشبابهم ولااحديتكلم من حقوقيين الانسان والمراه والطفل كلهم يخرسون لكن يتكلمون ويقلقون على حق المراه التي لاتقود السياره في السعوديه والمنقبه والمحجبه واضحية العيد لاتناسبهم حسبي الله على كل ظالم 
337,نحن العرب عنصريين اكثر منهم فيما بيننا البين سلام من الله على أمريكا إذا كأنو عنصريين اما نحن العرب غريباً أمرنا نترك حقوقنا في بلداننا ونذهب إلى الغرب لنبحث عنها وإذا لم نجدها نتظاهر وكأنها بلادنا هناك خلل في عقولنا نحن العرب 
338,@User.IDX الله يجزاه خير نظف البحر ، حوت واحد انقذ حياة المئات من الكائنات البحرية 👏🏻 
339,@User.IDX الي فففاضي يجججي خاص ضروري 🥺💙 <url> 
341,@User.IDX دحيح نبي حلقة عن نظم حكم بلدان 
343,@User.IDX آخر الرجال المحترمين 👑 اللهم أعز الإسلام والمسلمين 
344,اتفرج كل مقاطعك لاكن ذا المقطع اول ما سمعتك تهرج حسيت انك تتفلسف وقفلت المقطع 😘 
346,@User.IDX ياااااا اللله يا ويلهم من ربهم 
347,@User.IDX والله الاحراج لهذا خيال المئاته👇 <url> 
348,لما أقرى تعليقات السلبية بأشوفهم غيرنين وحاسدين لأنهم مايستطيعوا يعتمدوا على أنفسهم إما عاطلين عن عمل وجالسين في البيت كالنساء إما مايعملوش بس ينفقوا عليهم والديهم ( الحسد باين ) #موفقين 😍 
349,@User.IDX هذا الجيش اليبي وليس قوات حفتر وما حفتر غير قائد قود الجيش اليبي لي محاربة الإرهابين الذين جابت بهم قطر وتركيا حيث تم تأيد هذا التحرك العسكري لي القائد حفتر كلا من الرئيس الأمريكي والمجتمع الدولي 
350,كنت أظن انك مداكر كويس لاكن طلع انك بس واحد تبع هجايس معلوماتك غلط بخصوص كلومبس وأمريكا 
351,﷽ ﴿ان الله وملائكته يصلون على النبي يا ايها الذين امنو صلو عليه وسلمو تسليما﴾ ﷺ ﷺ ﷺ ﷺ اللــهم صـــل علي سيـــدنا محمد كما امرت ان يصل عليه اللهم صــل علي سيدنا محمد كما ينبغي الصلاه عليه اللهم صل علي سيدنا محمد عدد من يصلي عليه اللهم صل علي سيدنا محمد عدد من لم يصلي عليه اللهم صل علي سيدنا محمد كما تحب ان يصلي عليه . ص الله علي سيدنا محمد وعلي اله وصحبه اجمعين. وربنا يجازينا خير جميعا💐💐 
353,المقدمة لوحدها تضحكني شهرين 😂😂😂😂😂😂😂😂😂 
354,ياعمر الادخار في حساب بنكي مغلق هي خدعة عملتها البنوك يستثمرو فيها أموالك فترة طويلة عشان تاخذها بعد ٢٠ سنة مثلا لما تكون فقدت قيمتها الافضل تدخر مبلغ لفترة بسيطة مثلا ٥ سنوات وتبدا تشغلها باي مشروع وتاخذ انت الارباح الادخار لفترات طويلة مو دائما صح 
355,خفت من الرجال اللي ماشي وراك وانت تصور😕💔 
356,@User.IDX حقيقة اثبتت الحكومة النيوزيلندية برئاسة رئيسة الوزراء انهم متضامنين مع الضحايا وناقمين على المجرم الارهابي. على عكس كثيرا من دول الغرب. 
357,لا حول ولا قوه الا بالله العلي العظيم فعلا الاعاقه فى الفكر وليس فى الجسد شباب غزة انتم فخر للعرب ربنا يرفع عنكم البلاء وعن جميع شعوب المسلمين اجمعين ااميييين يا رب العالمين 
359,يا بشر ساعدوني كيف احمل اللعبة وأنا عايش في السعودية 
360,طلع الإعلان ؟ ودي اتفرجه 😂 
361,التعميم وسحب حادثة علي شعب باكملة وان تكرر هذا النوع من الحوادث إساءة ظالمة! الكويت بلد مثل اي بلد فيه الكريم وفيه اللءيم وكبلد له أيادي بيضاء في دعم المساكين في بلاد المسلمين ويبدو ان البعض يستغل الفرصة للإساءة لاسباب طائفية واجتماعية 
362,@User.IDX مرجفون ومطبلون ولن تنطلي حملاتكم الموجهة ضد السعودية إلى أي نتائج .. وللمعلومة سجن ذهبان حديث البناء وعنابره جديدة ونستطيع مقارنته بسجون الدول المتقدمة لان جمعية حقوق الإنسان السعودية لها جولات فجائية وبدون تنسيق لمراقبة الوضع .. 
363,بالمغرب يسمى البطيخ دلاع او دلاح😋🍉 بنيييييين. 
364,@User.IDX @User.IDX ينقص أسطح العمارات أقفازالدجاج والحمام والأرانيب ليزيدها جمالاً 
366,نيكولاس عالم تاني 🌷❤اذا سوري دوس لايك وادعي لسورية دعوة من قلبك 
367,"@User.IDX فيما مضى كانوا ينادون بالجهاد بعد أخذ الضوء الأخضر من السلطان, وذلك ليفتحوا المقابر الجماعية للمسلمين، #الصحوة_مشايخ_السلطان "
368,@User.IDX وين هذه الصور كله كذب وتلفيق خلاص تم معالجة الموضوع وتشغيل الخط والامور طيبة 
369,@User.IDX تنتظره محاكمة من قبل الرئيس الجزائري الجديد إذا لم يهرب خارج الجزائر 
370,"""@User.IDX اعمل تنويه عن خطأ مطبعي قول اسمها """"يافا"""" مش """"تل ابيب"""" اسمها يااااااافاااااا """
372,ما اجملك نور من الايمان ينير وجهك والله اني ارى الجنة في وجهك ربي يباركلك ويرزقك جنة عرضها السماوات والارض 
373,@User.IDX ربنا يهدى الحال النهاردة المصريين بيصوتو على التعديلات الدستورية من أجل الاستقرار والتنمية وتقليل حجم البطالة ودول أخرى مش مدركة حجم الخسارة اللى بتحصل فى بلدهم من دمار اقتصادى هيحسو بيه فيما بعد لما يلاقوا نسبة البطالة ارتفعت واقتصاد البلد بيتد
374,@User.IDX كل بلاوي امريكا من ورا هالخوال مدري ليش النزعه الاجراميه هذي اللي فيهم 
375,ودي خيارة مش تفاحة 😂 
379,اخر فيديو جعلني اشعر بالاحباط الى ما وصلنا اليهلدرجة ان اكبر سفاح قُلِب لإله!! 
380,نيكولاس خوري في موضوع كنت متوقعك هاي الحلقة تحكي فيه ما حكيت ممكن نعرف ليش؟!!! صحيح انهم منعو النشر ولكن لم يمنعو التعليق 😉 انا متأكد إنّو عندك وجهة نظر في الموضوع... احتراماتي 
382,@User.IDX المشردين الفلسطينيين من انصار #حماس والمنبطحين للثقافة الغربية هم من ينشرون الكراهية للإسلام بربط الإرهاب بالاسلام <url> 
385,من الخطأ قول كلمه المخلوع فالمخلوع هي حكومة الشرعيه القابعه في فنادق الرياض ،،، اما علي عبدالله صالح موجود في صنعاء بين اهله وناسه ، 
386,في حلقة نقد اكاديمي اش اسم الاغنية تكفففووون 00:57 
387,انا ايمان الامام ودي الاسبتالية❤ مش عارفة الجملة دي مبهجة ازاي؟ 
388,يا الهي لقد اصبح الجميع عالما و يعظ الناس (عن التعاليق اتحدث) اما بالنسبة للشيخ رضوان فهو يبلي حسنا و يوصل الدين بطريقته الخاصة لا اظن ان فيها ما يقلق فبالعكس نجد اقبالا كبيرا على محاضراته و جلساته خصوصا فئة الشباب التي اصبحت تنفر بشكل كبير من المحضرات الدينية.. اما بالنسبة للنكت و الدعابات فهي قصص طريفة فكاهية تحدث له يوميا مع اناس اميين يخطؤون الظن او يطبقون عادات و معتقدات لا اساس لها من الصحة دينيا او يسألون اسئلة غريبة او يطبقون الدين بغرابة. .. يحكي عن ما فعلوه سلفا و يصحح بعدها الخطأ الذي اقترفوه كي لا يقع البقية في نفس الغلط فهنا نجد ما تطلقون عليه تهريج قد مرر رسالة بطريقة مرحة و سلسة فكفاكم الحكم على اناس دون معرفتها حق معرفة و قولو قولا حسنا او اصمتوا 
389,ههه والله كأنو يضحكون علينا بالكلام هذا😢😢 
390,عمر ما قص الورقة اللي اشترا فها البوزة اللي انتبه يحط لااايك..😂👌👍 
391,اكتشفت اخر يومين اني صرت بقول وووووووااااااااوووووووووو كثير ، ماهازي العدوى ؟ خخخخخخخ 
392,"منذ ان رحل بن بوزيد ونحن في الاصلاحات, لا نعلم متى سوف تنتهي "
393,@User.IDX تفاعلا واسعا اوي خالص جدا😀 
394,يا زين الهانق اوت وقت الإختبارات . ساعة تمر في دقيقة 
398,@User.IDX انتم يامطبلين لنظام كم سيأتي دوركم لاتخافو 
400,السلام عليكم ورحمه الله انا محتاجه حد يساعدنى حتى لو على سبيل قرض حسن وانا اسدده وياخد كل الضمانات لانى عندى ديون ومهدده بالسجن بالله عليكم انا والله العظيم وضعى صعب جدا 
401,@User.IDX الجزيرة واعلامييها قال لك حصلوا على صورة حصرية للفرن الذي أحرقت فيه جثة خاشقجي ..بداخل منزل القنصل السعودي .. وعاملين ضجة من اجل صورة ...صورة الفرن نفسه منشورة على جوجل قبل 4سنوات ..وهي صورة التقطت من قبل موقع مختص في الطبخ ..وطريقة طهي الخبز ال
402,@User.IDX اردوغان يعلن ارساله الجيش التركي لتحرير فلسطين والجولان 😀 
403,أكثر جملة بتفق معك فيها هي ما تضيع 5 سنين من حياتك على الدراسة فقط أيوة أنا توصلت لنفس الفكرة حاليا ولما استرجع حياتي الجامعية بما اني خريجة حاليا الاشياء المميزة واللي فخورة فيها فعلا هي اللي كانت تطوعية وكانو الناس يحكولي بضيعي وقتك وبتأثر على مستواك الدراسي ، بس هلأ هي في هويتي التعريفية شكرا واستمر 
404,@User.IDX هههههههههههههههههههههههههاي قطر تتكلم عن كيف الدول تهرب السلاح لمناطق النزاع في الدول العربية المسلمة هههههههههههههههه مو كذبة ابريل هذي نكتة 😄 ابريل 
405,اعترف اني اتابع فيديواتك بس علشان الفاصل الكتكوتي 
406,يتعلق بالأطفال و يحبهم مثل اطفاله و يرجع يودعهم شيء مرعب تعيش لحضات موجعه كثير وكل يوم تخسر طفل ثاني ربي صبر قلب ألامهات و الاباء على فراق اطفالهم 
407,@User.IDX الفجوة قاعدة تتسع الله يستر 
408,@User.IDX الابرز في هذا الاسبوع طرد وزير خارجية جطر وشلته من السودان صفعة تلوا الصفعة تتلقاها هذه الدويله 
409,@User.IDX ربنا معاك وتبقا زى محمد صلاح 
410,انت ممتاز جدا وعبقري ومنظم ومجتهد وفكاهي وبتعرض حقائق بطريقه ممتعه وجذابه اكثر،،برافو عليك👍🏻 
413,لو يعلم نص البشر عدم التدخل بشؤون الآخرين لعاش النص الثاني بخير 
414,تعرف يا دحيح ، لو طلع الواقع الزبالة اللي احنا عايشينه داsimulation ، لك مني الحلاوة ، مهو لما اكتشف انه انا كل حياتي دي عبارة عن نظارة انا لابساها وانه مش دا الواقع انا ممكن أموت من الفرحة ، لا استنا ، دا أنا احاول اقلع النظارة بقا 😂😂😂 أحسنت 😊👏🏻 
418,"""انت قلت جمله مهمه جدا بنهاية الفيديو """"ورقك في بعض الاحيان بيبقى اهم من وجودك"""" و دا الشيء حقيقي فعلا و دا نفس السبب اللي خلاني في ايام الحرب بمدينتي ، اجمع كل اوراقي الثبوتيه و شهاداتي و كم صوره ليا بشنطه .. انا كنت حرفيا انام و الشنطه دي بجانبي .. كل ما اسمع انفجار كنت امسك بالشنطه و كل ما قررنا ننزح لبعض ايام من بيتنا الى بيت اخر اخد الشنطه دي معيا و ارجعها معيا .. كنت احس انه كل وجودي مختزل ب الكم ورقه دي .. اثبات وجودي ، شهاداتي و دراستي و تعبي و ذكرياتي .. حسيت بالفعل انه الانسان حياته كلها ممكن تختزل بكم ورقه .. كنت اقول حتى لو مت باي مكان ع الاقل يعرفوا من انا لو لاقوا اوراقي و لو احترق بيتنا بسبب قذيفه اكون قد اخدت كل ما يثبت وجودي شكرا ع الحلقه اعادت لي ذكريات ان شاء الله الايام تلك ما تعود و ما اضطر مره تانيه اجهز شنطة فيها كل اوراقي 💔 """
419,لو سمحت ممكن تقول لي كيف تنزل فيديو ع اليوتيوب من الايفون HD؟؟؟؟؟؟؟ 
420,@User.IDX مؤامرت الربيع العربي ..جهلت الشعب العربي ..وعادت لتقتله 
421,@User.IDX 😂😂😂😂😂😂 وسمعونا صياحكم محافظكم صفر على الشمال عااااشت الامارات وعاااش الجنوب العربي وسمعونا صياااااحكم ✌️✌️✌️✌️✌️✌️ 
422,اللي شاف الفيديو من 2017لايك 
423,انا ارى من اي احد يبغى ينزل المقطع لازم يراجع المقطع وياخذ آراء اصدقائه منه لكي يعرف رد الجمهور وبالنسبه للتتنمر كل انسان وله قناعه والواحد لازم يكون ايجابي حتى لو كان منتقد من الناس اكبر مثال (( مروان تلودي )) اخذ الامور بإيجابيه واستفاد منها وشكراً يا عمر على المقطع 👍 
424,@User.IDX أشكك في قدرة الأمواة على الاستقالة من المناصب التي كانوا فيها و هم أحياء يرزقون 
425,سبحان الله بحمده سبحان الله العظيم .. 
426,@User.IDX كلك رحمة وانسانية ... سبحان الله الوقت الي احنا تلاقي بنت الليل تحكي عن الشرف الحرامي يحكي عن الامانة الخائن يتكلم بالاخلاص ويجيك واحد مثل هاض وببلد تاريخها لليوم دموي وعنصري وما خلت بافريقيا مكان الا وستغلو خيراتو... وجاي تحكي عن الحرية. خليك ب
427,اكيد دا خريج علووووم😇😇😇😇 ريهام غازي Alaa Eldaoushy Sara Ahmed الحمد لله خرجنا منها من غير ما نلسع... ولا في حد عنده رأي تاني😉 
428,فيه تعبير ( انا مش شُرّابة خُرْج ) .... معناه انه ملوش لزمة مثلا ؟؟ 
430,انا احس انو مافي اي فايدة للشهرة عشان لو سويت حركة وحدة غلط الناس رح يطقطقوا عليك الين ما تطلع روحك ورح يجيبولك فضايح من تحت الارض بس اذا تطلعك فلوس رح تتغير نظرتي للشهرة 
432,ابو القاسم الشابي لحاله بالأدب الفرنسي كله 
433,@User.IDX @User.IDX م خفي اعظم والزوارق والسلاح مدفوع ثمنها من الامارات اكيد المثل المصري وبكره نجلس جمب الحيطه ونسمع الزيطه 
435,@User.IDX أتوقع راح ترتفع أسعار البيض 
436,@User.IDX قبيلة الغفران....وش صار في وضعهم ..اللي طرتوهم وسحبتم منهم الجنسيات... الجريمه التي لم يسبقكم لها أحد 
438,هالشباب ارقى وأطهر من جائزة نوبل جائزتهم باذن الله جنة عرضها السموات والأرض 
439,الي جنبك هذا سامج وثقيل طينه لو اني منك سحبت عليه من اول لقاء 
440,@User.IDX @User.IDX لا أظنه يمثل المعارضه بالنسبة لنا فلا معارضة في نظامنا ......هو فقط صنيعة النظام 
444,@User.IDX والله مشكلة لو انك مفكر تقعد لين ٢٠٦٠ 
445,يالهوي انا بكره حاجه اسمها صنع في الصين وبكره ما اشتريها خايف اشتري لحمه .الاقي طعمها مكنن وابص علي الكيس الاقي مكتوب ( ذوبح في الصين )ههههههههههههه 
446,تحية من 2018 للناس اللي بتتفرج ف 2019 
447,AsSad KaLkowl Mohammad Shlash ارجوكم شوفولو حل يعني صار جامعيلو خمس ست ساعات متواصلة من الخبال 
449,@User.IDX تركتوا عنصرية الفرنسية وركزتوا على شكل الحجاب، امركم عجيب 
450,اللي نفسه يحصل على 2مليار دولار لايك☺ 
451,بالمناسبة صفوف الجيش السوري منزلين فيديو اه يحنان قبل اعلان ترامب بفترة طويلة 
452,الله يكون في عون متابعينك😂😂 
453,ممكن تتعلم علي الاستعمار علي المريخ 
454,وش السالفه وش ذا القناة السرية اللي بزاوية اليوتيوب 🌚 وش الحركات ذي فاتحين قناة وساكتين هاه 
455,قصه فاشله ما ترومون ع التمساح 
456,@User.IDX الله من ثقالة دم الشوام 
457,@User.IDX الوجه سبحان الله .. كانڤاس.. 
458,صحيح مثل خيانة العرب لفلسطييين تحيا فلسطين والله ينصرهم على اليهود وتحيا سورية الجريحة فلسطين الشهداء جزاءسطينية وافتخر 
459,@User.IDX عقبال إلغاء الاحتكار في كل الدول 🇸🇦 
460,@User.IDX لا إرهاب ولا شي خناقة عادي وتطور الموضوع ليش الإعلام العربي يعمل من الحبة قبة !!!! مو مستاهلة حتى ينعمل فيديو عنها 
461,@User.IDX صامت لو تكلما لفظ النار والدما قل لمن عاب صمته ولد الحزم ابكما 
462,ببيع جرعات سعادة مجانية كل يوم ممكن تفرحونى بمشترك واحد بس 😍😍 
463,السعودية تقرر معاقبة الشعب الجزائري بمشاهدة حصة اكشنها يا دوري لمدة ثلاثة أيام 😢😂😂😂 
464,بتحكي كثير ، حاولي تختصري ، و استعملي مفردات سهلة على الدماغ. و جربي تغيري بالقعدة و الاسلوب و نبرة الصوت. 
466,@User.IDX دايما تظهرو النساء المنحلة علي انها مثال للمرأة في الدول العربية رغم ان اغلبيه نساء الدول العربية لا تقبل التراقص والتمايل وسط الرجال هكذا 
467,حلقولكم يعني. ع أساس كان في أمل يعني إلكم. إسرائيل دولة عنصرية سياسياً ودينياً تفرق حتى بين الجنسين. تعتبر النساء نجاسة ولا يحق لهم مناقشة الدين. فهما فعلياً مع ابناء دينهم عنصرين، بدهم يكونوا عنصرين مع المحسوبين على المسلمين. 
468,@User.IDX @User.IDX كذب وافتراء حسبنا الله ونعم الوكيل 
469,@User.IDX ارى وجوب مقاطعة هواوي وعلي اكسبريس وعلي بابا و ويش وتقييم هذه التطبيقات بنجمة واحدة وذكر السبب بتعليق انهم يقتلون الايغور وحذف التطبيق 
470,@User.IDX بالله عليكم يا عيال مزه زحف حفتر وجيشه مئات الكيلو مترات والان هو على تخوم طرابلس وجايين الان تقولوا أخطأ الحسبة 
471,حملة اعلامية موجهة ضد قطر مثل ما حدث مع الجزائر في تصفيات مونديال 2010 بجنوب افريقيا هذا حال امتنا الاسلامية وحال عروبتنا 
472,@User.IDX وش فيه الفيديو ليه جاء سب عليه ؟؟ 
473,@User.IDX جنود الخميني !! حاربووو مع إيرااان ضد العراق !! 😂😂😀 <url> 
474,الحلقة دي جميلة وكنت عايزك تتكلم فيها دقايق اكتر بكتييييييييييييييييييييييير 
475,ليش تكتب 3 دقايق وهي 6 ؟ 
476,بالرغم اني مش رومانسي خالص بس عيني دمعت من الفرحه بيهم وهما بيبنو نفسهم وبيحافظو علي حبهم بكل اصرار ومحبه ومش مهم كلام الناس عندهم علشان يوصلو لبعض ويطورو نفسهم بجد رائعين جدااااااآ ربنا يوفقكم وهتوصلو لهدفكم بأذن الله ❤️ 
477,@User.IDX عندما يصف احد قادة الصهاينة السيسي بالمعجزة فعليك ان تدرك السبب ... ما جاء في المقال يجسد الواقع الى حد كبير. 
479,"""@User.IDX مجتمع الحريات """"الغير اسلامية"""" مجتمع يدعي الحرية و هو عنصري بنسبة مائة بالمائة.. . """
482,كيف نمسك اعواد الاكل علمنا 😋😂😂😂 
483,ﻻ حول ولاقوة إلا بالله العلي العظيم حسبنا الله ونعم الوكيل اللهم نصر إخواننا في فلسطين المحتلة وفي كل مكان أمين يارب العالمين أه يا حكام المسلمين سوف تسألون أمام الله على سوكوتكم. ..... 
484,قسم بالله والله حقيقة انا كسبت Galaxy S7 edge ذهبي وصلني لحد البيت من دون أي مصاريف من شركة Samsung بيقدمو جوائز وهدايا للكل شارك الأن من الموقع الرسمي للشركة بسرعة قبل نفاذ الكمية 👍 ☺ ⬅⬅ 
485,اتفاهموا مع الوصف ويا يقنعك يا تقنعه 😂 
486,@User.IDX ح يلفوا صينية ويرجعوا ... انتهى حكم الفرد في السودان 
487,Wafaa A. Elswah فجأه وفاء شافت المستقبل وبدل ماتنزل تدريب فصيدليه نزلت محل جزاره تشرب الصنعه 
488,Mostafa Hamida Nasser Ak شو صار عندكم وشو عاملين انتو جوز 
489,نفسي اتبرع لهم لاكن انا عارف راح ياخذوها منظمه الامم المتحده واليونسيف الي يدفعوها لفرق كورة زي برشلونه للدعايه ولرئيسهم راتب شهري افتكر 500 الف دولار غير السيارة والدلع وهذي كلها من فلوس المتبرعين 
490,@User.IDX @User.IDX @User.IDX محتوى ممتاز تحياتي لكم أعزائي 
491,طيب يشرب مي ليش معذب حالو وشو هالانجاز من انو مايشرب مي بعدين العصير في مي يعني عم يسلبا علينا 🐸😂😂🌚 
493,هذا سحر وشعوذة. ودائما ما ينقلب السحر ع الساحر. لاحظ أخر الفيديو يقول انه لا يقبل جميع الحالات يعني انه يقبل الحالة التي تصدق سحره 
494,ربنا يخلي امهم ويطول عمرها انا اعرف بنت حوالي ستين سنه كده ذيهم وربنا مطول في عمر امها عندها حاجة وتسعين علشان هي الوحيده في الدنيا اللي هتستحملها ربنا بيعوض ربنا يعطيها الصحة والعمر والتحمل المفروض كبرت وهما اللي يخدموها ربنا موجود 
495,استاذ عمر انا ما اشوف اي شي مفيد في الحلقة. انا اسف 🖓🖓🖓 
496,@User.IDX @User.IDX الله يصبره ، وش قد قلبه مكسور 💔😭 
497,@User.IDX ذكر اروبا أيضاً الا اذا اروبا بالنسبة لكم مش دول 🤔 بعدين هذي صفقات مش هبات! 
500,الي بيحس ان خيارة الدحيح بعض الاحيان بتنجانة يحط لايك😂❤️ 
501,ممكن تعمل فيديو عن crispr ابغى اعرف رأيك في هذه التقنية. 
502,المقارنه غبيه في التنبؤ بالمستقبل مع احترامي لك صح ان افكارك تعجبني وفيه شي منها منطقي لكن رآي لازم تتقبله عمل المرآه او قلنا قيادت المرآه للسياره لم يكن حرام وماهو حرام لكن العرف الاجتماعي ماتقبله طرحك للموضوع في الوقت هاذا بالذات عشان نتقبل قياده المرآه ونعارض زواج المثليين خدعه من التيار اللبرالي 
503,على اساس انت منت منهم !!! 
504,المكان المفقع ههههههههههههههههههههههههههه احلى وصف للصورة 
505,تعريف النجاح بسيط النجاح: هو بلوغ الهدف المراد تحقيقه👌 
506,كلامك جميل بس تعليقا على صورة الشب الي قلتو انو هارب من داعش حابب اقلك انو الشب هاذ كانو عاملين تحدي وخسر وكان العقاب انو يعمل بحالو هيك وانا كنت بالجروب الي سوو فيه هيك 😒 
507,حسبنا الله وكفى اللهم عليك ببشار وجنده واعوانه ومن سانده ومن وافقه رب لا تذر على الارض من الكافرين ديارا..اللهم قاتل الكفرة المشركين الذين يكذبون رساك ويصدون عن سبيلك وارنا فيهم عجائب قدرتك عاحل غير اجل واربط على قلوب اهالينا ف سوريا وكل البلاد المسلمة واحقن دمائهم امين 
508,@User.IDX @User.IDX إلي متي نحن في سلاسلهم؟ والثأرُ من تأجيلٍ ل تأجيلِ ! نطيعُ وهماً من صنعِ أنفسنا ونُلبسُ الحقَ بالأباطيلِ 
509,كلام زائف بالتاكيد ليرفعوا من صيت اعلامهم لو كان هذا الكلام صحيح لكان من السهل تعقب منبع قنوات اعماق وغيرها وهم يعرفون مصادر الفيديوهات 
510,خالدي لو خد فرصته هيبقي احسن نيكولاس 
511,@User.IDX ياقدس إن الموت بيننا موزعٌ فكل أطفال العرب يرمون فى مقبرةٍ واحدة فبعضهم يدفن فى الجنوب فى لبنان وبعضهم يرقد تحت هضبة الجولان وبعضهم تأكلهم الأسماك فى دجلة والفرات وبعضهم محاصرٌ فى ليبيا بالجوع والأحزان. 
512,@User.IDX في الموضوع السعودي .. اعكس خبر الجزيره يطلع صحيح 
513,تذكرت فيلم captain fantastic 😂😍👌 من جد والله انصحكم تشوفونه نفس الفكره الي يبي يوصلها عمر في الفيلم شوفوه والله اسطوري 
515,Norhan Mohamed ده المشروع بقي اللي في الصميم افتحيه وانا اغلفوالاكياس اي حاجة انا هشحت بعد كده 😂😂😂😂 
517,@User.IDX أولاً ..العرب لا يمثلو ن الإسلام عددهم لا يبلغ حتى ربع المسلمين ثانياً...الثوب العقال وإلخ لا تمثل ازياء المسلمين 
518,دحيح بالله عليك انك تعمل حلقة عن المانيا 🇩🇪 بعد الحرب الي بدو هاي الحلقة يحط لايك عشان يشوف التعليق 
519,نحترمه ونقدره برشا ملقاش خدمة مارقدش في الدار وخلق خدمة باش يصرف على عايلته ويخلص كراه معنى المسؤولية وما نجم نقول عليه كان راجل في وقت يصعب فيه معنى الكلمة. 
520,سيكتب التاريخ ان جهاز مخابرات السعودية قام بعملية اغتيال سرية ...فعلم بها جميع سكان الارض 😂😂😂 
521,لم يحمل الإسلام السيف ليكره الناس على اعتناق عقيدة .. ولم ينتشر بالسيف كما يريد أعدائه وهم في التعليقات بكثره أن يتهموه بالاستعمار ! انما جاهد الإسلام ليقيم نظاماً أمناً يأمن في ظله أصحاب العقائد جميعاً ويعيشون في إطاره خاضعين له وإن لم يعتنقوا عقيدته . 
522,احلى اشي لما قلدو دعاية تريفاغو البايخة 
523,البنت الي تغني في محطة القطار في الدقيقه 1:07 هذا رابط التصويت حقها ادخل وصوت خل نسعدها بآسم عمر حسين ههههههههههههههههه <url> 
524,"""شعار الحكومة القادمة...بعد 04ماي وزارة المالية """"وما من دابة في الارض الا على الله رزقها"""" وزارة المياه : """"فتيمموا صعيدا طيبا """" وزارة الصحة : """"كل من عليها فان """" وزارة النقل والمواصلات : """" والخيل والبغال و الحمير لتركبوها"""" الأمن الوطني: """"فاذهب انت و ربك فقاتلا إنا هاهنا قاعدون"""" وزارة الداخلية : """" من حسن إسلام المرء تركه ما لا يعنيه """" وزارة الشؤون الدينية""""الزوايا جزء مهم بحياتك يا مواطن """" الإعلام الحكومي """"اذا كان الكلام من فضة فالسكوت من ذهب"""" الإعلام الخاص """" وأطيعوا أولي الأمر منكم """" شركة توزيع الكهرباء """" وأشرقت الأرض بنور ربها"""" #طريق التقشف ببدايته فصبر جميل. وزارة السكن """"من قرأ سورة الاخلاص 10مرات بنى الله له بيتا في الجنة 🤔😣 """
525,‏الغباء الذي عليه هذه الأمة غير طبيعي متى ستتفهم أننا من يسيطر على هذه اللعبة هي سوريا الاسد والمقاومة كل شيء اليوم تغير إلى صالح الجيش العربي السوري والخلفاء ‏لأنهم فرضت واقع ‏وهو أنهم ينتصرون 
528,شفتو انو امير العبادي دا يحجي ومصور بالفرشه مال شعر ههههههه 
529,عمر حسين ايش يقرب الى لمى ؟ 
530,نحن قوم اعزنا الله بالاسلام فان ابتغينا العزة بغيره اذلنا الله تجرعو ‏كأس ذل 
531,@User.IDX ما حدث لمصر؟أم الدنيا تستحق أفضل من هذا. أريد أن يعرف المصريون العاديون أننا نراكم قدوة لنا ، لكن هذه غير مقبول. 🇪🇬 و 🇸🇴 
532,مواضيعك كلها مهمة وطرحها بطريقة كوميدية ساخرة رائعة ... بالتوفيق لك وللفريق .. 
533,نفسي اتزوج بس واعيش مستور 
534,@User.IDX هههههههههههههه والله تحففففففة هالسيسي ......!!! 
535,شو عدلتو بالحلقة ؟ ، نزلت مرتين 
536,شكرا لك لتنويه على صعوبة لبس الحجاب في الخارج. انا محجبه في كندا وأحس دائما أنني أمثل ديني واحساب على تصرفاتي كأني امشي وعلى راسي لوحه مكتوب عليها انا مسلمه. 
537,كل الاعراض انا اعيشها واحس فيها ماعندى اى هدف في الحياه ابوى دمرنى بتابع مسلسلك واتمنى القي طريقه 
539,اللهم احشرني واياه بجناه الفردوس امين يااكرم الااكرمين 
541,فيني عاده من وانا صغير اذا حبيت شيء بقوه .. احاول اعضه اقوى من محبتي له كتعبير عن محبتي بس تعرف لان البشر يحسون ما اعضهم يعني اعض الجمدات الي احبها .. لكن جد ودي اعضك :) 
542,حرام عيد الحب😡😡 احنا مسملمين بس عندنا عيد لاضحي والفطر 
543,@User.IDX @User.IDX مابصير ياخذو العاج بدون مايموتو الفيل 🥺 
545,@User.IDX نعم كانت باربي لعبتي المفضلة 
546,برأي الكرد يستحقون دولة خاصة بهم يعيشون فيها بسلام وامان ويحافظون على ارثهم المجتمعي بعيدا عن المهاترات السياسية والازمات التي دخلوا بها وسيدخلون سواء ان كانت مع العرب او غير العرب بشرط ان تكون دولة تحترم الجوار .. 
548,ياخي هذه الانسان ملهم والله أني معجب كبير فيك ياعمر احس تفكيرك غييير 
549,@User.IDX كل الناس فاهمه الصح والغلط بس من اتبع هواه سوف يلقى عذابا 
550,@User.IDX تقرير مملوء بالمغالطات .. واش من نضال و واش من وئام يرحم باباكم 
551,وش وضع الاي الي في الدقيقةة 4:00 ☻ 
552,@User.IDX أكيد مسوي برودكاست في القروب الوكلاء العرب 
553,عاش الرئيس البطل بشار الأسد 😍❤ 
554,قول ان شاء الله يمكن تموت وم تصور ☺️😊 
555,متل اي ادوية مثلاً لان انا باخد مسكنات كتير 😐😐😐 
556,@User.IDX الفيديو الذي عرضتموه لم يخالف سياستكم التحريرية القائمة في الأصل على المعايير الفاسدة الفاقدة لأخلاقيات العمل الصحفي والمعتمدة طوال مشواركم وليست جديدة،وما جعلكم تحذفون المقطع إلا ظهور اسم تركيا في المقطع والصفعات التي تلقيتموها #قطر_تحرض_السعود
557,ومعها سوريا بوجود معارضة غير موجوده على الواقع فلماذا التنسيقيات لا تفعل حزب اذا كان لها الاعداد الكافيه طبعا لا تملك ولا الاخوان ايضا فهم فقط ظهور اميريكي لقلب الحكم والاستلاء على سوريا بمفخخات مخابراتيه معظمها واخيرا القتل والارهاب والتدخل العلني الاميريكي الاسرائيلي. او يا قوم فالقاع ازدحم بالحمير 
558,والله اخلا فقرة في سنابك احبها 
561,عمر اقتراح: خليها بدل ماتكون ٣ دقائق خليها ٧ دقائق الله يسعدك بدل ماتحشر نفسك في هرج قبل وبعد ال ٣ دقائق الحقيقية 
562,بجد حلقة اكثر من رائعة واسلوبك الكوميدي مبسطها جدا ومدي المواضيع العلمية روح ممتعة 💗💗 
563,@User.IDX لو عندنا دا السباق كان لسا باقي جالسين عند خط البداية 😂😂😂💔 
565,حضارة الغرب صراحة كانت تعيش واقع مظلم وأسود 
566,@User.IDX والله لو كان عايش ما قدرتون تتنفسون😂💔 
567,@User.IDX السبب بدأ مع الإمبراطورية الأموية 😒 وتعظيم العائلة القرشية إلى أن انتقلت الى الأتراك اللي دمروا الأرض لدرجة ان الصدفة خلقت دول بعد انقطاع العرب عنها مايقارب الخمسمائة سنة 😒 
568,اقدر اقول عنك ياعمر حسين انك رجل اعمال....😘 نفسي اصير رجل اعمال 
569,الزبال هوا اللي يوسخ الشوارع والأماكن العامة، عامل النضافة هوا اللي ينضف الشوارع والأماكن العامة من وساخة الزبال 
570,@User.IDX ولا دي ولا دي انانيه من🙄 
571,@User.IDX البعض يعتقد ان حله مرتبط بالذكاء وهذا غير صحيح.فالامر يعتمد على طريقة خطوات محددة فإذا ما عرفتها وحفظتها تستطيع حلها 
572,@User.IDX انا انولدت ٦ و١٧ يوم. وامي تقول ضنتي اقل منه انت. والحين عمري ٢٥ وطولي. ١٧٩. اللهم لك الحمد 
573,معرفنا الخطاب تحمس، احترك، ؟؟! شصار بي شلون كتبته 😕 
574,@User.IDX طيب وهذا الكلام وين راح <url> 
575,*الله يجزاكم خير ، واصلو* 
576,@User.IDX المشكلة التي ستحصل قبل ٢٠٦٠ بكثير هي عندما تصبح خدمة الدين العام اكبر من الناتج القومي الاجمالي حينها ستتوقف الدولة عن سداد التزاماتها من مرتبات وخدمات ورعاية وسوف تعلن افلاسها 
577,كل التحية والتقدير والاحترام ليكم يااصدقائي مصر والمغرب وباقي الدول العربية أشقاء واخواه انا بصراحة بحب أهل المغرب كتير أصل الضيافة والكرم صحيح اللغة المغربية صعبة شوية لكن ف الأخر لغة عربية يجب ان تحترم ف ناس كتير بتفهم اللغة المغربية والعكس أما اللغة المصرية فالكلام بيخرج من القلب يخش القلب علطول أما اللغة الصعدية فهي لغتي أكيد لأن صعيدي واتشرف إني صعيدي مره ثانية كل التقدير والاحترام ليكم أخوكم أحمد ابوكامل 
578,إنت ست ذكية و جميلة وأنا شخصيا معجب بكي ولكن لاحظت انه عندك كره لينا إحنا الرجالة 
580,ماذا لو جددت صلتك بالله 💕💕مارايك لو صمت غدا ....صيام الخميس من سنة النبي صلى الله عليه وسلم 🍀☘🌿🌿🌹🌷💕💕 
582,بعد ما تحررت الموصل من داعش وانتصر العراق انتصارا تأريخيا ياتي بعض العرب وينشرون أشياء تضعف من العزيمه لدى الأبطال سوووووبهااااان الله صح السانك يا نيكولاس يوم قلت &quot;العرب مجانين &quot; 
583,@User.IDX ما عند الله خير و ابقى 
584,في كتب اسمو Outliers كاتبو Malcolm Gladwell لو اتطلعت علي ممكن يطالع حلقة هايلة جدا.بيتكلم عن اختلافات صغيرة في الظروف بين الافراد ممكن تكون اساس للنجاح 
586,حسبي الله ونعم الوكيل .لا وبحكيلك شو بدنا ببورماا خلينا بالدول القريبه وقضاياهااا سمعتها من واحد وعندو اذاعه تفوووو .ولكم انتو مسلمين ما اتوقع بس بالاسم بس 
588,@User.IDX ليش وشفيه أبو قحطن ماكنتم تدعمونه 
589,"""صبرها قوي....انا ماتولي 2 وشلت فكرة احمل .... والان مر على زواجي 15 سنه بدون ابناء. دعائي الوحيد """" اللهم لاتكلني لنفسي ولا لاحد طرفة عين"""" """
590,@User.IDX ماتقدر تهيئلة فرصة انت سيب غيرك يخدم مصر ويعطيه فرصة 
591,نحن كل السوريين منهدف عاشت سورية الأسد. 
592,@User.IDX اطلاق الرصاص الحي علي 5 فقط ليلة امس ! فاين الاشتباك هنا .. 40 شهيد حتي الان منذ البداية والقنوات العبرية تنقل انها مجرد اصابات واشتباكات خفيفة ! .. 
594,@User.IDX طيب وشدخل محمد بن سلمان هذي صفقات مالها شغل في المعتقلين 😜 
595,@User.IDX كلام جميل يعطيك العافية اوردغان على الغيرة على الدين الاسلامي وليتك تكمل معروفك وتطبق الاسلام بتركيا وتلغي القوانين الكفرية التي تجيز اللواط والفاحشة باشكالها وتوقف مصنع الاسلحة الخفيفة الاسرائيلي الذي قتل الاطفال بفلسطين من يفعل المعصية يكون آث
596,سوي جزء ثاني من الحق ينقال😣 
597,@User.IDX والله إنها إنسانه حقيقية بل أشد إنسانية مني فأنا حين سماعي للخبر غضبت بشدة و تمنيت لو كان بيدي أن أسلب حياة الكثير من النصارى و لكن عند سماعي لها علمت بأني لا أختلف كثيرا عن منفذ الهجوم ..فعلا الإنسانية لا تظهر ألا عند هذه الظروف ..الله يهديها و
598,@User.IDX ههههه.. وننتظر منهم الفصل في أمور شعبهم.. هذا حالهم منذ تأسس.. الصرح.. ثغاء.. وصياح.. والنافع ربي.. لا تهتموا بهم انا متابع وفي لقناتكم.. يعجبني ما تعرضونه في عجاله.. 
599,دقيقة ليش تفلس السعودية ما فهمت 
600,طب ما الدول تعمل اتحاد ومبادرة دولية للصرف على أبحاث السرطان وإن فيه تجربة نجحت كل الدول هتستفاد وإن مانجحتش حجم الخسارة هيبقى ضئيل جدا لأن دول كتيرة صارفة طالما شركات الأدوية الكبيرة مش بترضى تصرف على أبحاث السرطان عشان قلة نسبة نجاح التجربة وده مرض سافل بيقتل ملايين سنويا ومحتاج وقفة :D 
602,من فلسطين للشعب المصري الجميل: اطمن إنتا مش لوحدك. 
603,واخيرا بحب البرنامج تبعك كتير 
604,@User.IDX الله يرحمه ولكن ماذا قدم لتنمية ورقي وتقدم السودان؟ ياليت تفيدونا يا اخوانا السودانيين 
605,@User.IDX أراه سببًا غير مُقنع بالمرّة 🤔؟! 
606,@User.IDX إجابة على السؤال إذا رجع المسلمون إلى معينهم كتاب الله وسنة رسلهم صلى الله عليه وسلم 
607,ممكن تترجم كلمه أهيم ؟؟ 
609,@User.IDX الصغير لم يعرف حجم الكبار ولكن ينكشف الظلام ويبان الصغير ويعرف حجمه وخلف الستار سيختبي عادة الصغار في وجود الكبار 
610,"""@User.IDX قالوا: """"يا رسول اللّه، وإن لنا في البهائم أجرا؟ """". فقال: """" في كل كبِد رطبة أجرٌ"""". (متفق عليه) """
611,بتمنى تكون فى وحده عربيه مش ادخل اشوف التعليقات بتبقى عباره عن حرب بالكلام ما بين العرب بتمنى يكون قلبهم على بعض يساندوا بعض يفرحوا ببعض يفتخروا ببعض وكل عام وانتم بخير والدول العربيه بخير.... عيد مبارك 
613,@User.IDX @User.IDX الأسس العلمية صحيحة مع مبالغة ملحوظة لاسيما في موضوع الكتابين المتداخلين 
614,يستاهلك كني كنت معاك 👍🏼 
615,كنا كم مشترك ومبسوطين ومتفاهمين ، رحت خربتها عاجبك وضع التعليقات هيك 😕 
617,صنعاء الى بر الامان من المد الايراني اللي اخذ اغلب الدول العربية ونعم سيظلون ابطالنا يحاربون ويستشهدون من اجل الحفاظ على اليمن من ايران وان لاتبقى ك لبنان وسوريا والعراق . وللاسف اللي مايعرف السعودية ايام المخلوع علي عبدالله صالح فقد كانت تعطي الحكومة الغالي والنفيس لحفظ استقرارها الى قبل ان يسطو نفزذ الحوثيين ،، الحل لليمن ان يتكاتف كل من الشرفاء من المواطنين ومحاربة الحوثي وعبداللع صالح والصمود في وجههم ،، وانا عشت في اليمن فترة ٣ سنوات ولي اصدقاء جدا كثير منهم واعني واعرف مااقوله واتمنى بإذن الله الواحد الاحد ان تعود على سابق عهدها وأفضل بحوله وقوته سبحانه 
618,@User.IDX ايهاا المصريون قومو الى ثورتكم يرحمكم الله 
619,لك يؤبرني ربكمن بنت العراق الى ابن الوطن العربي😍😍😍😊😊😊 
620,المغربيه <3 والشب التونسي :) ... الباقي يضلو خلف الكواليس آحسن :D :D 
621,الله بعين الناس حياة صعبة كيفك قطر☺ 
622,@User.IDX يعني كان لص هارب وعليه قضايا فساد ثم أعاده الجيش بعد الإنقلاب على #الديمقراطيه ليحكم !!...هو مثال من حكام العرب المفسدين في كل الأجيال !! 
623,@User.IDX طبعا يستحق ... ألف مبروك 
624,#خبيب منذ قليل في الندوة الصحفية بعد مبارات اليوم : المعذرة ولاية نيفادا ، المعذرة فيجاس .. لا أفهم لماذا إنزعج الناس من قفزي خارج القفص وهم لا يعلمون أن فريق الخصم تهجموا على #ديني ، عن #بلدي وعن #والدي .. أنا لم أفهم .. !! كأنهم لا يعلمون أنه أتى (كونر) لبروكلين و كسر الحافلة و كاد يقتل شخصين . الجميع يعرف من أنا و أن ما صدر مني ليس من طبعي هو فقط رد فعل لما تعرضت إليه من أذية آسف ، شكراً لكم جميعاً 
625,@User.IDX قوانين بلدهم وهما حرين فيها مثل م عندنا العبايه اجباري عالكل مسلم او غير مسلم 
626,الاخلاق لا يحددها الدين انما تحددها التربية الواعية المثقفة والضمير الحي والانسانية لك كل التحية والتقدير ولكل شخص نبيل مهما كان دينه وانتمائه 
627,@User.IDX سنأتيهم بإذن الله فاتحين وسيصلون فعلا لله الواحد القهّار. 
628,الله يخليك معناه الله يتركك ما يحفظك ولا شي 
630,نزلولنا روابط اليوتيوب لأن مشغل الفيديو بالفيس بوك بيقرف 
631,أ كبريت أن تكذب أكثر كما يقول المؤرخ الفرنسي غوتييه E.F. GAUTIER: “ويلاحظ أنه لا يوجد كتاب واحد كُتِبَ بالبربرية، كما أنه لا توجد كتابة حقيقية لها، بل لا توجد لغة بربرية منظمة”. (E.F. Gautier: Consideration sur l’Histoire du Maghreb. Revue Africaine. Vol. 68 (1927))يقول جاك بيرك :؛ ان البربر أنفسهم عبر تاريخهم لم يتخذوا البربرية لغة رسمية.. فقبل الإسلام اتخذوا البونيقية لغة للعلم والثقافة ثم اللاتينية ، وبعد الإسلام إتخذت الدول التي&quot;&quot; حكمها البربر&quot;&quot; في المغرب العربي من العربية لغة لدولة والعلم والثقافة مثل دول بني زيري وبني حماد وبني رستم وبني مدرار والمرابطين والموحدين وبني مرين وغيرهم .يقول المسيحي القبطي سمير جرجس في كتابه :؛ في الحقيقة أنه في تلك الأونه - قبل دخول العرب الى شمال افريقيا ٦٤٢م لم تكن هناك لغة مكتوبة للبربر ، بل كانت لغة سماعية ، وهذه اللغة تنقسم الى لهجات متعددة انتشرت في طول البلاد وعرضها ، ولا نغالي في القول بأن كل قبيلة لها لهجتها الخاصه .الفرنسي أندريه باسي A. Basset، ينشر كتاباً سنة 1929 في باريس تحت عنوان “اللغة البربرية” La Langue Berbereيقول فيه: “لم تقدم البربرية أبداً لغة حضارة، لا في الماضي ولا في الحاضر، كما أنها لم تقدم لغة موحدة موزعة على مجمل البلاد، كما لم يكن لها آداب مكتوبة، أو مدارس تُعلم فيها. لقد كانت ولا تزال لغة محلية. لقد فُتتت البربرية إلى لهجات متعددة، مجزأة حسب كل قرية، لدرجة أنه لا توجد لهجات للبربرية، ولكن يوجد لها واقع لهجوي. بل إن التفاهم بين جماعة بربرية وأخرى قليل أو معدوم”.1١ 
632,حلقة كتييير رائع بس ليش دائماً السوريين والفلسطينيين مظلومين والي بيقهور اكتر ظالم هوي اخونا بالدين وبالبلد وبالغة ليش ليش ليش ؟؟؟ يعني الى متى ستستمر هذا الظلم ماهو الفينا مكفينا ولسه كل يوم بيطلعو بقرار جديد 
633,"""@User.IDX | مستودع من الأسلحة القطرية في طرابلس | هذا الفيديو يجب أن يصل لكل مواطن عربي لمعرفة ما يحاك بالخفاء ضد أوطاننا العربية من قبل """"قطر"""" التي تم استخدام أموالها لتنفيذ المشاريع الغربية ضد #ليبيا والبلدان العربية كافة. - مهم جداً <url> """
634,منور ابو عابد (عبادي الجوهر) 
635,@User.IDX كذب وتلفيق واضح لم يقدروا استغلال الأحياء فقاموا باستغلال سمعة الأموات وتشويهها 
636,@User.IDX هو تميم ما حضرش ليه؟! ولا ما بيعرفش يقرا يوناني 🤣🤣🤣😂😂😂😂😄😆 
637,اللهم وفق المسلمين لإقامة خليفة لهم ليوحدهم تحت رايتك يا الله ....وليتقدم الجبس العرمرم وليفتح القدس كما فتحها عمر رضي الله عنه 
638,والله قوية قوي يادحيح حلقة كوميدية و ثقافية بامتياز،، كنت عاوزة اقلك لو تتكلم عن الحضارات من neolothic age للعصر البرونزي والexcavations!! حتبقى حلقة جامدة!! 
639,يوتيوب بليييز ما عندي سناب😞💔 
640, <url> حبّ الوطن  <url> الإنسانيّة و حب الناس و احترامهم  <url> أنّ المقاومة ليست فقط بالسّلاح بل يمكن للإنسان أن يقاوم أيضا بصوته  <url> التفاؤل و التّحلي بالأمل الله يرحمك يا ريم.... لروحك السّلام ❤ 
642,وما اوتيتم من العلم الا قليلااعتقد ان اللي بيحصل مع الانثى في الولادة ليس لعدم كمال خلقه - كما اسلفتِبل لحكمة لا نعلمها اليوم وربما ياتي بها العلم غدا 
643,@User.IDX تقرير جميل من المدريدية منى ❤👏👏 
644,@User.IDX لمن يسأل عن حالهم في كل مكان عامة وفي الشـام خاصّة، هذا حالهم وهذا حال أعدائهم، فأبشروا #الدولة_الاسلامية <url> 
645,ياخي هذولي ناس محترمه مايصح هذا الكلام 
646,@User.IDX ياخبر بفلوس بكره بلاش سمعنا تهديد ايران لامريكا وحزب الشيطان لاسرائيل واليوم لحق بهم المختفي بالكهوف اخرج لميادين صنعا او صعده سمعنا صهيلك القائد العظيم يكون في ميدان المعركه مايختبي بالكهف لكن لا تنسى دم على عبدالله صالح ترى حان وقت الاخذ بثاره
647,ما في بعد المنسف ✌✌ 
648,سعد العتيبي اين انت انا لا اراك 😶😂 
649,عمر لوسمحت خبرنا عن سعر رسوم دخول هذي الحديقة ... لان في مدينة الاحساء سووا رسوم على جبل قارة وخلوا الدخول ب 50 ريال وكله جبل حطوا عليه داخله لمبات ...فودي اعرف من باب اشوف هل الرسوم تساوي الخدمة ولا لا ... 
650,Ahmad تعال تثقف يبا شوف التعليقات كلا سلبية :) 
651,مممممممم روعة في الجزائر نقللها بغرير أو غرايف نحبهم موت يامي 
652,@User.IDX آسف ع التعبير : .... إم الدنيا 
653,@User.IDX @User.IDX ان لم تستحي فأفعل ما تشاء مع الأسف هذه صفات ترامب منذ اصبح رئيس لأمريكا 
654,@User.IDX اللهم ارحمه واغفر له واجعل الجنة مسكنه وارحم موتانا وموتى المسلمين أجمعين وارحمنا إذا صرنا إلى ماصار إليه.. الفقد الجلل 
656,لاتشرب خمر ترى تسكر:مثل الدمع على العين اشما يبجي يكثر: 
657, <url> إلى اتخض زى لايك😂😂 
658,@User.IDX شكله مستر بلحة يبغانا نجيب له آلة زمن نوديه 2060 يحلها ويرجع ويجيب معاه شوية فكة من عندهم 
659,@User.IDX اسئل الجبير الذي يعترف هو والعالم بحكومة الوفاق 
660,@User.IDX السلام عليكم، في اعتقادي أن برنامج علاج نفسي كفيل بحلحلة مشاكل كثيرة لجيوش العالم اتجاه شعوبها. 
661,القضية ليست حول محتوى الدرس ! بل حول نشر فيديو لاطفال قصر عبر مواقع التواصل الإجتماعي و هذا ممنوع منعا باتا من طرف القانون الجزائري !! و في الجمهورية الجزائرية الديمقراطية الشعبية القانون فوق الجميع !! و هذا بغض النظر عن الهدف الحقيقي لهذه الفيديو و هو استفزاز الواطنون الامازيغ بعد ترسيم اللغة الامازيغية هذا العام و ايضا الكذب على اولائك الاطفال حيث كانت تعلمهم ان العربية لغة الجنة !! 
662,الانتاجية نازلة في الخليج و هذا لا شك فيه و الدليل اعتمادنا الكبير عالى الدول الخرى و الشركات الخاصة في كثير من القطاعات .. و لكننا ما افلسنا بسبب ان الله انعم علينا بالنفط و بقادة محترمة مهتمة بمستقبل الدولة 
663,@User.IDX مافي دعم اصلا غير بيع الأسلحة 
664,@User.IDX @User.IDX شايب مخرف عمره فوق ٩٠سنة مايصلح لحكم البلاد 
665,اقسم بالله والله حقيقة انا كسبت Galaxy S7 edge ذهبي وصلني لحد البيت من دون أي مصاريف من شركة Samsung بيقدمو جوائز وهدايا للكل شارك الأن من الموقع الرسمي للشركة بسرعة قبل نفاذ الكمية 👍 ☺ ⬅⬅ < ^_^ => <url> 
666,انا شعري مثل الاندومي 😂😂😂😂 مافي داعي يستعمل النار عشان يحلق لي 
668,خطوة ذكية من خبيب لأسباب التالية: - عائدات خيالية لكلا المصارعين - خبيب يسعى لتلميع صورته في الغرب بعد الخطأ الذي اقترفه بخروجه عن طوره و القفز و الشجار خارج الحلبة - خبيب يخرج من دائرة الاهمال الذي يريد مديروا ufc وضعه فيها بعد احداث الصراع الاخير مع كونور الايرلندي - من جهة اخرى النتيجة شبه محسومة لصالح فلويد بحكم أن مايويذر كان يستطيع الفوز بسهولة على كونور لاكنه لدواعي تجارية تعمد اطالة النزال بالرغم من ان كونور معروف بأنه ملاكم جيد جدا بعكس حبيب نور الذي هو في الأصل مصارع جيجيتسوا و عنده نقص صريح في الملاكمة بشهادته! فكيف سيتحمل و يصمد أمام أحد أعظم الملاكميين في التاريخ... 
669,انا بركب الحلم كتير دا ليه تفسير ..لما اروح اقرا عن lucid dream ..كنت بقول دى حاله مش طبيعيه انا صح انا صح 
670,@User.IDX لا استبعد دور للموساد ! بس لننتظر تقرير الشركه المصنعه للطائره اذا كان شفافا 
671,يعني مجرم حرب بجدارة ....اللهم تولاهم بقدرتك 
672,"طلعو معنى هذي يا (AJ+ عربي) كرِّيطَا ,المهف,قرناط, الجمل ميراش حدبتو هههههه "
673,من اكثر المدونات الملهمه حتى الان 
674,دس لايك لعيون محمد سال 
675,والله تحليلك منطقي و واقعي جدا .... تسلم حبيبي 
676,عمر المحمصة حقت عائلتكم صدق ؟ 
678,ههههههه يعني مصور كل دول مجلس التعاون الخليجي علي انهم مزارع ماشية ونعم النقد البناء 
680,انا على قناة ربط فيلم شازم 
681,ماركزت في كلامك قد ما منظر الخرفان عور قلبي ما اتوقعت كده المعامله، كيف يعاملوهم وين حاطينهم وكيف يسحبهم وقت الذبح ، الله يصلح الحال :( 
682,يا اخي هم عندهم زر وحنا ماعدنا لذلك اسكتو 
683,@User.IDX علي فكره اللي قاله دا حقيقه ولا حرام ولا بيحرض علي العنف ولا حاجه زي ما في ناس بتقول 
684,شئ مخزي يعني كونكم تقاتلون من أجل حقوقكم لا يبيح لكم ان تسلبوها من اخرين 
686,وش ذَا حط له فلوس 
688,@User.IDX اما كمصرية الصراحة عنده حق احنا الاعلام بتاعنا نازلة شتيمة في قطر 💔 
690,@User.IDX بكره حتى السيسي يتطاول عليهم اذا وقفو عنه الرز. 
691,طيب و تأثير الجن و العفاريت . معني كده ان ملهمش وجود ؟ هما بينشطو اكتر في عزله الشخص اعتقد اغلب الحالات كان بسبب الجن لان مكانهم البحر و الصحرا و الاماكن المغلقه 
692,@User.IDX كل شخص يحاسب على أعماله في بلد كان وعليه احترام قوانين اي مكان يمكث فيه تستاهل ويتساهلون عملاء السفارات ... اذا كانت تريد شئ ولم تجده هنا فل ترحل عنا بسلام . ولكن اثارت الفتن و ستحاسب و تحاسب و تحاسب. 
694,نسيت تقول باشتراك المخلوقات الفضائية من كوكب زحل و بلوتو و المريخ هههههههههههههههههههههههههههههههههههههههه HHHHHHHHHHHHHHHHHHHHHH hhhhhhhhhhhhhhhhhhhhhhhhhhhh 
695,المصرية صدمتني ، أغيد بعرفو من قبل أما موريتانية مش عارف حسيتها نفس اللهجة 
696,حلقة حلوة كثير بس انا متفاجا في عندكم طاقم اداري كثير كبير على البرنامج كنت متخيل انه اقل من هيك 
697,@User.IDX @User.IDX دايما نحن نحب التميز ..لان من علم الشعوب العربيه كفية النضال والثورات والتاريخ موجود 
699,ومن باب النصيحه ترى جداً حركه بايخه إنهم مخليين الشوكلاته على شكل جزمه الله يكرمكم .. هذي فيها اهانه للنعمه واهانه لنا وقت ما ناكل الاكل على شكل جزمه .. فياليت كجيش الصالحون نعمل مقاطعه للمحل لين ما يحترموا النعمه ويسووا الشوكلاته على شكلي (: مشكله لو حينمسح تعليقي 
700,Hanan Almustafa انو حدا قلا مابتعرف تمثل ابدا ؟؟؟؟ وبكي الكذب مبين هاد سعد المجرد ترك الدنيا والعالم والا بالله انتي Arwa AlDaher 
701,@User.IDX هذه عادة المستعمر والتي لم تنتهي حتى وان أنهى الاحتلال العسكري، فرنسا تتعامل مع الجزائر على انها قطعة ارض فرنسية ذات حكم ذاتي، ولكن الجزائريين اوعى من ان تنطلي عليهم مثل هذه الأمور، المهم ان تتغير هتافات المحتجين الى عدم تدخل الفرنسيين في ثورتهم
702,وأنا صغير كنت جالس بالدرج الأخير ومكنتش شايف الكتابة ع اللوح وكنت مفكر حالي طبيعي لما حكيت للأستاز حطني بالدرج قبل الأخير وحكالي هلأ شايف حكيتللووا لأ حطني بالدرج اللي قداموا حكالي هلأ شايف حكيتلوا لأ حطني بالدرج الأول حكالي هلأ شايف حكيتلووا لأ حطني بحد المساحة حكالي هلأ شايف حكيتلوو غبااش حولني ع المرشد التربوي ومنها لدكتور العيون تبع المدرسة وتم عمل نظارة طبية لأول مرة لألي وأول مرة لبستهاا كنت بحاجة للتعرف على أهلي وأصدقائي من جديد ...وبنت الجيران اللي كنت بحبها وبنطرها على باب المدرسة طلعت صبحي جارناااا 🤓🤓🤓🤓🤓 
703,غفرا الله لهما .. ورزق اهلهما الصبر والسلوان .. عظم الله أجركم شيخ سليمان 
704,@User.IDX الله يخليله امه ويعطيها القوة 
706,المعلومات الي قلتها عن الطياره والحادثه غير كامله الي حصل هو ان الشركه كانت تبغى تنقل ٤ موظفين شغالين بالطياره الى مطار اخر علشان ياخذو طياره ثانيه فطلبو من الجميع ان يتبرع بمقعده وياخذ ليله بفندق ٥ نجوم ولا احد تطوع بعدين زادوها الى ٢٠٠ دولار مع اقامه بفندق وبالاخير وصلوها الى ٤٠٠ دولار ولا احد تبرع بمقعده بعدين هم قالو خلاص حنى بنختار بعشوائيه ونطلع الركاب الزائدين الرجل الدكتور سقط ورضرب راسه واغمى عليه وله مقطع بعد وهو رجع الطياره وووجه دم ويقول اقتلوني هنا لانه كان في حالة صدمه وغير واعي من الضربه الي على الراس للمعلومية الخطوط لها الحق انها تلغي مقاعد الي حاجزين اذا صار في اوفر بوكنق وتعطيعم تعويض بقيمة التذكره ومالي وفندق وتذكره مجانيه وهذا مشروع ومسموح لهم من النظام الامريكي لجميع شركات الطيران بامريكا لاكن المشكله ان القانون مايسمح لهم باخراج الراكب من الطياره لانهم هم عطوه البوردنق بالخارج ودخل الطياره وبعدين قالو لهم اطلعو وهذا ممنوع وستتم المحاكمة عليه وهذا دليل ان المقاعد ال٤ الي هم كانو يبغوها هي لموظفينهم وليست لناس اخرى لانها لو هي لناس اخرى كان ماقدرو ياخذو البوردنق قبل ركوب الطياره اتمنى اكون شرحت لكم الي حصل لاني قريت الكيس ستدي حقت هذي القضيه 
707,@User.IDX الدنيا دوارة..والسعوديون الي نافخين حالهم ومش شايفين حداا..يجيهم يوم ويرجعو شحادين زي ما كانو قبل 60 سنة..وساعتها كل عربي رايح ينتقم منهم بطريقتو...بالنسبة لي اي سعودي الاقيه قدامي راح اخليه يمسح كندرتي بلسانو... #كيف_تذل_سعودي 
708,معلومات من كتاب الاب الغني و الأب الفقير، كتاب جدا جميل للي حاب يغير تفكيره.. 
709,عمان والمغرب أجمال دولة العرب وباس أو علام بجمال الدول ونسها 
711,محمد طول كلامه مالك دخل ولاتتدخل ياحبيبي انت مو عايش في هالدنيا لحالك !! ويقول اذا شافوا الناس عبدالمجيد وهو ينتقده على المقلب اللي سواه في امه انهم بياخذون عنه فكرة شينة وانه انسان وصخ على قولته انا رح اخذ فكرة شينة عنه حتى لو شفت الفيديو بدون احد ينتقده لو فجاة دخلت على قناته وشفت هالمقطع ابكرهه 
712,انا مبسوطة جدااا انكو بتعرضوا الاسبتالية هنا ، محتواها رائع ،مفيد و ممتع و فيه مجهود في البحث و التقديم ، بتابعها من ساعة ما كنت عالفيس ، (ايوا من الصفوة إللي قفلوا الفيس و ريحوا دماغهم 😂) 
713,@User.IDX مواطن قطري يتقتل عامل نظافه بمغسلة سيارات <url> 
714,@User.IDX بعيد عن الامور السياسية، بي ان هي الخاسر الاكبر من خلاف السعودية وقطر 
715,@User.IDX محروسة يامصر،كل الخير ان شاء الله 
716,@User.IDX لو نظرنا إلى سيرة الرجلين لفريق عوض عوف و صلاح قوش نجدأن لديهما ميلاً نحو الشمولية والتملق لصاحب العزوة، تماماً كالرئيس البشير فقد أسدى للأمريكان خدمات مهمة، منها: التنكيل حسداً بأعظم مفكر سبر كنه الحضارة الغربية وحاول ما استطاع أن يجنب الحركة ا
717,أجمل حاجه انك مش سايب بلحه في حاله 😂استمر 👍 
718,الى الان الشخص ما يعرف خطورة اللعبه 
719,@User.IDX حقيقة الــحكام الخونة وبيادقهم وأذنابهم! اعطنا سمعك وقلبك يامسلم.. وأسمع 👂👇 <url> 
720,@User.IDX هذه النوعية اي تفاهة الأخوة أشقاء الصومال و الامارات 
721,@User.IDX @User.IDX رد الفعل للى قالته شرين اضرب المربوط يخاف السايب 
722,الله يسعدك يا عمر ضحكتني 
723,وربي اسعدتني بتلبتك دعوتنا انا واحد من الايتام الي جووو .Love You Omar 
724,دي مذكرات ولا 3 دقايق :) 
725,اي ادري كنيسه شعدكم طابيلها خوات العشرة 
726,الفلسطينيون أرضهم محتله يلاقون أنواع العذاب من الاسرائيليين 
728,تعجبني الحلقات اللي تتكلم على القضية الفلسطينية بتحرك قلوبنا معك الله ينصرهم ونشوف تحريرها عن قريب فلسطين في قلوبنا ❤❤ 
729,هدول تبع المرأة لازم تضل بالبيت وممنوع تتعلم وتشتغل لسا ما انقرضوا 
730,شعوب تقتل بعضها بأسم الدين ....وناس لسه عم تفكر كيف بدا تهزم إسرائيل باعلام.....هزلت..... إسرائيل أصبحت من الدول المتقدمة بكل المجالات.....مش دافعا بس ....عرفوا حالكم بأول يا عرب 
731,٧ دقايق ونا قاعد استنى شباب البومب ماني مسامحك في الوقتي لي ضيعته لي 
733,إلي متي؟مش هتظهر نأنأ في الحلقات😢 
734,@User.IDX يستحق أو لا يستحق صار ماخذ الجائزه وفرحان فيها وهلاّ رأينا ما الو أي اهميه . 
735,@User.IDX امسحوا المقطع بسرعه نسيتوا تكتبوا السعوديه هي السبب بانتشار الكوليرا 😊 
736,عمر جيب نيك مايك ترى ب 30 دولار 😅 
737,ليش حاطط صورة سكوفيلد في صورة المقطع :/ ؟؟ 
738,فين اخبار دقيقه في دقيقه ☹☹💔 طب يسقط نيكولاس 😂😂💔✋ 
739,اذكروا الله واستغفروه ساعاتكم تمر بلا فائده سبحان والحمدلله ولااله الا الله والله اكبر 
740,@User.IDX اول تحدي جميل و يعتبر تحدي فعلا 
741,@User.IDX الحشيش والتعاطي والدعارة اسباب زيادة السياحة بهولندا 
742,@User.IDX انا كويتي واتمنى تاخذه الامارات والسعوديه يمكن ترد العلاقات بين الاخوان بالخليج 
743,هكذا هم العرب بنسبة كبيرة منهم على الاقل ذوي السلطة ! مفهوم المزرعة للبلدان والبقرة الحلوب ! بدل ان يجمعنا التاريخ والعرق واللغة وعلى رأسهم الدين وجدنا الف سبب للتفرقة! بدل ما تكون كل الدول العربية دولة وحدة بدون حدود بتلاقي كل دولة بتطمح بشبر بارض الدولة التانية ! بغاروش من وحدة اوروبا وفتح الحدود ؟ كم تقدر ثروات الدول العربية من نفط وغاز ومواد خام وموانىء تجارية و و و ؟ اشي بيقهر وبسم البدن 
744,Anggi ذلنا بشعره كل شويتين وهو يلعب بشعره هههههههههههههههه تحياتي - واحد اصلع 
745,عمر حسين اشتقننا ل على الطاير 
746,مهما يكبر همك! الله اكبر 
747,"""كل اليمنيين يستعملو هذه الكلمة """"الهدرة"""" بكثرة """
748,اغلب اللي يستشهد بالدِّين ما يكون فاهم أساسا ف فعلا كلامك صح لما قلت بالمنطق 
749,@User.IDX انا يعجبوني اصحاب السترات الصفر لان لا كهرباء ولاماء ومستحقات؟ وبلغو R. 
750,@User.IDX @User.IDX اسم المنصب بغض النظر ان كان فهو كبير عليه 
751,لا افهم ما المشكلة من سياقة المرأة لشاحنة كبيرة ؟؟؟ و قد اثبتت المرأة قدرتها على ذالك في بلدان اخرى كثيرة غير مصر.. فدون الشاحنة تقود النساء الباصات و القطارات و الطائرات و الدراجات النارية الخ ..هل فقط لانها مسلمة و ترتدي الحجاب. اليس يكفي انها كافحت و تعلمت و اتقنت ما ارادت ؟؟ اليس من حقها ان تختار اسلوب عيشها و عملها ؟؟ ليس هناك من تشبه بالرجال في شي مادامت تعرف انها انثى و تحافظ على كيانها و تعلم قدراتها . ما شأن بعض الرجال في التهكم عليها و السخرية منها ؟؟ هل من احد منهم يدفع عنها فاتوراتها و هل من محسن منهم يعولها ؟؟ نحن في زمن لا يحترم فيه احد احدا و لا يقدر احد احدا .. اتركوا الخلق للخالق فاللذي خلقها هو من فتح لها باب رزقها . نعم المرأة هي .. صبورة طموحة قوية الارادة لم تستسلم للظروف و اختارت ان تشق طريقا يراه البعض صعبا لكن سهله الله عليها .. لله في خلقه شؤون فما شأنكم بها ؟؟؟؟ 
752,كل التقدير والأحترام العمل مش عيب بكل انواعو العيب يلي يعد بالبيت وينتظر الناس تساعدو ربنا يوفق الجميع العمل من الانسان لخالص وجه الخالق وما التوفيق الا من عند الله سبحانه 
753,احكي بسرعة اقل مشان عقلي يستوعب لانو فالدقيقه بتعطينا اشي ثلاث معلومات 
754,لا تجعلو من الحفايظ اشكال صاحب القناة مشاهير 
755,نظريتي عن الطاقة المظلمة هي اتحاد الطاقة الموجبة والطاقة السالبة بمعنى ان الالكترونات لو اتحدت مع البروتونات والنيترونات في حاجة واحدة يعني مايرتبطوش ببعض زي الذرة لا يتحدو مع بعض حايساوي صفر (طاقة مظلمة )طاقة صفرية من الموجب والسالب الي منها بتنتج الشحنات الموجبة والسالبةبس خلاص😁 
756,(الفضول) يخليك تجرب و التجربة تعطيك خبرات حياتية كتيربهاذي الخبرات رح تعرف كيف تفكر و اقصد تفكر كتييير في كل شي يعني تشوفالاشياء من منظور اسمى و اكبر و دائما انا اعتقد انو كلما زادت المعرفة في الحياة زاد السلام الداخلي . 
757,هههههه يا اخي انت انسان مبدعع ... رغم القرف اللي عايشين فيه بس طرحك للقضايا بطرق هزلية بناءة وسخريتك من واقعنا بتجبرني اضحك ... تحياااتي لك نيكولاس ... استمر 
758,@User.IDX ما ينتخبوا خوستيقه هينجح بإكتساح وبعدين مفرقتش بوتفليقه من خوستيقه 
761,الحمدلله سعيده بنسبة 90% بس اتوظف باذن الله اكون سعيده 100% الله يرزقني وظيفه جميله وراتب اجمل 
764,اختي لي ملاحظة اخرى إذا سمحت وقبلت الراي الاخر.....تصلني فكرة بعد كل حلقة انك والاخ الدحيح حفظكما الله تضعان المستمع في النهاية حول المجهول والسيطرة على الانسان من حيث لا يعرف حتى يصل المرء تصور انه ليس مسؤولا عن تصرفاته وانتم في اقتراحاتكم تناقشون نظريات ودراسات قد لا تثبت كحقيقة علميى فيتسلل الشك والريب والخوف من المجهول...د.احمد عياد...الجامعة الاردنية 
765,انت ليه بتفترض ان قوانين الطبيعة هتنطبق على الخارقين المفروض هيكون لهم قوانين تناسب طبيعتهم 
767,@User.IDX لن نهاجر إلى دولة ديغول في بلادي نموت🇩🇿 #سلمية_سلمية #حكومة_إرهابية #لا_لتمديد_العهدة_الرابعة 
768,@User.IDX قُلْ إِنِّي عَلَىٰ بَيِّنَةٍ مِّن رَّبِّي وَكَذَّبْتُم بِهِ ۚ مَا عِندِي مَا تَسْتَعْجِلُونَ بِهِ ۚ إِنِ الْحُكْمُ إِلَّا لِلَّهِ ۖ يَقُصُّ الْحَقَّ ۖ وَهُوَ خَيْرُ الْفَاصِلِينَ (57) قُل لَّوْ أَنَّ عِندِي مَا تَسْتَعْجِلُونَ بِهِ لَقُضِيَ الْأ
769,طيب وبمناسبة اني لما باحي اقرا تعابير الوش من اليمين لشمال مش الشمال لليمن 😃😃! 
770,عفوا عمر متابعينك اطفال وفضوليين وهذا الفيديو اظن انه محرج 
771,@User.IDX لماذا لا نشاهد هكذا أخبار على قناة الخنزيرة علماً ان معظم أخبارهم عن السعودية - لان هكذا أخبار تحزنهم وتجعلهم كالصغير الذي ينظر للأعلى لمخاطبة الكبار <url> 
772,@User.IDX يالله يارب إنك تربط على قلبها وتصبرها وتصبر زوجها يالله إنك تعوضها بالتوأم يارب وماتجي السنة الجاية إلا وهم بين يدها يارب حسبي الله ونعم الوكيل 
773,اجمل حلقه عجبني التقطيع في المقاطع👍🏼 بق لايك 
774,انا نوبيه بس من قسم النوبه المهجرين للسودان 
775,@User.IDX اتقن ٤ لغات وعشت في اكثر من دوله غير عربيه والحق يقال لامقارنه مع اللغه العربيه.. اللغه العربيه كنز لايقدر بثمن بالذات اذا كانت هي اللغه الام 
776,@User.IDX تخيل لو جنسيته أوروبيه مع الانجازات الي محققها 💔 
777,جلتش رهيب سكوب 15 ببجي موبيل يشباب  <url> الip بتاعي نضيف بعض😅 
778,@User.IDX الوعود الكاذبة واوريكم ما أرى 
779,على الفكرة هاد مو صح إذا واحد عم يصعب الشغلة أو عم يحكي عن شي بدو يساويه شبه مستحيل (اييي ساوا البحر طحينة) لطحينة بتنحط مع اللبن مشان الفول بلبن 
780,نعم قرار صائب..من يبحث في التاريخ يعلم أن بداية عباده الاصنام كانت هكذا.لم يكن الهدف الاول العباده ولكن الذكرى لأشخاص فضلاء.وبعد مرور الوقت عبدهم الناس ليقربوهم إلى الله... خيرا فعلت حكومه الكويت 
781,@User.IDX لا بالله مااتحمل ضرب وبعدين الرجل المستشار هذاقطري؟! فكرته سعودي من اللهجه،الله يهديه بس😕 
782,طيب اذا انت مثلا اشتريت اسهم Apple قبل ١٥ سنة بال ٤٥٠ الف حتكون عندك عوائد بنسبة ١٥،٠٠٠٪؜ (٦٧ مليون ريال) وهذا يعتبر استثمار. فديو مفيد 
783,الحلقة دي ممله بعكس الجزء الاول 
784,@User.IDX @User.IDX تستميت قطر في استثارة الناس واشعارهم بالغضب المستمر ، حتى يكونوا في حالة سخط دائم ، والنتيجة دمرت سوريا والعراق وغيرها من الدول وتستمر لكي تحقق رؤية الصهاينة في تدمير الأوطان العربية من الداخل . ولكن الحمدلله أن الشعوب باتت تعرف سم الق
787,تايكو ايباتاشي لفت جنسيات العالم بالبرنامج..ما ضل غير تكون من يأجوج و مأجوج 😂💔 
788,@User.IDX اصلكم مش فاهمين ان الشعب المصري ورا رئيسه المصري 
789,شكرا لكم علي....التوعيه الابداع نشر السعاده رسم الضحكه نشر التسامح فضح كل فاسد كشف كل ظالم الاهتمام بكل الدول العربيه دون تفرقه و اخيرا اعطاء الامل تحياتي لنيكولاس و احمد الخالدي شكرا لكم جميعا 
790,دحيح انت رائع جدا موهوب بطريقة غير عادية بصراحة انا استفدت منك كثير جدا شكرا الك الو التفاح الخير ✌🌼 
792,سؤال : كيف تأكدنا من كون كروموزوم y توقف عن التغيير قبل 6 مليون سنة ولا يوجد احافير للإنسان قديمة هذا الزمن ؟شكرا لك 
793,@User.IDX 😂😂😂😂عليه وعلى طريقته وع اللي يسمع له 
794,استمر حلو. كل خميس اتابعك منور اانا اخوك عبدالله من العراق العربي 
795,ليست سامسونج الأولى ولا حتى الأخيرة، فالعديد من الأجهزة الذكية مرّت بهذه المشاكل، فمشكلة نوت ٧ بدأت مع بداية استخدام الجهاز، بينما انفجر هاتف آيفون ٦ بعد عام ونصف من استخدامه بعد وصله في الشاحن، لذا فالمُشكلة ليست مرهونة بوقت أو بشركة 
796,@User.IDX سيتم قصف شريفة من جزيرة سلوى ويقتلع الإرهاب ويزاح الذل عن إخوان شريفة بعد سقوط ملالي إيران 
797,والله العظيم انا مصري بس البلح زااااد اوي 
798,احسن انك تفدر تسوي منتاج اكثر من كذا احترافيه بس انت مو مهتم 
799,@User.IDX معنى الحجاب هو الغطاء يقال في اللغة حجبة الغيمة الشمس اي غطتها وهي ليست محجبة في المصطلح اللغوي ولاالشرعي هي مسفرة عن وجهها وكذلك في ذهابها لمعرض عرض الازياء هذا في حد ذاته محضور شرعي وفي النهاية والمجمل لا شك ان لكل معصية ذنب وشيء اخف من شيء 
801,انا ارى ان الزواج بامراة ثانية هو ابتلاء للزوجة الاولى لما فيه من الم نفسي كبير و المراة التى تصبر على ذلك لها اجر كبير عند الله لان ذلك فيه اذى لنفسها و الرجل اذا كان عفيفا مؤمنا مخلصا لله فان اخر ما يفكر فيه هو الشهوات و الركض وراء الدنيا 
802,"@User.IDX يا خساره فضائح الجزيره في,كل مكان وكانت رايحه بالغلط ولا تايهه "
803,يعني بالله وين الموضوع المهم اللي اتفبرك دول الخليج علاقاتها جيدة مع لسرائيل ولها مكتب قي قطر يعني بنضحك على وعلى مشكلة ايران ولا دولة خليجية او حتى عربية اعلنت الحرب عليها كله قطعنا علاقات وماعرف ايش وقاعدة العيديد في قطر تحمى دول الخليج زيها زي كوريا الجنوبية واليابان من ايران ويضحكوا عليكم الحكومات بكم صفقة شراء صاروخ وماعرف ايش . ( اصحوا ياعرب اصحوا) 
804,السودان ❤️ احبكم اخوكم من اليمن السعيد 
806,@User.IDX الانتقادات توجه للذين نهبوا ثروات بلاد العالم والان هم مثل غسال الكاسات ماء لكن ماينشرب ولاينفع للطبخ متى استقاموا عقب ماشاب ودوه الكتاب لكن خلينا نضعهم في خانه الابتزاز اما انتم لابش ولا تح الغنم ان مشى قدامها الراعي يقول لها تح وان مشى خلفها ي
807,انا بعطي 👎عشان محمد سال ليش مدري.. 
808,"""@User.IDX لو تبديوا بأنفسكم و تستبدلوا كلمة """"إسرائيل"""" بال""""احتلال"""" أو ما شابه. """
809,@User.IDX دنيا فانية اتقو الله خوتنا الليبين ربي يصلح احوال المسلمين 
810,@User.IDX الجيوش في الدول المتقدمة تبني كل شيء لديهم إدارة تدعى سلاح المهندسين طبعا هذا في الدول المتقدمة موعدنكم وربعكم قطر والفرس والارطغلو 
811,@User.IDX مادام يطبق حكم الله....الله يبارك فيه 
813,@User.IDX اخو واحد يتكلم عن حقوق المرأة 
814,@User.IDX ماذا نتوقع من من كان له يد بأي شيئ سيئ حصل للعرب بأن يقول ولاكن ليس هو من يقرر لمن الجولان بل العرب وأصحاب الارض هم من يقريرو ليس علينا أن نلومه كل الوم بل الوم على المسئوليين العرب الذين ياخافون ان يتكلمو او يعارضوه بشئ وليس علينا زكر أسماء 
815,نقطة للتوضيح وليد الركراكي ولد و عاش بفرنسا و هو لا يفهم اللغة العربية الا قليلا لان والديه امازيغين يفهم الامازيغية و الفرنسية و رغم ذالك هو حاول ان يجيب الصحافة باللغة الدارجة المغربية هذا كل ما في الامر و هنا بالمغرب وليد الركراكي مدافع المنتخب المغربي سابقا و المدرب الشاب حاليا يكن له كل المغاربة الحب و التقدير و الاحترام فاحترموه لانه مغربي و لانه اسدا دخل التاريخ مع المنتخب المغربي و لانه امازيغي و لان كل المغاربة وراءه 
816,Raafat Radwan Hussein ... الانسان كتلة مشاعر واحاسيس ... سبحان الله قدرة الانسان بالوصف والتعبير مش طبيعية 
818,لم يكتفي بالذهاب للتعزية كانوا ليغفروا له ذلك لكنه بكى بكاء الحريم على زوجها. بماذا تفسر بكاءك يا ...... ربما الوصف الدقيق هو انه عميل من عملاء الصهاينة...كم أكره الخونة 
819,@User.IDX انا ماشاركت في اي تفاعل (خبال) سابق...والان كمان لن اشارك وسبب اني اصلا ماوصخ مكاني. 
820,طبعا قاصديناوطبعا لازم نموت حتى ينسمع صوتناماهن بدن ياك تفكر باكلك وشربك بس مو اكتروتفكيرك ما يخرج من هالدائرة طول عمرك حتى تموت. 
821,وعلى فكرة دايما في لندن فيه ناس تحمل سطل للتبرعات لامراض مختلفة او للفقراء او مستشفيات .تسمى تشاريتي .يعني تبرعات .والمرض اللي تكلمت لك عنه هو مرض خطير يصيب غشاء الدماغ والحبل الشوكي داخل العمود الفقري .وانا ابنة جارتي مصابة به .اللهم اعفنا واعفي جميع المسلمين.شيء ثاني عمر واسمح لي اقولك عمر بدون سور .اذا ماعرفت إسأل .موعيب تسأل .لايقول يعرف كل شيء الا الجاهل.وكان ممكن وسط الفيديو تعمل خير وتعرف الناس بهذا المرض وتفيدهم ويكون لك أجر ..مع تحياتي وانا مغربية اعيش في لندن ومن متابعينك .لاتؤاخذني اذا قسوت عليك بالنقد ولكن فقط للتحسين 
822,جاوب على اسألة كتير فى دماغى بس يا ترى لو الارض بتصغر هنصغر معاها Asmaa Syiam 
823,بعيدا عن كل شيء . لمذا الشعب المغربي يتشبث بالصحراء رغم أنه لا يستفيد منها شيء بل أسياده الحكام و أسيادهم فرنسا من يستفيدون . طيب لماذا تتشبثون بأرض يسترزق منها فرنسا و اسبانيا و النظام؟ 
825,@User.IDX الحين يطلعون النسويات ويقولون الديك الذكر مضطهد الدجاجات 
826,دس لايك الحشد منظمة عسكرية تنتمي للجيش 
827,175 عام؟ لماذا لم تعدموه مباشرةً؟ سيلقى الراحة في السجن والاكل والشرب تبا لقانونكم 😃 
828,لا ارى سببا للهجوم اري فقط صورة التشويه لتركيا ولهذه المنتجات الرائدة ان ارادوا حقائق عن عمالة الاطفال فهى تقريبا تتشابه في جميع الدول النامية وليست لها اى حلول جذرية .. ف الهند و ف اقاليم الصين وفي كمبوديا و افريقيا وباكستان ... لم اذا تسليط الضوء بهذا الشكل على قضية اللاجئين .. احتضان الدول لهذه الاعداد المهولة من البشر لايعنى بالضرورة حتمية معالجتهم وقدرتهم على تامين معيشة كريمة لهم .. الازمة السورية اضلعت العالم بأسره وليس فقط تركيا ... لكم الله اخوانى السوريين الكل يتاجر بكم وبقضيتكم ولا يعلمون ما تحملون ف قلوبكم وذاكرتكم من آثار هذه الحرب الظالمة .. فليحفظكم الرب اينما حللتم . 
829,حلو ههه وسيم كيف انت مشهور مدري ( الله كريم ) 
830,نأ نأ عندها شي يحطوه الهنود بانفهم مجوهرات شكلها من شقافتها 
831,تطبيق حكم الاعدام على التجار بالبشر... 
832,@User.IDX شوي من تلقاء نفسه وشواي من الادارة المزعومة 
833,ما احد قال ان القيادة في الاصل حرام لا مشائخ ولا غيره ولا حتى في الجوال لا تفتري عليهم وتحور في الكلام وسفر المرأة بغير محرم ما يجوز فلا تتجرأ على الاحكام الشرعية وتعطي رأيك في احكام ثابتة . 
834,مسبوش حد مصر سعوديه سودان وبلا بلا بلا ايه ده كله :-) :-)انت لسه متحبستوش :-) :-) 
836,الله يرحمنا برحمتو .منور وزير الشباب 
838,@User.IDX @User.IDX قلة أدب ، وين احتجاج الخارجية السعودية ؟!! 
839,@User.IDX ماذكر التقرير زيارة البشير لقطر والاتفاق الي حصل والدعم القطري للبشير التقرير مهو كامل 
840,دس لا يك لعيون لجين وفهد البتيري 
841,فيه خطاء في دقيقه ١:٤٨ لو الله ثم انا كان مات جوع 
843,يعني هل معقول ان الراي مغربي ؟ طبعا لا هذا لا نقاش فيه 
845,باسم يوسف مو طايق عمر بسبب حلقة الجسر ههههههههههههه 
846,@User.IDX ربَّ ضارة نافعة ... يسلم البعض ويتعرف البعض الآخر على الإسلام .. اللهم اجعل أجر كل هداية في موازين شهداء #هجوم_نيوزلاندا_الارهابي 
847,الي لاحذ ان الكتاب الي على السرير مش موجود😂😂😂😂 
848,لا موضة ولا ثورة طبية ... هو سنة نبوية لكن الكبر بيمنع البعض يعترف فيها ... بالرغم انها علاج فعال منذ عهد الرسول صلى الله عليه وسلم وأوصى به امته .. افلا #تتفكرون 
849,ليه مفيش عمر حسين ف مصر؟ 
852,جلست اعيد سابقا في تكي اسمع واقول يمكن سمعت غلط ههههههههه 
853,"ياليت تسوون حلقة تبينون الفرق بين الحكام ومطبلينهم واعلامهم وبين الشعوب الي تدعم بعضها والجزء الاكبر المظلوم منهم , لان فيهكمية جهله كثير يعلقون وهم ميعرفون الفرق . "
854,مش سعيدة النجاح في الدراسة 
855,لا هو سر ولا شي ولي العهد محمد بن سلمان دفع كم مليون حق نادي اليابان ثمن لهذا الهدف واليابان داخلة المونديال في كل الأحوال $$$$$$ 
856,يا عمر انت اكبر من اغلب الناس التافهة اللي طلعوا معاك في الفيديو .. 
857,مرحبا يا سليط ..كل الاحترام الك ولبرنامجك .... في نقطة يعني ممكن تكون انحكت والناس وانا فهمانك خطأ بس عموما ....المقطع المضاف للشيخ &quot;لا يوجد به شي سلبي&quot; لتنتقده ...الأفضل خلي برنامجك انتقاد سياسي أفضل ما تدخل بالديانات ليفشل برنامجك تحية الك ولبرنامجك وشكرا 
858,بالنسبة لي انا غير سعيدة لكن عايشه ومتأقلمة بحياتي وت ايفر يعني ماعاد يهم 
859,الحتة بتاعت هو معاه رخصة ولا لسة تحت ال 18 ديه عميقة فشخوبعدين بتعرف تعوم؟كلام عميق مش اي حد هيفهموا وفي نفس الوقت كأنك مقولتش حاجة😂😂 
860,اكثر ما لفتني، كره البرطاني اعتمادهم على قطر بالمردود النفطي رغم ان قطر لا تسيطر بشيء عليهم ماذا نقول نحن؟ نفخر بالقروض والاغلال والسيطرة ونعجب بها 
861,@User.IDX لطيفين الفيلة بس ما احبهم 
862,طيب لشو توصل ؟؟ أو في دراسة بعملها والا بس هيك هواية تجميع ادمغة مريضة بدون علاج 
863,(43) فَلَمَّا نَسُوا مَا ذُكِّرُوا بِهِ فَتَحْنَا عَلَيْهِمْ أَبْوَابَ كُلِّ شَيْءٍ حَتَّىٰ إِذَا فَرِحُوا بِمَا أُوتُوا أَخَذْنَاهُم بَغْتَةً فَإِذَا هُم مُّبْلِسُونَ (44) صدق الله العظيم 
864,نظرية العرض والطلب جداً خاطئة .. مثلاً فيه طلب كبير على المخدرات! هل هذا مبرر لي بأني اروج مخدرات! أحياناً المستهلك لايكون واعي بالسلبيات والمضار الي موجودة في الاعمال الفنية وهذي وضيفة الجهات الرقابية انها تحمي المشاهد البسيط من الرسائل السلبية في بعض البرامج التجارية البحتة الي ماتحرص على الفائدة ! 
868,الله يرد الكم بلدكم يالمصريين الحقيقيينحرام أهل الحضارة العريقه تنسرق منهم حضارتهم وماضيهم من قبل أبناء الرقاصات وبقايا الاستعماراتأنقهرت عليهم ويجيك واحد جده كان تركي مدري فرنسي مدري روماني ويقول لك دا احنا فراعنه😢😢 
870,@User.IDX سر ياللهول وكيف علمتم بالمحاكمه السريه هل انتم من المنجمين 😁😁😁😁😁😁😁😁😁😁😁😁😁 <url> 
871,ياعساه الي يسوي لايك يجيب نسبه98% ياعساه الي يسوي اشتراك يجيب نسبه99% ياعساه الي يسوي الاثنين يجيب نسبة 100% 
872,@User.IDX @User.IDX رحم الله ابنك ووفقك فيما هو قادم 
873,رائع الآداء وتقديم المعلومات بطريقة جذابة ، حتى تون الصوت لحالو بيعطي ايقاع جميل للمعلومات ، بالتوفيق. 
874,@User.IDX طز في امريكا وكل تابع لها 
876,يا دحيح من فضلك اشرح  <url> 
877,قال .... في دقيقه 4:06 
878,المفروض الشرطة السعودية تشوف حل ف الموضوع دا لأن الموضوع زاد عن حده اوى دا مكان عبادة وصحن الكعبة دا للطواف بس مش لتصوير فيديو عاوزين يتصورا ف الحرم ماشى ساحات الحرم كبيرة والناس بردو هتعرف انهم ف الحرم لكن متجيش بقا عند الكعبه وتقعد تمثلى فيلم المكان دا له حرمة واحنا كمسلمين لازم نحافظ عليه بتمنى أن يبقى فى رقابة ف الموضوع دا بالذات لأن الشرطة السعودية مأهملة الموضوع جامد ومفيش أى رقابة 
879,@User.IDX @User.IDX الأسلام منها بريئ ولا عزاء لجماعة الاخوان الا متأسلمين <url> 
880,يا شباب تونس حسوا شوية واعملوا اي عمل يشرفكم حلالا طيبا مبارك فيه ولا تبقوا مكتوفي الايدي اعتصامات ووكل مرة البلاد خايضة وشعارات هذه البنت تكون لكم نموذج في طريقكم الى الهمة العالي والغاية النبيلة العمل ثم العمل بعرق الجبين خير من ان تكون عالة على غيرك او تسطوا على المرة او او او ،،،،، م 
881,احلى باك احلى ستارت للموسم الجديد تبرد القلب يا نيكولاس جونغراشوليشنز هههه 
883,من وين جابوا ان معنى البوكيمون الله لا يسمع؟؟؟؟؟؟ ؟؟؟؟؟؟؟؟؟ 
884,انتو حلوين استمرو ونحنا مندعمكم 😍😍 
885,"""حوار لمترجم في ألمانيا، رافق كردي """"سوري"""" أثناء تقديمه طلب لجوء، هذا هو الحوار : -الموظفة الألمانية : من أين انت سيدي؟ - المترجم : إنه سوري. - اللاجئ : الله يخليك إنت ترجم اش اللي بدي أقوله بالظبط. - المترجم : بس ياعيني أنا لسه ماحكيت شي. - اللاجئ : عم تقلها سوري و أنا مو سوري، قلها كردي إذا ممكن. - المترجم : طيب تكرم. كردي مو سوري. - الموظفة : يعني من كردستان العراق ؟ - اللاجئ : لا، أنا مو #عراقي أنا من الحسكه. - المترجمة : بس #الحسكه بسوريا !! - اللاجئ : هاد احتلال، الحسكة كردية، ونحن شعب لنا تاريخ ولغتنا كرديه، والنظام السوري قمعنا. - الموظفة : إذاً أنت #كردي من الحسكه؟ - اللاجئ : نعم. - الموظفة : هل معك مستندات تثبت ذلك ؟ - اللاجئ : نعم معي مستندات سوريه. - الموظفة الألمانية : أنت تقدم لي مستندات من سوريه التي لا تعترف بها !؟ - اللاجئ : نعم للأسف ماعندي مستندات كرديه، ولكن لا أريد أن يتم اعتباري سوري أبدا أبدا. - الموظفة : طيب أنت كردي مقيم بالحسكه، لغتكم هي الكرديه، مضطهد من النظام السوري، سأطبع لك نص القانون باللغة الكردية لتتطلع عليه قبل أن توقع. - اللاجئ (مبتسماً) : أنا ما بعرف أقرأ اللغة الكردية، قل لها تطبعها باللغة العربية. - المترجم : رجاء طباعة القانون باللغة العربية، لأنه لا يستطيع القراءة باللغة الكردية. - الموظفة : ولكنه قال أن لغته الأم هي الكرديه !؟ - المترجم : نعم ولكنه يقرأ العربيه فقط. - الموظفة (بعد أن احمر وجهها، وأعادت طباعة القانون باللغة #العربية) : هل قاتلت ضد النظام السوري الذي اضطهد حقوقكم الكرديه ؟ - اللاجئ : لا سيدتي، قاتلت مع النظام. لأن داعش والنصرة وعصابات #الجيش_الحر هاجمونا، لذلك نحن قاتلنا #الإرهابيين مع النظام. - الموظفة : كيف سأكتب أنك هارب من النظام وتقاتل معه بنفس الوقت؟ - اللاجئ : هذا في البدايه أما فيما بعد فأصبحت لنا قواتنا الخاصه الكردية لندافع عن أرضنا. - الموظفة : إذاً أنت كنت مقاتل مع النظام، ثم صرت مقاتل مع القوات الكرديه؟ - اللاجئ : نعم - الموظفة : هل ارتكبت جريمة أو عمل غير إنساني وأنت تحمل السلاح؟ - اللاجئ : لا سيدتي، إسألي عنا، حتى أسرانا يستغربون معاملتنا الإنسانيه، نحن لدينا أخلاقنا. - الموظفة: إذاً أنت تريد اللجوء في ألمانيا خوفا من #داعش والنظام السوري والمعارضه السوريه؟ - اللاجئ : نعم. - الموظفة : هل أصدر أحد بحقك مذكرة اعتقال تدعو للخوف عليك؟ - اللاجئ : أنا اعتقلت فعلا سيدتي. - الموظفة : من هي الجهه التي اعتقلتك؟ - اللاجئ : المليشيات ... الكرديه، اعتقلوني وعاملوني بوحشيه شديدة أثناء الاعتقال. - الموظفه (تدفع كرسيها وتشبك يديها خلف رأسها لتتمالك أعصابها) : كيف اعتقلوك وانت تقاتل معهم؟ - اللاجئ : لقد حصل خلاف بين الفصائل الكردية فزجونا بالسجن و هربنا لتركيا. - الموظفة: هربت من السجن لتركيا خوفا على حياتك ولم تجد مكان تلجأ له إلا تركيا. لماذا لم تبق في تركيا؟ - اللاجئ : لأن الأتراك يعتبرونا إرهابيين و يلاحقونا. - الموظفة (مبتسمة) : فهمت، أنت من الحسكه، ولا تعترف بالنظام السوري الذي حاربت معه، ولا تقرأ الكرديه و تريد إنشاء دولة #كرديه بالحسكه بالقيادة الكرديه التي هربت من قواتها، هل هناك شئ آخر ؟ - اللاجئ : ماذا عن دورات اللغه المجانيه للسوريين؟ - الموظفة : عفوا ولكنك قلت أنك لست سوري، ولاتريد أن تعامل مثل السوريين ! - اللاجئ : لدي بطاقة هوية سورية، ألم أقدمها لك؟ -الموظفة ترمي القلم من يدها وتصرخ بالألمانية : Scheisse 😠😤 منقول حرفياّ من مترجم سوري في #ألمانيا """
886,لا ترحل لانو نحنى منحبك ابق للي بحبك 
887,لو لا التخلف الكبير و الهوة الحضارية التي وقعت إضافة إلى الفقر المدقع بسبب استغلال العثمانيين باسم الدين و الخلافة لبقية المستعمرات في الأراضي العربية و شمال افريقيا لما ثارت عليهم الشعوب و سقطت تلك الدولة ... تونس مثلا قام العثمانيين ببيعها لفرنسا بعد أن أغرقوها بالديون . 
890,@User.IDX الفبفا ترفع قضية على قطر بعد مقتل البطل السوداني و البطل السوداني المقتول بقطر يكشف سبب رفضة الحصول على الجنسية القطرية قبل مقتلة <url> 
892,هو انت مش ناوى تسرح شعركيا ابو المدحدح🤔😅 
893,عمر حسين محتواك في تدني 
894,أتجاه الشباب الايام الاخيره كلها اعلاميه يوتيوبرز ..بلوقرز.. هل هو هوس الشهر والبحث عن النجوميه ؟ 
895,@User.IDX حكومة قطر تستهدف قبيلة الغفران القطرية بسحب جنسياتهم وطردهم خارج قطر ............................. <url> 
897,ماا أجمل هالفقره مخف دمها 😂😂💚 طيب جيبوا عن الفلسطينيه والله بجننوا هم واكلاتهم💛 
899,"هو الشعب فاسد من اصغر موظف الى اكبر نعال بالحكومة , اصلا الشريف بالعراق اندر من الكبريت الاحمر . واذا اكو مكان بيه 100 موظف فـ 98 بالمية فاسدين و2 بالمية شرفاء واذا الشريف راد يغير شي فراح لو ينقل لو يتعاقب لو ينسجن لو ينقتل وبالاخير العراقيين ما يدرون الفساد منين يجي , اصلا الي طلعوا مظاهرات ضد السياسيين الفاسدين اكثرهم فاسدين بدوائرهم وبمحلاتهم وبمصالحهم , العراق بلد غير صالح للصالحين "
900,سوريا ارض الياسمين ارض الامويين 
901,@User.IDX لوكان مسلم كانت قامة الدنيا وعلى طول راح يقولو ارهابي بس لانه كافر وقتل مسلمين راح يقولو مختل عقلين حسبي الله ونعم الوكيل الله ينتقم منه ومن كل من ارادبالاسلام والمسلمين كيدن ان يجعل كيده في نحره اللهم امين 
902,أيها السليطون.. هل فاتتكم الحلقات السابقة من #السليط_الإخباري؟ استمتعوا بمشاهدتها الآن على كبريت <url> 
903,استمر ياعمر الله يوفقك اصحا تستغني عن هالقناه مهما صار مستمتعين بالرسايل الي تقدمها. تحياتي اخوك المحب خالد الكناني 
904,الهدف من تزويج المغتصب لضحيته حتى في حالة وجود حمل يسجل اسم الطفل كطفل شرعي بعقد زواجي شرعي والواجب طلاق الضحيه بعد مرور اربع وعشرين ساعه من عقد الزواج دون ان يقربها وبعد ذلك يؤخذ للسجن ويطبق عليه القانون ويجب ان يكون حكم المغتصب الإعدام 
906,أستاذ أحمد في فيلم قصير صامت &quot;روسي&quot; اسمو &quot; room 8 &quot;يا ريت لو تشوفو و تساوي عنو حلقة...هوي و فيلم interstellarلأن بجد فيلمين رائعين بيحكو عن المصفوفة و العوالم الموازية و بيستاهلو 
907,@User.IDX انا ماهو قاهرني غير المصدر هذا نفسي اعرفه منهو😂😂😂 
908,@User.IDX علي امل يكون اقتراح و طلب مش امر وعلي امل تتحل مشاكلنا للاحسن 
909,لو ما في حصار مكنش في ابداع لان الحاجة ام الاختراع الله ﻳﻮﻓﻘﻜﻢ 
910,@User.IDX هذا اخر ما نفكر فيه الله يبعدها عنا دولنا طموحها تاهيل اجيال للوصول الفضاء عام 2020 
911,AhmEd KhalEd مشروع اهو يادكتور بعد الجيش ان شاء الله وابقي افتكرنا بكيلو لخمة😂😂 
913,الصراحة الواحد مش عارف مين ضد مين ع مين ويعني كلها غابة ! صارت يمكن قانون الغابة ارحم ! 
914,@User.IDX خطوه موفقه واتمنى ان تكون ثريه وغزيره بالمحتوى 
915,فين المصادر مش لاقي حاجة او انت بتحاول تكسر القواعد 
916,@User.IDX هاذي نتيجه اختلاط المعلمين ياخي وش الضرر لو خلتو مدرسه بنات معلمات نساء منعزله عن الذكور وش المشكله يعني يوم تخلطونهم سوى وتدخلون الذكور مع البنات جايبين الشررر لنفسكم والله ... 
917,شكرًا على روحك الجميلة .. داىما تبسطنا وتسعدنا ببساطتك .. تستاهل اكترررر والله ♥️ 
918,اش سار على نتايج التشريح ؟ 
920,يا ريت تكملو خيركم وتخترعولي وشكون الي يطيبلي ويغسلي ويرقدلي لبنات و و و كل شيء على خاطر انا عييت 
921,نحن السوريين عنا خبرة بالاكل، 😂😂😂 لذلك لا تقارنوا اي الشب اللي مابيعرف يطبخ عنا بيعرف، يقلي بيض 
922,انا شايف انو رغم عدوانية هالقرار نحن مازلنا مصرين على تمجيد امريكا والتركيز على ايجابياتها وانسانية شعبها بينما المفروض نركز على فكرة انو اكتر من 50% من الأميركان موافقين على قرار ترامب الحبواني وهدول ال 50% هنن اخطر الارهابيين بالعالم 
923,اللى فرحان ان الدحيح هيعمل حلقتين فى الأسبوع لايك😍⁦❤️⁩ 
924,انا اشوف انو خليفة احمد الشقيري هو عمر حسين اتمنى يمسك برامج مثل احمد الشقيري 
925,@User.IDX الحين هذي عمرها 72 ؟ خخخخخخخخخخخخخخخخخ أحس الموضوع فيه خدعة خخخخخخخخخخ 
928,الموت حولينا في كل مكان وبرضو بنتمسك بالحب والحياة ازاي لسا عندنا امل مفروض انها حالة حرب بااشكال مختلفه بس لسا بنشتغل بناكل ونشرب ونسعي ونتجوز .صاحب الفيديو قال الواقع بتاعنا بصورة بسيطه وعبقريه هو سرد الواقع بتاعنا.. حالة الحرب والاستمراريه في العيش صور الحرب بالموت والحياة بالحب.. واقع مؤلم ولازم نتعايش معاه والي عليه الدور مستسلم له... لانك مجرد رقم في عداد الموت 👍👍👍 
929,هو أنت بطلت تاكل خضار ولا إيه ع فكره ده مش كويس لصحتكkeep eating man 
930,الحلقة الجايه نبي نعرف كيف الأهلي جاب الدوري 
932,حسن مات بطل كوكانو واحذ 20 × 100 بحالو ليلاذ تصاوب مناضل غايور فيه نفس مات شهيذ في بلاذ ضلم لله يرحمو اوجعل متواه لجنة 
933,افضـل قناة يوتيوبيه كوميديه تهجيديه تحشيريه تفجير جهاتيه بـلا منازع 
934,عبالي راح تحجي على العراق لان عدنة مايعيدون مثل الاوادم ماتعيد الة ورة يوم .عن اي عيد من اعياد الاسلام امة محمد تعيد واحنة وراهم بيوم امة محمد تصعد على جبل عرفة .. فلان الماريد اذكر اسمة ورة يوم يصعد على جبل حمرين ويكول بكرة العيد هههههههههههههههههه 
935,شحال تحبو تلصقو في بعضكم ناس دايرة اتحاد و امم و احنا غي بش نتفاهم مع بعض لالا واش بجدكم وين ما نروح نلقى اسم المغرب او الصحراء الغربية او الجزائر الا و انتوما مداوسين و تسبو و متلاصقين و حالتكم حالا بهدلتو بينا وش بيكم ارتقو شوي وش بيكم واحد ما يقدر يفوت لخوه ضحكتو ناس علينا ناس تتقدم و تطور و انتوما الصحراء مغربية الصحراء غربية وشبيكم الله يهدي مخلق لي نقولهالكم فيقو فيقو قبل ما يفوت الوقت ...... 
936,تبقى تحت رعاية الأمم المتحدة الا اخلاقية للتغير الديموغرافي بداءت مصالح إسرائيل الأساسية تتحق من الان 
938,الحمدالله انو العراق و لبنان و سوريا و الجزائر ما طعنوا بالهل الشعب المساكين 
940,@User.IDX ما ينتهي ببطء لا يعود بسرعة .. لا يعود أبدًا 
941,@User.IDX سبحان الله الي سخركم تاكلون لحمة وحسناته تجي لحده مساكين انتو هذا شي داخلي بالسعوديين وش محرق رزكم 😂😂😂 
942,@User.IDX الله يحفظ السعوديه من كل شر ويصلح حالها 
943,كلامك صح صح وصح وصح وصح وصح بعد ويالبى عينك وضغطت سبسكرايب والتنبيهات وكثر بالحلقات لاني جد اتابع جديدك 💜👍🏻 
944,الله يبعثلنا هيك عاصفة 🌀☔❄⛄ يا اخي تجمدنا احنا بالبرد وماكان لا ثلج ولا مطر بس البرد يموت ⚡🌀 
945,مونديال فيه ايران والسعودية ومصر يييييييعععع 
946, <url> يخربيت كده انا فصلت 😂😂😂😂😂😂 
947,فخر المنصورة الي من المنصورة الايك هنا 
948,@User.IDX هو ناوي يجلس في الرئاسة الى ٢٠٦٠ يا ديييين النبي <url> 
950,خطط خماسية وسداسية وسباعية وثمانية 
951,اول اشي لما تعملي حلقة تانية زي ما بتحكي يا ريت تستغني عن الموسيقى الي في الخلفية اللي بتخلي الواحد مش عارف يركز . مش مناسبة خالص. تاني اشي ولما يصير الدنيا كلها بنات ونتكاثر بدون ذكور ايش استفدنا يعني؟ انقرضوا الذكور خلص الاناث ينخمدوا وينقرضوا وراهم يريحونا خلي هالدنيا تخلص. والست لما بدها تتكاثر تقوم جايبة ذكر ايش رايك ساعتها نوئده؟ اه الوأد حل جميل للذكور ولا ايش رايك؟ الله يصبرنا ع العينات اللي بتلاقي حد يسمعلها ويروجلها 😏😑😑 
952,"@User.IDX ٠٠٠٠٠ 💢⋮⋮ عملـيـ≈ـة اسـتشـ≈ــهـاديـة على تجـمـ≈ـع للـرافـ≈ــضـة في مديـنـ≈ـة الـصـ≈ـدر➣ #البصرة #الحشد_الشعبي ,. ٠٠ <url> "
953,عمر وش يمشيك مع محمد سال ياخي كرررريه الطحلب ذا 
954,@User.IDX فرنسا الان تحركت بسبب خلافها مع تركيا 
955,@User.IDX @User.IDX والله انصفت الاسلام والدين والمسلمين اكثر ممن يدعونه 
956,@User.IDX اللهم بارك لها في أولادها وعوضها خير فيهم ويارب يرزقها من فضله يا كريم 
958,ياعمر ترى الموضوع عن بوكيمون جو بعد ما انا كلمتك ولا من اول انت فاكرها 
960,عادي الزهايمر شي طبيعي في حياة كل شايب ...هههههههههههههه امزح 
961,@User.IDX 😂مدري ليش تذكرت عبسي واهو يركض هههههههه 
962,@User.IDX @User.IDX سيكون حسابهن عسير .. وكل من تتخابر مع الدول الاخرى ضد بلدها حتماً ستجد العقاب. 
963,يا جدع انت عسل بزيادة 
964,@User.IDX هههههههههه الجزيره تتمسك بقشه عسى ان تنقذها من الغرق 
965,الله يوحد الشعب السوري من معارضة لمؤيدين 
967,اقسم بربي اليوم يوم ملادي 22 رجب والله احد اعطاني وجه ولا احد عبرني لنا الله 
968,@User.IDX الدول الإسلامية 😨❗ تقصد االنصف إسلامية لعدم أكتمال إيمانها بعد ... !! 
969,هي لايك و كومنت وشير بتستاهل نكنك نيكولاس 
970,عمر فيديوهاتك مرررررررة حلوة ومرررررررررة مفيدة لا تتحطم من الكومنتات السخيفة، لانو مو لازم تعجب كل الناس كمل يا بطل 
971,@User.IDX حرفياً (أتجعل فيها من يفسد فيها ويسفك الدماء) 💔 
972,الأخ عمر حسين متأخر في رفع الفلوقات والثلاث دقائق اسبوعية في المدونة ياخي ارفع اول بأول 
973,مدام انك باليونان انصحك تزور مدينة سبارتا مليانه بالتاريخ هي وانثينا 
974,@User.IDX تبون نصوت ؟ أضيفوا فضيحة حمد بن جاسم مع بنك باركليز 
975,كل يوم بيثبتو انو معني الانسانية هو المتعة لمجرد الفرجة ع أرواح بتقتل بعض 
976,@User.IDX الإنضمام للحراك لا يعني تبني المطالب و لنا في ثورة 25 يناير خير مثال 
977,مره عيني تعورني الدكتور عطاني قطرة انف WTF?????? 
979,@User.IDX السياسية والأديان لعبة لا تنتهي 
980,عالاقل عندكم دولة .. احنا اخدوا الدولة وتركولنا الرئيس ... 😂😂😂😂😂خدوووه .. 😅😅😅😅😅😅😅 
982,يا راجل بتجيب سوندات تراك من ورا فاجرة بطريقة رهيبة احسن واحد بيركب كلاسيك فى العالم طلاق تلاتة 
983,ليش مكبرين ومعقدين الموضوع #ما_فيها_اشي 
984,@User.IDX احمد ياسين ثم الرنتيسي تم قتلهم من قبل اليهود والخونه من الفلسطينيين الذين وضعوا شريحة التتبع ماتت حماس معهم والان هنيه 😊 شكل الامور طيبه والاخوال تتكاثر الرنتيسي وياسين لم يرفع اي حمساوي يده علي الفلسطينيين والان بدور هنيه 😊 حتى الغزاويات يتم
985,بعض الاستفسارات من واقع تفكيرك و فلسفتك لان مش هعتبر د علم وراثه ولكنها فلسفه و فلسفه تحترم : ١: بناء علي كلام اعمار الغير متزوجين مفروض تكون نسبيا اكبر من المتزوج الي هو سلم جيناتو للجيل الجديد و علي كلام وسالته في الحياه خلصت ٢: اعمار الانسان القديم كم تتوقع يعيشون ؟؟؟ علي كلام فرصة بقائم ضعيفه و بالتالي يتزاوج بدري و المفروض بناء علي فلسفتك ينتهي سريعا لكن الغريب ان اعمارهم كانت اضعافنا من حتي ايام الانبياء و الرسل ٣: البقاء للاقوى موجود كل يوم بل كل لحظه و الجينات تعمل علي filter الاجيال القويه و تقديمها علي الاضعف و هذا يحدث في اختيار الحيوان المنوي الاقوي وهو الوحيد الذي يستطيع تلقيح البويضه يعني من اول الخلق بيحصل تحسين للجينات ٤: بالنسبه للانقسام الذاتي للانسان لو حدث لكانت الطفراة الوراثيه اضعاف ماهو موجود اليوم لاسباب كثير تحياتي ...... 
987,انا انسان مادي والحمدلله مبسوط للآخر 
988,سقوط الرافعة مدبر وليس قضاء وقدر 
990,@User.IDX اى عربي في مصر يعتبر في بلده 
991,"""@User.IDX ماجاهم الموت في سوريا ولكن جاهم في كند... """"قل ان الموت اللذي تفرون منه فإنه ملاقيكم"""" الله يرحمهم ويصبر اهلهم """
992,قتلني لمن قال ستار بكس ترمز لشخصية ديوسها طالعة😂😂😂 
993,تحيا مصر..تحيا السيسي .علي فكرة هما عملو كده علشان غيرنين.علشان هو الرئيس الوحيد.المنتخب بالمحبه من شعبه.علشان هو راجل حافظ على البلد مش باع البلد زيهم علشان كدة غيرنين منه معنه انو افضل منهم 
994,حضيرة الخنزير اطهر من طاهركم يامن تتشفون بالموتى .. المعلقين تعليقات سيئة .. اتمنى ان تموتوا ميته سوء وترمى جثثكم للكلاب ولايجعل لكم قبرآ ك أسلافكم الذين لعنهم الله وملائكته يا نسل الشجرة الخبيثة ... اصبح من الصعب ان تجد شريف بين العرب ف والله .. ماانتم برجال وانتم تتطاولون ع من توفاهم ٱلـّاـْہ وهو رؤوف بعباده .. انشاءالله جنات الخلد لكل من جاور الامير .. والعار كل العار للفكر الوهابي المنحرف 
995,تحية فلسطين حرة الى الابد سلام من العراق لشعب الفلسطيني والله يرحم موتى المسلمين كافه 
996,@User.IDX حسبنا الله ونعم. الوكيل فيهم وفي السيسي 
997,@User.IDX الشرطة من اول يوم و هي تتعامل هكذا ... و هدا عادي تحدث في كل دول العالم 
998,تحية اخواني الابطال من ارض العراق 
999,الله يوفق اللي سوا هذا النظام ويرزقه من حيث لايحتسب 
1001,كل الحب والتقدير والاحترام لكم ولكل حر بارك الله فيكم إلى الأمام انتم رمز للحرية 
1002,@User.IDX @User.IDX يطيرك يذ من تعمار شدوگ 
1003,@User.IDX يعني تضحكون علينا.. شركات خسرت استثمارات علشان صحفي... حدث العاقل بما يعقل. لسنا بحاجة لهم وقفت استثمار عل هذا شركة.. في غيرها 
1004,"""@User.IDX """"الرواية بتنيه الواقع انو مهما كسر من الثوابت في ثوابت ثانية محتاجه تتكسر بين السطور """" 🤩 """
1005,@User.IDX اذهب إلى فرعون إنه طغى .. صدق الله العظيم ....... #اطمن_انت_مش_لوحدك 
1006,اللي جذبه ع الفديو اسم فهد سال لايك 
1007,وعلى طاري الصمله والمعدلات انا سجلت بارامكو وسحبو علي وراح ترم وانا انتضرهم ثم سجلت بجامعه القصيم ودرست السنه التحضيريه ورسبت في اول ترم بمعدل 1.3 نجحت في اسهل ماده ودرست الترم مره ثانيه وحاولت اكون جاد في الدراسه واخذت منهم انجليزي بس العالم يقولون لي خذ مدرس خصوصي وانا ما ابي اعتمد عليهم لين اتخرج المهم شفت ان المعدل عيا يرتفع وقعدت ادرس لين جا الفاينل الاختبارات النهائيه قبل تبدا سحبت ملفي وسجلت بكليه كارفرج بالقصيم وحطوني بلفل الثالث من 4 لفلات لئن الانجليزي اللي اخذته في الترم اللي كنت فيه جاد نفعني والحين انا انشاء الله عندي خطه اني اجيب الدبلوم في سنتين ونص ثم اكمل البكلريوس للحاسب في ترم واحد اكون سبقت زملائي اللي بالجامعه وذاك الوقت انشاء الله ابتعث للماجستير اللي جالس اوفر من المكافأه واشتغل في اوبر علشانه 
1009,@User.IDX يا شيخ ببومبيو، و النتيجة ايه؟ مين قتل المغدور خاشقجي؟ 
1011,اللهم أنى أستودعتك القدس .. رجالها و شبابها .. نساءها و فتياتها .. أطفالها و شيوخها .. اللهم أنى أستودعتك أقصاها و قبتها .. اللهم أنى أستودعتك ساحاتها و حواريها .. اللهم أنى أستودعتك أمنها و أمانها و أرزاق اهلها .. اللهم أنى أستودعتك حدودها و بحورها .. فأحفظهم بحفظك يا من لا تضيع عنده الودائع اللهم عليك باليهود اللهم زلزل الارض تحت اقدامهم و رمل نسائهم و يتم اولادهم اللهم اخسف الارض تحت اقدام اليهود اللهم ارنا عجائب قدرتك يا منتقم يا جبار 
1012,عمر الالة من عمر البترول و العالم يستهلك من البترول و الغاز بقدر البحر الابيض المتوسط لكن بعلو متر تقريبا يوميا ، و الرقم في ارتفاع فلا تنتظروا كثيرا و جهزوا انفسكم او اولادكم لصدمة ذهاب الالة و الرجوع للوسائل البدائية 
1013,@User.IDX أنها من أكبر مجرمي الحرب في تاريخ البشرية على الاطلاق ولها تاريخ أسود فيه ... 
1014,الاحترام يجب أن يكون للشخص كشخص وليس كمذهب .. كلنا مرجعنا دين إسلامي سواء شيعه أو سنه جزاكم الله خير مايحتاج للسب واللعن بالمنشورات .. تقبلو مروري اخواني جميع 
1015,يمكنكم مشاهدة فيلم @User.IDX - AlJazeera كاملاً على موقع الجزيرة الانكليزية <url> 
1016,"""@User.IDX عاجـــــــل مقـــ☆ـتل نحو 10 جــ~ـنود نيجيريين والاستيلاء على آلية رباعية الدفع بهجـ~ـوم لمــ🛶ـقاتلي الدولة الإســ✈ـلامية على ثكنة في بلدة """"مامري"""" بولاية #برنو #فعاليه_زفافي_بجازان <url> """
1017,جميل شعب منتج اينما حل، بالتوفيق 
1018,انت %100 اتمنى لك التوفيق اخوك ناصر من الكويت 
1019,@User.IDX تحيةاحترام وتقديرلهذه المسئولة الراقية ..تحيةللانسانية فى اجمل صورها 
1020,@User.IDX ايش فايده الرئيس اذا ما يصلح البلد؟؟؟؟؟؟ 
1021,@User.IDX تكفى ناقصنا هوليوود بحريقه تحرقها الفكه منها غنيمه على بال الجزيرة بتخلينا نحزن 🥴 بالعكس خبر مفرح 😂😂😂 <url> 
1022,هههههه المميز بهاد البرنامج انو بيقدم المحتويات العلمية داخل قالب كوميدي يمكن هو البرنامج العلمي الوحيد بهي الميزة 
1023,شكراً جزيلاً على المجهود بالنسبة لعزل المتطوعين عن الشمس و استمرارية دورات ساعاتهم الحيوية، فما مافي داعي لعزل اي متطوع بإمكانك تسألي اي سوري كان معتقل بسجون النظام اللإنسانية. في ناس من سنوات ما شافت الشمس و مع ذلك نظامهم الحيوي مازال متزن. شكراً للمعلومات و بالتوفيق 
1024,مرة جبتها بتايلاند و كانت مقشرة و مغلفة بالنايلون ،، لما فتحتها بالاوتيل كأنه صار تسرب كيماوي 😬،، اتذوقت منها طعمها كتير طيب ،، ماقدرت كبها بالغرفة من ريحتها و كبيتها برا جنب المصعد ،، وبقيت ريحة الطابق بالاوتيل كأنه غاز هههه 
1025,اغلب التعليقات السلبية لديهم نزعة شديدة للتعميم.. في الاخير ولافاهمين حاجه لأنهم ينطلقون من مسلمات مسبقة ودا خلل اساسي في التفكير المنطقي،قبل ماتحكم على محتوى الحلقة اسأل نفسك كم نسبة السفاحين او كم نسبة الشرور في العالم او على الاقل الي شفتو وسمعت عنو في حياتك، فهمت؟ 
1026,ربي يحفظكم ويسعدكم إستمروا ❤ أخوكم من اليمن 
1028,@User.IDX @User.IDX الله الله عليك .. روعـــــــــــــ🌹🌹🌹ــــــــــــــة روعـــــــــــــ🌹🌹🌹ــــــــــــــة روعـــــــــــــ🌹🌹🌹ــــــــــــــة روعـــــــــــــ🌹🌹🌹ــــــــــــــة 
1029,@User.IDX فعلا معد هالتقرير المختصر منتهى الدهاء ،،، استغلال خفة الدم بمضمون غوغائي غير علمي لسب الخصم واغتيال شخصيته وشيطنة تيارات كاملة رغم أنها جزء من المجتمع هو عمل غير ديمقراطي وغير منطقي... الله يستر على السودان 
1030,الله يرحم أمواتنا وأموات المسلمين💔 
1031,احلا شي بيجي واحد مدري منوين وبيحكي عاساس بيعرف شو صاير بسورية .....رغم كل لاخطاء لنعملت من النظام لوضع منيح بالنسبة ل7 سنين حرب انو شو بدكن تمرق حرب وما يتشرد فيا ولاد او مسنين او نساء حرب هي يا بشر حرب اكيد ما رح يضربو بعضن بورود حرب ضد داعش بدكن النظام يسقط مشان نكون تحت رحمة داعش ما بعرف كيف انتو بتفكرو 
1032,@User.IDX لماذا لا تتابع الجزيرة التحقيق في قضية انتحار زكي مبارك يبدو أن القضية التي تكون تركيا أو إيران ا و قطر طرفا فيها لا تمسها الجزيرة بسوء ونسوا أن ربك لبالمرصاد ويمهل ولا يهمل 
1033,الآية من سورة الإسراء المباركة ( وإذا أردنا أن نهلك قرية أمرنا مترفيها ففسقوا فيها فحق عليها القول فدمرناها تدميرا ) أشد ما أخاف أننا نعيش في هده الاثناء تفاصيل هده الآية في عالمنا العربي 
1034,محد اتزبدلو ف النهايا 😂😂😂 
1035,كل هالحكي وفي الاردن كل شهر برفعوا الاسعار قرب يصير البنزين اغلى من الذهب 😂😂 
1036,شكرا يا أخي على هاي المعلومات ، و شكرا على مجهودك بهاد الفيديو👍🏻😘 
1038,"""@User.IDX الام """"المصرية"""" ليس لها مثيل ، اذا مات زوجها تحمل على عاتقها تربية اطفالها والصرف عليهم لكن """"بشكل استثنائي"""" """
1040,انت بتكلم بسرعة ليه اكلم ببطء شويه عايزين نفهم الواحد مبيلحقش يجمع 
1041,يخربيت جمالك ايه الشرح ده اعم ايه الحلاوة دي 
1042,@User.IDX تكذبون بكل بساطه انتم تكذبون على القراء ولا تحترمون متابعينكم 
1044,@User.IDX بصراحة الإيرانيين بيدفعوا كويس شكلهم الاخراج واو يا شيخ انقلع انت وياه ...اللي يلعب بأمن الوطن ماله الا السيف 
1045,الوحيد الي استمتع بيومياتو او فلوق او مذكرات 🙅👍 
1046,@User.IDX مافيه خبر عن حماس و اللي قاعد يصير بفلسطين منا مناك 
1048,@User.IDX اللهم احفظهم في الشبك ههههههههههه 
1049,تاني مرة بشوف استشهاد بلمى .. عليها السلام !؟ خلص التويتر ما ضل ناس واعية مثقفة نستشهد فيها بدون انحياز ! 
1050,@User.IDX لا يمكن أبدا كل شيء عملتوه ارخصتم حتى كرامتكم من اجل الضرر بالسعودية ولكن وقوف الشرفاء من المفكرين والكتاب العرب بجانب الشعب السعودي البطل الواعي ودولته بلد الحرمين التي تحتضن الملايين من الأسر العربية اصبح سد منيع بوجه قاذورات دويلة #قطر نفخر ب
1051,الله يفرجها ع اليمن وشعبها وكل العرب 
1052,السودان ومصر م بلد واحدة ولا عمرهم ح يبقوا بلد واحدة أشتهر الزول السوداني بالأمانة والصدق والكرم والشجاعة واشتهر بعض المصرييين بالنفاق والرقص والطرب والأفلام الخليعة و.... وخير دليل الراقصة فيفي عبدة فازت بآلام المثالية لمصر وإذا كان رب البيت بالدف ضاربا ف مشيت أهل البيت الرقص والطرب 
1054,انا مراد الجزائري ودي الصيدلية 
1055,الحلقة دي ممكن تغير منظورنا فى حاجات كتير حولينا 
1056,😂😂😂😂 تعرف كل يوم بنت جديد😂😂 
1057,@User.IDX افتكرتها حلقة من برنامج اديني عقلك #ارحل_ياسيسي 
1058,"""@User.IDX الداعشيه تقول على الاعدامات وقطع الروؤس تعلم بذالك ولاعندها أعتراض على ذالك!!!! والمجرم ترامب يريد ان يرجعهم الى أورپا لزعزعت الأمن ألأستقرار في أورپا أيضا"""" حين مصالحهم تقتضي بذالك! """
1059,نضرات الطفل يزن المنكسرة تفرح عند أكله الحلوى والمتلجات وعمرو كله مر في الحصار لم يتمتع بطفولته حتى الدراسة لم يقرأ للأسف واقعنا مر والأمة العربية تنظر باستحياء والأمم متحدة تعرب عن قلقها 
1060,تسلم عمر بس بصراحة مااقدر مااسمع كلام ماما الله يحفظها هه بمناسبة انا مش فاهمة ايه حكااية سرية وما سرية انا شفت القناة بصدفة واشتركت فيها ؟؟بس اكيد استفدت 
1061,جريمة الكرادة يجب ان يتم التحقيق فيها دوليا لكشف اسرارها ومعرفة من يقف ورائها #تحقيق_دولي_للكرادة #international_investigation_karrada 
1064,@User.IDX إيجابية عشان يقتل المسلمين وهو قاعد يطلع 
1065,يا شيخ روح الله يسهلك طريقك ويوفقك في كل عمل مفيد تعمله👍🏻👍🏻👍🏻👍🏻👍🏻👍🏻👍🏻👍🏻👍🏻👍🏻👍🏻👍🏻👍🏻👍🏻👍🏻👍🏻 
1068,@User.IDX للأسف طلعت رئيسة وزراء نيوزيلندا اشرف بكثير من حكومات عربية حتى لم ينطق اعلامها وقنواتها التلفزيونية بكلمة أرهابي على القاتل ووصفة بالمعتدي والمختل ! 
1070,@User.IDX نعم نعم يوجد سفارة اسرائيليه في دويلة قطر 
1071,الي يقول فما عنصرية في تونس اكيد مركبها لروحه وحاسس بينو وبين روحه وماعندوش ثقة في روحه انا عمري ماشفت عنصرية في تونس من وقتاه احنا هكه صحيح نقولو كحلوشة واسمر اما مش اهانه مايراهااهانه كان الي يحشم بلونه مالا الي يقلولهايابصلة يامصفارة ستعمل بربي تي ناس تسمر في روحهاولات الاسمر في تونس يشبهه بالعسل وهي تقول عنصوري تحب تنجح ماتعملش سبب وهمي وتجمع وتعمم كلنا توانسة وحتى كان فما عوج مافيهاش واحد بالمية باش تجمع وتكبر الحكاية 
1072,هى فرصة 3 ادوية او اكتر 98%مش فرصة 3 ادوية بس 
1073,'واحد ليا و واحد لبدر و واحد لfly with haifa' 😍😍 
1074,معرفناش الدولاب اتحكم عليه بأيه تلاقي مرديش يقول عشان منعرفش هو متحيز للدولاب ولا لا مع اني اشك ان متحيز 
1075,@User.IDX مجزرة ؟؟!! هذه حدود الله لكل من يفسد في الأرض ، سمها كما تريد مجزرة او مذبحة والله لايوجد اكثر من مجازر الإسرائليين وبوذيين بورما مع المسلمين والشيوعيين في الصين مع المسلمين لكن لايوجد تغطيه لهم لأنهم ليسوا اعدائكم ، فأنتم من الروح وفيها لدى أسي
1076,المساعدة النفسية احياناً افضل من المادية ❤ 
1077,نيكولاس الغالي انا معك ايش دخلنا وليش نحنا حشريين أذا شلحت أو لبست الحجاب أو ماتت أو عاشت بس مو على العام ، يلي حاب ينشر فيديو على منصات وسائل التواصل الاجتماعي بشكل عام لاززززم يتحمل تبعيات كلام الناس لهيك البشر يصبحون حشريين ، لذلك عزيز نيوكولاس هاي آراء الناس بدك تحترمها كما احترمت فيديو جواد العقاد ودفاعت عنها كمحامي دفاع ، وتريد ايضا منع الناس أن تعبر عن رائيها وتقول عنهم حشريين بالفيديو ، مقطع غير موفق أبد باقي الحلقه رائعه جدا . 
1079,مستغربة كمية الناس اللي بتنتقد طرح موضوع مثل هذا..!! يعني معلومات عامة وموجودة واي بحث صغير ممكن يوصلنا لهذه المعلومات.. حتى في أبسط الأمور العلمية والتاريخية والطبية لازم نضل مغمضين عيوننا وما نفتحهم 😔 وبالاخير بنتحسر على حالنا..😤 
1080,الفدراليه تناسب الوطن العربي يعني وطن بهذا الحجم من المحيط للخليج يحتاج فدراليه يمكن تسميتها الولايات العربيه المتحده، تشبه تجربة الولايات المتحده الاميركيه، انظروا للخريطه و فكروا في الامر! 
1081,@User.IDX اذا يهمكم اليمن يا بايعين العروبه كان وقفتوا مع السعودية والحكومة الشرعية ضد الحوثي والاحتلال الايراني الفارسي لليمن، لكن احفاد شريفه وبايعين العروبة واوطانهم ما ينرجى منهم اي خير. 
1083,@User.IDX الجزيرة مجمع مرتزقة عربان الشمال لا يجيدون إلا تأليف الأكاذيب ونشره بين الناس 
1084,الله لو توفرت القطارات بكثره كان تشوف معدل الهمجيه في الشعب 
1085,كيف اشتري bitcoin ابغى اشتري اذا تعرف يا عمر قلي 
1086,@User.IDX @User.IDX رساله من السيسي انه هو واولاده واقرباءه انهم باقين في الحكم الى ما لا نهاية 
1087,@User.IDX عادي جدا. دفعته امواج ضخمة ورمته على اليابسة. مشابهة لأمواج تسونامي 
1088,@User.IDX اعتقد الجزء الاول من المرحلة الاولى بيغطي قطر مايحتاج اكثر من مرحله😂😂😂 
1090,في حاجات تانيه بتحرك بس مش مهمه اوي 😂 
1091,من الأخير: إن فرضت الضرائب فستفرض على الشعب وإن وجدت الرفاهية باقتصاد البلد فالغائد للدولة وليس الشعب، تباً للحكومات 🐵 
1092,@User.IDX من الدلخه لو بشرته فاتح والدم نظر يعني ماشغلو مخهم ان اللون يتغير في حال الموت 
1093,من وجهه نظري الولد يقدر يشيل عيبه كونه رجال بس المره لا بس الرجال البعض وليسئ الكل يمارسون قبل وبعد الزواج فا هذا الشي صار عادي يعني لا دين ولا اخلاق بترده اذا ما كان يخاف من الله اصلا ثنكيو 
1094,اليهود حلمهم المدينة المنورة وليس القدس وقد دخلها اليوم أول مبعوث! وبالقرب من قبر حبيبنا محمد عليه الصلاة والسلام ! والصمت رهيب يشبه صمت أهل القبور!! يا أخي ندد فقط بمنشور على فيس بوك او تويتر! وتنتظرون الله ينصركم! الجبناء،والضعفاء والذين لا ينصرون دينه لا ينصرهم الله! انتم لا تستحقون النصر سيستبدلكم الله بقوم ينصروه وينصرهم ! 
1095,يا عمر حسين انت شغلك شنو ؟ 
1096,@User.IDX يقع وجودكم تحت ظل الجمهورية الإسلامية مسكين يحسب كل الخليج قطر 😂😂 
1097,اقسم بالله الفيديو يستحق وقفة احترام افضضضل ٣ دقايق على الاطلاق . 
1098,@User.IDX ابي اعرف وين هذا المؤتمر ومن الحضور ؟ 
1099,هيه ليه الولا حاجة لما بتبقى على يمين الحاجة بتبقى حاجةواما بتبقى على شمال الحاجة بتفضل ولا حاجة😂😂😂😂😂😂 
1100,@User.IDX المصروع وأنتم تعلمون ما عمله وما يخطط له ولكن إرادة الله فوق كل شي 
1101,@User.IDX هذي دعاية مدفوعة من كريم للتمويل و للسباب في خسارة اوبر .. واضحة واضحة وانا مالي في التحقيقيات كشفتكم ... كريم الراعي الرسمي هاه 
1102,بديهي ان التفتيش لسبب امني يا عمر اكيد مو عشان طفشانين ويبغو يفتشو الله يصلحك 😂💔 
1104,موضوع اكثر من رائع وانا اتفق معها في الرأى الانسان كائن عنيف بطبعه من ايام العصر الحجري شوفو وعدو الحروب منذ بدء الخليقة وكام ملايين من البشر اتقتلو على ايد بشر على مر العصور اولهم قصة قابيل وهابيل وكمان الانسان معروف بسفك الدماء وَإِذْ قَالَ رَبُّكَ لِلْمَلَائِكَةِ إِنِّي جَاعِلٌ فِي الْأَرْضِ خَلِيفَةً ۖ قَالُوا أَتَجْعَلُ فِيهَا مَن يُفْسِدُ فِيهَا وَيَسْفِكُ الدِّمَاءَ وَنَحْنُ نُسَبِّحُ بِحَمْدِكَ وَنُقَدِّسُ لَكَ ۖ قَالَ إِنِّي أَعْلَمُ مَا لَا تَعْلَمُونَ الانسان ابتدى سلوكه يتغير لما نزلت التشريعات السماويه والوضعيه لانه عنده استعداد يتعلم ويرتقي ده لو افترضنا فيه الفطره السليمه والشر والخير عند الانسان نسبي كمان حتى لو في قوانين تضبط حياته 
1105,@User.IDX @User.IDX لا شأن للدول الفقيره بمواقفها السياسية في التدخّل بشؤون السعودية الداخليه. كل من أُوقف قيد التحقيق ثبتت عليه قضايا تخابر مع دول اجنبيه. وفق الله حكام #السعودية_العُظمى لكل خير. 
1106,@User.IDX هلء سيدنا محمد كان يساوي هيك مع ناس لأهانته ؟ هذا مو دفاع عن دين لأن دين عمره ما قال اقتل و هدد مع عيلته؟ هي أعمال همجية امتى رح نخلص منها 
1107,@User.IDX لا حول ولا قوة الا بالله .. وانا لله وانا اليه راجعون 
1108,@User.IDX الله يعجّل بنصر حفتر ع أعداء الأمة 
1109,ما جرى ‏عشان ما يعرق 😂😂 
1110,عرفت عن التبرع من خواطر السنه اللي فاتت لكن البنك اللي بتعامل معاه ماصار يسمح لي اتبرع لهذي الجهه طبعا هذا الكلام صار له اكثر من 6 شهور. 
1111,هذا مو عمر الحقيقي هذا مستنسخ 
1112,@User.IDX الى يوم القيامه نصرب بالسيف لمن يخالف شرع الله ومن يعتدي نقطع راسه 
1114,اكتبو بالانستقرام وحوش الملوخية يحبون الكتب أيضا! هذا من حكم عمو عمر. 
1115,ان كنتم تريدون المقاطعة فلا تستخدموا اليوتوب و الفيسبوك و غوغل فهم يهود 
1118,Yasmine Mallek والله حسيت انو كوري جنوبي 
1119,@User.IDX وزير الدفاع حيبقي رءيس وان غدا لناظره قريب 
1120,@User.IDX ما حدا كان فاهم اليهود صح الا هتلر ...... 
1121,شوفتك في طيرات لندن في البص من المطار الااطيار كنت على يمينك 
1122,هذا أجمل برنامج بالنسبة لي تعرضه AJ+ ... انتاج موسيقي وفوتغرافي رائع، ولا ننسى التعليقات الجميلة من المعلق. أرجو أن تنشروا المزيد منه، وربما تعلقوا على أعمال فنية أخرى، كالقصص والموسيقى وغيرها ... الفن وعاء الروح البشرية. 
1123,ربي يبارك بعمرك يا جدي..تعال عنا واطعم حمام الاقصى كمان رح يحبوك ...رح صلي ركعتين في الاقصى واهدي ثوابهم الك ان شاء الله ...ما اجملك 
1124,@User.IDX لا حول ولا قوة إلا بالله 
1125,اسرائيل ليست بدوله فممن اين لها برئيس وهانتم تعترفون بالكيان وتدولون تطفله على ارض غيره يهود الشتات لم ولن تكون لهم دوله الى جهنم وبئس المصير الله لا يرحمو يارب ينحرق في نار جهنم وينشوي منيح منيح على نار هاديه الاهي يارب 
1126,دحيح لم اليله انا حلاق وي متبعك 
1128,برشلونة رمز الحرية والمقاومة ضد الاضطهاد اكتر من مجرد نادي 😍😍 
1129,نفسي أكون مثل دولا الغظماء 
1130,@User.IDX الملك عبد الله الثاني بن الحسين المعظم 
1132,@User.IDX عوضه الله عن ابنه الذي انتحر بجد خنقتني العبرة عندما قال بقيت بطل بس مالقيت مقابل... لما يا أوطاننا تضيق بين جنباتك أحلامنا لما كل هذا الظلم ؟ 
1133,حبيب السوريين انت انزل عسوريا وخصوصا حلب لتاكل اطيب اكل بالدنيا كلا 😂 شاورما سوري 
1135,حلقة غير حيادية و غير موفقة و غير متفقة مع واقع الأحداث 
1136,@User.IDX حزنني😭 سيت وليد فري بليز😭😭 
1137,@User.IDX @User.IDX لا تنسون دور الإمبراطورية العثمانية وتسهيلها أيضاً للهجرة اليهود للعالم العربي على مدى خمس مائة سنة وهذي صورة عملة تذكارية 😐 <url> 
1138,@User.IDX يا ليل الحين وين نلقى جوال يتعفط ، متأزمين يا سامسونغ 
1139,هذا هو صار الحين بين الشباب الواحد يتفاخر بأنه بزرنجي وانه جاب راس فلان والكلام هذا جد ولا يخفى على احد والمشكلة فيه بعضهم متزوجين والعتب على الاسرة اولا والمحكمة ثانيا لانه لا بتحكم بشرع الله ولاهم يحزنون تلاقي اثنين مكفوشين تحكمهم ٦ سنين بس والصح انه ترجمهم وتصلبهم لين تخيس جثثهم ولا يدفنون بمقابر المسلمين والله الشغله سهل القضاء عليها بس يبيلها (قمع) لاكن قالها رسول الله قاضي بالجنة وقاضيين بالنار 
1141,@User.IDX ماكرون في حاوية القطرجية اذا يواصل يدافع عن شبكة تجسسية. 
1142,عندي اقتراح للشعب العراقي يمكن انو يحل كل ازماتهم نطلع كل الشعب العراقي نصلي صلاة جماعه و ندعو الله و نبتهل من كل قلوبنا انو الله يفرج عنه عسى ان الله ان يفرج عنه اذا عجبك المنشور سوي مشاركه حتى يوصل الاقتراح اكبر عدد من الناس الدعوه تشمل كل اطياف الشعب العراقي و كل الاديان و القوميات و حتى الملحدين و البوذيه و الوثنيه و كل ديانه او معتقد 
1144,حلو الجو ده اوي يا صاحبي متعمل شغل مقارب لده عجبتني فكرته جدا وبيوصل الكلمات لقلب الواحد اكتر Ȝamo Kareem Gad 
1145,@User.IDX حتى تميم وظف عزمي بشارا ووظف القرضاوي وائبن القرضاوي مستشر لي ال،طاغوط تميم نحن دائمن نلتزموا السمة نتركوا المسؤلية لي اشعب القطري هم يرون ماذا يقع فيهم 
1146,@User.IDX يقول كتاب المسلمين المقدس في سورة التوبة: (إن عدة الشهور عند الله اثنا عشر شهرا في كتاب الله يوم خلق السماوات والارض منها أربعة حرم ذلك الدين القيم) آية 36 
1147,تحية من الجزائر 🇩🇿 الى جميع الاخوة العرب 🇧🇭🇪🇬🇾🇪🇦🇪🇹🇳🇸🇾🇸🇩🇸🇴🇸🇦🇶🇦🇵🇸🇲🇷🇱🇧🇯🇴🇱🇾🇰🇼🇮🇶 
1148,@User.IDX العسکر هم العسکر لا یتغیرو ولن یتغیرو✋ #تجمع_المهنيين_السودانيين_يمثلني #لم_تسقط_بعد 
1149,احلى شي بكل الحلقة ضحكتك 😄😂 
1150,@User.IDX شكله اكبر من قطر 😂😂😂😂 
1151,من هو المجنون الذي قد يصدق ان 10 سنين تكفيك لتعيش بثلاجة مليئة بالماء فقط هل يعقل انه عاش هذه التجربه بدون مروره مجموعة غينيس 😂 
1154,الصحراء للمغرب والي المغربوحفظ الله المغرب وشعبها 
1155,@User.IDX انت مقتنع بالسؤال اصلا ؟؟ ياسيدى احنا العرب بنقاطع بس العرب اللى زييينا وبس 
1156,@User.IDX بوسعدى كذابين من الله خلقهم 
1157,موضوع الحلقة هو تقريبا غكرة فيلم الحدود (فيلم لبناني قديم)  <url> 
1158,@User.IDX انتبهواذافرضناان هذاصدق لليجيكم نفس المصيرمن يهددالسعودية هذامصرية 
1159,اعجبتني الفقير يستهلك والغني يكبر 🌝.. اكيد الفقير بيستهلك لانه فقير يحتاج اشياء كثيره بعكس الغني كل شي متوفر عنده 
1160,عمر انته ممثل في برنامج الجامعه 
1161,عمر حسين الله يوفقك ويسهل امرك يابطل 
1162,بحترم جدا الاعلام الهادف المحايد صاحب الرساله اللى بتقدمه يا نيكولاس فى السليط الاخبارى ربنا يوفقك انت وكل فريق العمل شئ مشرف بجد .. 
1165,الاسبوع اللي راح طفيت جوالي الايفون وحطيت الشريحة في كشاف نوكيا لمدة أسبوع والله فضاوة وراااحه وانجاز 
1166,الحمد لله كنت ناوي اجرب السوشي . بس انا والدي نصحني اني مأكلش أي حاجه مش مطبوخه جيدا لأن في الاغلب الجراثيم والبكتيريا و الحاجات الي في اللحمه هتفضل زي ما هي موجوده لو مطبخش الاكل كويس 
1167,الغلط والجريمة بتكون من الخمس اشخاص يلي ما انتبهو للقطار وواقفين بمكان غلط وانت عملت كلشي عليك لتنقذن وما قدرت ولكن لما انت تروح السكة التانية عشان تقتل شخص بغض النظر انك انقذت خمس اشخاص ولكن انت قتلت شخص بارادتك ورغبتك يعني صرت انت القاتل وهيك بتقدر تقول ان يلي اختار القتل بارادتو هاد انسان غلط ويلي ترك الامور تمشي بحالها هاد الشخص العقلاني والصح ومن هون بنستنتج انو الواحد ما لازم يمشي ورا عواطفو بالامور الحاسمة بحياتو لان بتخليه يكون مجرم وهو بضل عايش بوهم البطل 
1169,من يرضى الزنى لبنات الناس ! و يمارسه بكل حرية ! فليخبر نخوته و رجولته هل يقبلها على امه او أخته او عمته او عشيرته و في الأخير نقطة ظعفه و مستقر غيرته زوجته ؟ مجرد سؤال ؟ 
1170,ما يجوز الموسيفى الله يسعدك 
1171,وراه الشيخ ساحب عليك ؟ 😂 
1172,والله الكن وحشي وبرافو عليكم حكيتو يلي ما حدا حكا واي يدنا سليييططططط رجعو 
1173,@User.IDX حتى هذا الخبر لم يتم ذكر اردوغان فيه وانه السبب الرئيسي للمشكلة بل تم تحميلها على رئيس بلدية اسطنبول واظهاره كمتناقض. 
1174,@User.IDX نفتخر فيك وان شاء الله راح توصل 🚘 ونشكر والده وكل اهله والناس اللي حوله على دعمه يستحق شهاب 
1175,@User.IDX هدا رأيك لا يهم أحد 
1176,@User.IDX تجديد بيـعة جنود الخلافـ ـة في سيناء للشيخ الحافظ أبي بكر البغدادي إغاظةً للمرتـدين والمنافقين والخوارين☝️🏻 فأبشر يا أمير المؤمنين بأنّ لك جنودا لا ينامون على ضيم .. <url> 
1177,للأمانه إستاذ عمر قريب جداًطحت على يومياتك اعجبتني فكرة الجولة من منظور طفل مستقبل مخرج 👍 
1178,الالكترون جسيم مادى لة خواص موجية مش سالب 
1179,@User.IDX على الاقل ماقتل ابناء عمه والا انقلب على ابوه عشان يحكم 
1180,@User.IDX هل نسوا ان هنالك يوم قيامة ورب سيحاسب ، هل هم في غفلة من امرهم ، هل هم في وعيهم هل هم مسلمون ، انه الأقصى اولى قبلتكم ، انه العهدة الإلاهية في ذمتكم تفرطون فيه، ماذا ستقولون يوم السؤال ، وربكم ستحشرون مع اوليائكم الصهاينة والخزي لكم يوم الدين لن
1181,Ayman Ed عابر سبيل طمنو خالي بدن يرجعو يصنعوه بس انشالله يكون فرلندي 😂😂😂 
1182,شوووو بدكن فيا لسا كل ماحدا عمل شغلة بيلحقوه لك تركو العالم بحالها قال بيطلع مشان مايصير قاتل بيجي بصير قاتل انترنت لو انتو زلم كان حكيتو عن ملك السعودية ورئساء العرب اللي لعنو نفس فلسطين وسوريا بس مو شاطرين الا ع بعض لازم اللي معيشكن يطعمي عقولكن قبل بطونكن واذا انت معيش حالك اعطف ع عقلك وطعميه 
1183,@User.IDX المصدر قناة الجزيرة يعني أن الخبر غير صحيح أو على الأقل نصف الخبر كاذب . 
1184,بحب السليط الأخبار لأنو بيقول الحقيقة 
1185,@User.IDX قال من بنى الفرن طلبوا فرن بمقاسات كبيره وقال الشخص الذي يحكي الجريمه بالتدقيق انهم قطعو الجثه لأنه كان طويل 😂😂اتفقو اولا ثم اكذبوو 
1187,ماذا عن صلاة الصبح ؟ 
1188,@User.IDX خلوكم في قضية خاشقجي السعوديه وحكامها عندهم مشاريع ازدهار البلد وانتم حتى تميم ماصرتو تدرون عنه هو في قطر ولا برا وبن سلمان تلاحقونه في كل مكان علشان تعرفون اخباره 
1189,في بلاد العرب أوطاني يتم تربية الطلاب على العنف. يتم تعنيفهم من قبل المعلمين ومن قبل الأهل. لذلك نحن مجتمعات همجية عنيفة هناك غريزة ثابتة في البشر تتجه إلى العنف مالم يتم تهذيبها. 
1190,إنه البظرميط المشفي! الفيديو ليس فيه معلومة واحدة صحيحة مثبتة.. فضلا عن أن يكون فيه معلومة مفيدة.. إذا كنت فعلا عاوز تقدم للناس علم فلازم يكون علم صحيح تم إثباته.. ثم تنشر ما يفيد، لكن خيال بظرميطي كدا !! شيء مؤسف، وطبعا عندك تعليق فوق يجعل الدين مجرد تفسير بدائي للكون ويجب تجاهله مع التقدم العلمي الحالي.. دا على اعتبار إن الافتكاسات دي علم.. وكالات الفضاء أصبحت عبارة عن بؤر لنشر الأكاذيب.. واحنا ولا يهمنا صحة المعلومة ولا شيء.. المهم المتعة الفارغة.. 
1191,@User.IDX اعود بالله من الخيانة و البرص الربا والميلة و المسكنة 🔏 
1192,@User.IDX الشعب الجزائري شعب حر لا يستهان به! لا يحكمه لا ملك و لا رئيس و لا شيخ و لا شيخة. رئيس جمهورية نفسه. شعب يحكم نفسه وهو الامر الناهي. #لا_للعهدة_الخامسة 
1194,لكل الي عندهم قناه او يريدون يسون قناه و ما عنده لابتوب و لا يعرف برامج المونتاج الي يحتاجها او ما يعرف افضل برامج المونتاج -------- يشوف اخر مقطع لي ----------------------------- (= 
1196,@User.IDX @User.IDX @User.IDX بلا سلة غذاء العالم بلا زفت اصلا ما مضيعنا الا العالم وخصوصا العالم العربي الي شايفنا عبارة عن ماء وخبز و لحم يملي بيها كرشو اما الشعب السوداني يحرق في 60. السودان سلة غذاء السودانيين فقط.للمعلوميه عمر السودان ما كان سلة غذاء
1197,انت طلعت اشياء في انفسنا يا عمر .. في خضم زحمة مواقع التواصل مافي احد فكر يتكلم في مثل هالموضوع .. ابدا .. ا ب د ا #شكرا 
1198,الاسلام هو الحضارة والتقدم راجع التاريخ ..ومافي داعي للاستخفاف بالعقول العربية المسلمة.....اذا استمرت هالسخافة رح ألغي الاشتراك 
1199,يا دحيح بالله عليك عاوزين حلقه عن ناسااا ياريت ال موافق على الفكره يضغط لايك عشان الدحيح يقطنع😉😉 
1200,انا ضد الناس الي كرهانين مروة انا برأيي مروة كتير مهضومة 
1201,"في البداية أحييك ع الجهد الجميل والتوثيق الرائع واشكرك على المعلومات القيمة الي تقدمها لكن عندي تصحيح صغييييير لك , ذكرت المنظور أكثر من مره وبالغتين وتصحيحي إن المنظور يترجم ب Perspective وليس Porspective كما ذكرت ولك كامل الشكر و التقدير "
1202,اخي ولله تلت دقايق ما بيكفوا.... طول الحلقات!! 
1203,هههههههههه تطوراتك الانتاجية في تقدم ممكن تعلمني حركة الطاولة المرورية شكرا . 
1204,@User.IDX ياك الموت يا تارك الصلاة 🤣 
1205,محتاجين حلقه عن مقوله التاريخ يعيد نفسه فهل يمكن ان شخص يخطو خطوات شخص مااات سابقا ينتهي الحال تكون مثله ... يعني تختار شخص غني و تحاول تقلد كل تجاربه و ثقافته و اسلوب حياته هل ينتهي الحال بنظريه التاريخ يعيد نفسه بشخصيات مختلفه 
1207,يتنافس الاعلام المصري للحصول على جائزة نوبل في التعريص. ياتري من سيكون الفائز? 
1208,الهدرة كلمة يمنية وتعني الكلام 
1209,برأيي باخذ قاعدة من مشهور الدبيان في إعلانات كصانع محتوى أن إذا جاني شركة تبغا تسوي معايا إعلان لازم أخذ سبب يستاهل أو حتى يعجبني منتج زي لو جاني مطعم و قالولي أسوي إعلان عن طبق جديد إذ أعجبني أسوي له إعلان و إذ لا ما في إعلان :) يليت تشوف قناتي وأنت تقرر يستاهل اشتراك أم لا للمعلومية : قرار بيدك :) وشكرا 
1210,ولسا احنا شعب. عايش علي الاعانات والمساعدات وهم حكومتنا تخلي ااشعب جعان. ال تخصم راتب المساكين بدل مافي الاف الشباب طاقات بشرية وعندها علم وابتكار 
1211,ما حبيت الرقص مو لايق مع المحتوى و ترجعوا بالسلامة بدون رقص 
1213,@User.IDX اللي اوله شرط آخره رضا رجعوا فلوس الجماعة ولا تبيعوا حقوق مبارياتكم من الاول 
1214,ماعم شوف غير عيون كبريتية مو نظيفة وطين بكل مكان ونفايات حولها ....!!؟؟! استيقظو قبل ان تنقرضو هاد اللي خلولكن ياه حمام تتباركو فيه ....! العراق كانت منارة العلم والحضارة والثقافة ... استيقظو... 
1215,@User.IDX ما في مثل الأم الله يكتب لها الأجر على تعبها وصبرها ويحفظه لها ويصلحه ❤️ 
1216,@User.IDX وإن لم تستحي فافعل ما شئت <url> 
1217,انا اسمي شعبان وعايش عادي 🤣😂🤣🤣🤣🤣🤣🤣 
1218,مااشوف اي عنصريه؟دوله تبي الرخاء لمواطنيها! حبكت الا المقيمين يبون هالمستشفى فيه مستشفيات كثير بالكويت! مابنو هالمستشفى الا اكيد فيه ضغط اشوفه شيء حلو يخف الضغط على باقي المستشفيات والكل يتعالج كل شيء حطيتوه بالعنصريه! 
1219,اكثر انسان تجحفل في يوم واحد 😂😂😂💔 كللللهم كرشوه 
1220,أكرم مخلوق عند الله هو سيدنا محمد ﷺ ومن يحبه أحبّه الله .. صلوا عليه 
1222,@User.IDX لا وألف لا لبوتفليقة وأربعين حرامي نعم للتغيير وسنواصل مسيراتنا السلمية هذا اليوم 26/02/2019 وكذا 1 مارس 2019 بعد صلاة الجمعة وسنقدم فيها الورود للشرطة تحت شعار (دولة والشعب خاوة خاوة) 
1224,@User.IDX حسبي الله ونعم الوكيل ربي يحميهم 
1225,تغيرت الجودة سواء بالنسبة للصوت او للصورة لماذا ؟! 
1226,من اجمل قنوات الفلوقير والله لازم يكون عندك اقل شي مليونين وشكرا على الفيديو 
1227,"مسويه حساب يوتيوب خصيصاً عشان اقولك انت رهيب مرررررررررّة , تراني كسوله وفتح حساب يعتبرانجاز "
1228,"""@User.IDX @User.IDX كالعادة حلقة متميّزة و خاصة من خلال طرح الأسئلة في نهاية كلّ حلقة👍🏼. و ردّا على سؤالكم في عدم إنكماش الجسم هو في تساوي ضغط الدّم مع الضّغط الجوي، مع التأكيد على أن ضغط الدّم يختلف من شخص إلى آخر حسب الجنس و حسب العمرو يتأثر بعدة عوامل خارجية أخرى: """" نشاط بدني، حالة نفسية و إلخ"""".. """
1229,تحسن في مستوى تقديمك وانتاجك للفيديو بس صوت الموسيقى نقصه شويتين 
1230,@User.IDX نسأل الله ان يجمع شمل هذه الأمة ويقوي شوكتها ،لعل ما فرقتهم السياسة تجمعه الرياضة 🌹 
1231,النص سريع جداً ولا يمكنني قراءته قبل أن يزول 
1232,يعيال الحين انتو الي في التعليقات كلكم تفكرو تصيرو زي عمر وكذا بس كل واحد وطريقته في الحياه ولا انا لحالي 😊 مو شرط زيه لا بس تاخذو من عمر اشياء تضيفها لنفسك ف الانسان ضروري يطور 
1233,ههههههههههههه مقاطعك خورافية ي شيخ #اصحاب_عمر شكلي تحمست 
1234,سبحان الله((خفت الدم لو ما أجت من ربي سيبوها )) 
1237,ياخي سرت لا اراديا كل ما اشوف اسم ثنيان اكتئب خلاص طفشتو اهلنا ترا ول 
1238,"""@User.IDX @User.IDX الحركة النازية ساعدت الحركة الصهيونية في تهجير يهود أوروبا إلى فلسطين، بالإضافة إلى دعم ألمانيا لدولة """"إسرائيل"""" سياسياً واقتصادياً وعسكرياً إلى جانب أمريكا ودول أوروبا وفي مقدمتهم روسيا 'الاتحاد السوفييتي' وبريطانيا وفرنسا. """
1239,تريد تقترض منا اي اعطينا بعدين اقترض😂😂 
1240,راح الله معو يفرحيني شوبدو يعمل مع ربو كلون عهطريق 
1241,عصابات حملت السلاح.. قتلت أبرياء.. هجّرت سكاناً أصليين.. ثم قالت: هيا بنا نبني دولة ديمقراطية! 
1242,من أين تأتي ياتميم بهذا الكلام الذي يبعث الطمأنينة في قلوبنا بعد سماعنا لك وعن واقعنا الذي يمر بين ثنايا حروفك ابدعت جدا 
1243,"""""""التعليم الحقيقي يبدأ بعد الجامعة"""" """
1244,عمر انت سيء بالفلوقات ولاكن جيد ب اسلوب ال 3 دقايق ناقد ملوخاوي P: 
1245,ناس الي تقول حلوين ولابقين لبعض ...اكيد الطيور على اشكالها تقع ... وخماج لبعضهم ..انتظروهم ..في رمضان قادم خانو بعضهم ..بعدو ما خططو لخيانة و طلاق مرتو سابقة ...ياجزيرة وخيتي ...اعرفي شتجبي ..علاه تشوه روحك 
1246,أتمنى تسوي حلقة عن كساد 2008 ، الى موافق يسوي لايك 
1247,Big like😍😍😍ممكن تخلي صحابك يشتركوا لنوصل للالف 😊ونعلن عن رابحين بالمسابقة 
1248,@User.IDX هل هاذا الإرهابي عمل هذي الجريمة بمشاركة او تم دفع له فلوس حتي يتم تغطية أفعال السعودية ومايفعل ابو منشار بالمهلكة 
1249,@User.IDX حسبي الله ونعم الوكيل في المسؤل عن هذا الحادث الأليم 
1253,كل ما تقول بص علي الحلقات الي فاتت جري افتح حلقه تانيه لينا الفخر والفشخره انك مصري لايك للمصريين 
1254,مبروك يا خالدي 🎉🎊🎉🎊بس ان شاء الله تعقل 😂😂😂والله يتممها على خير👍✌ 
1256,كلامك صحيح يا عمر لأنك بتاخذ أمثلة بيل غيتس ومؤسسي جوجل وسناب شات (الأمثلة اللي أنت تعرفهم) لكن في غيرهم كثييير انطرد من جامعة أو مدرسة وحقق ثروة هائلة لكنك ما تعرفهم .. في أمثلة في السعودية والكويت والصين واليابان والإمارات والبحرين والهند وسنغافورة ..الخ لأشخاص مروا بظروف صعبة جدا وقدروا ينجحوا .. أكيد الدراسة هامة وتساعدك كثير وأسهل طريق لكن ليست الطريقة الوحيدة للنجاح .. 
1259,@User.IDX @User.IDX سوريا حكمها الفرنسيين لمدة 26 عام والعثمانيين لمدة 400 سنة الحمدلله لم نحاول يوما ان نغير لغتنا بحجة ان فرنسا هي افضل منا في العلم واللغة الوحيدة المعترف فيها في كامل ارجاء سوريا هي العربية اللغة العربية من احد اللغات المعترف فيها في ا
1260,هذا دليل اما على جهل الغرب او انهم يحصرون الساميه فقط بليهود وتحديدا اسرئيل للمحاربت العرب والمسلمين الذين هم من سلالة سام ابن نوح 
1261,عمر اعترف بركت للعريس في الزفى😜😂🤣 
1262,@User.IDX قالت عائلة الشاب الفلسطينى زكي مبارك المعتقل في السجون التركية، إن السلطات في أنقرة قتلت ابنها حتى لا تظهر براءته فى إحدى القضايا المعتقل على ذمتها. ياليت تكون عندكم مصدقيه وتجيبو تقرير عن الشاب الفلسطيني الذي قتل في سجون تركيا/عفوا نسيت ان تركي
1263,@User.IDX نطالب حقوق الانسان والهيئات بالتحقيق في تعذيب وموت زكي الفلسطيني في السجون التركيه 
1264,@User.IDX صراحه اخر وحده فيهم جابت العيد 
1265,وايش بعد ههههههههه ليتك ماركزت عليها 
1266,حنسميك عمو عمر. الي معي لايك 😂 
1267,@User.IDX الله ينصرها اذا كان ما قلته صحيحآ. 
1270,اسم الحلقه : زياره ليوم المهنه في لندن 
1271,الطبيب له حق يفتح عيادة خاصّة ومايقبل التأمين ولو ماتبغى تدفع فلوس زيادة روح المستشفيات الي يغطيها التأمين. والطبيب لما شاف العضة سوا لك فحوصات زيادة عشان يتأكد إنه مو مرض خطير يحتاج علاج، ولو ماسوا شيء كان اشتكيت انه مطنش. وأبدًا مو شرط إن كل الأطباء يتفقون على نفس العلاج ومو كلهم خطأ لأن الطبّ مبني على دراسات وأحيانًا علاجين يكون لهم فعالية مشابهة وكل دكتور يرى انه أفضل طبقًا للدراسات الي قرأها وخبرته. وأنت قلت بنفسك البشر مو آلات فيعني مو كل شخصين عندهم نفس المرض وعطيتهم نفس الدواء بيجيب نفس النتيجة. لأنهم بشر. فغلطتك أنت أنك تتوقع أن الطبيب ساحر وحيعالجك باللمسة السحرية. وأخيرًا دكتور جلس نص عمره يدرس ويتعب بالنهاية ما لأي أحد حق أنه يلومه إنه ياخذ حق تعبه مثل أي تخصص ثاني. حقيقة محتوى الفيديو ينمّ عن الجهل.. 
1272,@User.IDX عندما نقول لا العهدة الخامسة نقول للعهدة الخامسة وما جاورها . 
1273,"1:01 الي انتبه على زجاجة الخمر , لايك بدك تسكر هاااا !!!!!! "
1274,@User.IDX لماذا لانهم لا يردون الخير لهذه البلدان 
1275,يقول المضاجعات ولا انا ما اسمع 
1276,مش فارقه معاي ، وقت ما أفضى بشوفها 
1277,طيب واللي ممكن يدفع مئة ريال عشان يشرب عصير اورنجينا !؟ يااخي اختفى من السعودية احد يقولي في اي مكان الاقيه وله هدية 
1278,@User.IDX فلسطين تملك المال المساعدات المحاربين الرجال القادة وإذا لم يتحرك الفلسطينيون وينقذو فلسطين فمن يتحرك على كل مواطن أن يدافع عن وطنه ونحن ندافع عنكم بالدعاء ولانملك لكم ولالأنفسنا ضرا ولانفعا 😎 
1279,@User.IDX @User.IDX ايا كان دافع هذا الشخص نشكره على هذا الموقف ويؤلمني الغريب يتعاطف والقريب يسخط ويسب ويؤذي الانصاف شيء جميل 
1281,@User.IDX @User.IDX اكيد فيهم عرق عربي . اه صحي هم عرب ، يالله نبدأ جلد بالذات . يا عرب قد ضحكت من جهلكم الجاهلية الاولى 
1282,المراءة المصرية معروفة بتعبها وشقاها اللهم عنها على شقاء الحياة 
1283,مثلي مثل اغلب الناس دايما اتعاطف مع الاجئين و العرب اللي فوضعية سيئة من بعيد لبعيد واتمنى اني اساعد بس حاسة انه صعب واننا بعيد وحتى التبرع ما جا ببالي ادور جديا مع انه عندي رغبة فاني اسوي هذا الشي اليوم بعد ماشفت فيديوهك لاني من متابعينك للي جدا يحترموك ومتاثرة بيك تبرعت مثلك الحمد لله بمبلغ اقل بس خلاني احس احساس جميل اني سويت اضعف الايمان على الاقل و فعلا على رايك ياعمر اننا نساعد في تخفيف الم هاذي الناس لو شوية احسن من اننا نترك الجرح يعفن في انتظار حل جذري شكرا الك اخي على كل شي بتقدمه انت اكثر انسان يستاهل انه الواحد يستقطع من وقته و يشوفك لانه بترسم الابتسامة وبنفس الوقت بتفيدنا وتخلي تفكيرنا احسن ملاحظة :تعليقي ليس رياء يضيع الاجر لان ماحد يعرفني شخصيا انا مجرد اسم مجهول هنا ولكن تعليقي عشان شهادة حق وعشان افرحاحسس عمر حسين بان اللي يسويه قاعد يفرق مع انسانة وحدة على الاقل 
1284,يا ليت عندي فلوس اقدر ااجر في فندق حتى لو خرة 😂 
1286,شكرا على قناتكم الجميلة التي تنتقد حكامنا الظالمين !!! استمروا 👍 
1287,انا بيبي اناسعيده جدا بهذاالفديو وأحب فديوهاتك 
1289,ليس كل من يقف خلف القضبان سجين ..هناك الكثير من السجناء في الخارج... 
1290,@User.IDX #تركيا تنوي زيادة قيمة بقاء الجيش التركي في #قطر 
1291,الجيل الثالث والظاهر أنه راح يبقى للجيل الثمانين 
1292,9:07 كنت احسبك بتشوف هل في شطاف جمب السيفون ولا لأ لأن مافي امل استعمل مناديل حمام اصبر لين اوصل بلدي والله هههههههه 
1294,مش فاهم يعنى بعد ما قمت بكل هذا التناقضات هل اختفت الاحمال او اصطلحت الاحوال او تحسنت الدنيا شكلا او مضمونٱ الله يعطى الحكمة والموهبه كهبة وشرفها ان توضع بموضعها الصحيح اما ان يكون صاحبها قائد يحث الناس على طريق الاصلاح او على الاقل دليل يريهم هذا الطريق اما ان يكون مجرد مصور لا يزيد مجهوده عن رسم ما كان او ما سيكون او ما يحلم به ان يكون فهذا درب من دروب الفن سيذوى بمرور الوقت 
1295,بدنا نضل بحمله رجعولنا الاسبتاليه حتى نلاقي رد من القناه العظيمه كبريت ❤❤❤😭😭 
1296,رد الكراش عليكمحكوم بسرعة النت😂😂😂 
1297,كل مقطع بطلعنااا ببلوزة 😂😂😂😂 
1298,الإعلامي معتز مطر يقول الإسلام لم يزدهر بالعرب يا ريت تحكي عن نظريته 
1299,الله يخلينا الأمن و الأمان هههههههههههههههه و الله إنك مبدع بكل معنى الكلمة أنت و كل فريق العمل تحية لكم 
1300,تاني حاجه انت بتتكلم عن الاسلام بطريقه عفشه ليه ها انت منتش عارف انن سبب ازدهار اروبا وكتر الحجات احنا اللي عملنه في القرون الوسطا كانت اروبا مجازر بس لقونا بنزدهر في الهندسه و العلوم و علوم الفلك و الفزياء و الرياضيات تنهم متحدين 
1301,محتوى رائع ومهم ✋شكراً من أعماق قلبي ❤😍 
1302,@User.IDX كل التقدير والاحترام لرئيسة وزراء نيوزيلندا 
1303,هذا طبيب لي جمعهم هو مريض نفسي....حمدلله على نعمة الاسلام 
1304,@User.IDX من الحكمة ان لا تتجاهل المملكة التهديدات الايرانية وان تأخذها مأخذ الجد من الاستعداد الحقيقي والتعبئة وتجنيد الشباب للخدمة العسكرية 
1305,والاطباء عندنا في الجزائر يلهتون وراء زيادة الجور وشراء الليبيزا والبولو سيارات الفخمة احشموا وشوف الناس لتحب عملها وتخدم بضميرها الانساني والعملي 
1306,هليل قاضي قضاة الأردن ..وسحّيج شرعي للملك. -------------------------------------- هو لا يملك من أمره أن يستقيل النظام أمر #هليل_يشحد في خطبة الجمعة ثم لما صاروا مسخرة ضحوا به وأمروه أن يستقيل. وذلك بعد عشرات السنين من النفاق. #اتعظوا_يا_أتباع_الظلَمة 
1307,@User.IDX وايه الاسائه في كده حتي الضرب الضربه كيوت يعني المرأه حاتضحك وهي بتضرب ليه الهجوم ده بقي 
1308,@User.IDX يمكن حد سبقه في الاختراع بس ليكون مدعوم من المؤسسات البيئية هذا دليل على أن الاختراع متكامل من ناحية التحكم في كمية الغازات المنبعثة والمواد الصلبة المتبقية من الاحتراق 
1311,طيب ايش صار عالاجتماع ؟!! 
1312,لا اظن انهم بشر فعلا لا رحمة ولا إنسانية حقا لا تستهلون نعمة الحيوان 
1313,الشاورما السورية ومن الشام بالذات مع توم على رأس سندويشة و شويه دبس رمان 
1314,@User.IDX ياليت يحصل لها الجلد والضرب والكهرباء لكن الأسف سجوننا ماتتعامل بهذي الطريقة 
1315,@User.IDX الله يرحمهم برحمته الواسعة الله يعينكم اهل مصر على هذا البلاء (السيسي) 
1316,"""غباء العرب العظيم : ﻳُﻘﺎﻝ ﺃﻥ ﺳﻠﻤﺎﻥ ﻣﻠﻚ ﺁﻝ ﺳﻌﻮﺩ، ﺣﻴﻦ ﺯﺍﺭ ﺭﻭﺳﻴﺎ ﻣﺆﺧﺮﺍً، ﺳﺄﻝ ﺍﻟﺮﺋﻴﺲ ﺑﻮﺗﻴﻦ : """"ﺳﻴﺎﺩﺓ ﺍﻟﺮﺋﻴﺲ، ﻣﺎﺫﺍ ﻓﻌﻠﺖ ﻟﻴﻜﻮﻥ ﻋﻨﺪﻙ ﻭﺯﺭﺍﺀ أﺫﻛﻴﺎﺀ !!..""""، ﻓﺄﺟﺎﺑﻪ : """"ﺍﻷﻣﺮ ﺑﺴﻴﻂ ﻟﻠﻐﺎﻳﺔ .. ﻓﺎﻧﻈﺮ"""".. ﺛﻢ ﻧﺎﺩﻯ ﻋﻠﻰ ﻭﺯﻳﺮ ﺍﻟﺪﺍﺧﻠﻴﺔ ﻓﻼﺩﻳﻤﻴﺮ ﻛﻮﻟﻮﻛﻮﻟﺘﺴﻒ، ﻭﻗﺎﻝ ﻟﻪ : """"ﻓﻼﺩﻳﻤﻴﺮ ﺳﻮﻑ ﺃﺳﺄﻟﻚ ﺳﺆﺍﻻً، ﻭﺇﺫﺍ ﺃﺟﺒﺖ ﻋﻠﻴﻪ ﺑﺈﺟﺎﺑﺔ ﺧﺎﻃﺌﺔ ﺳﻮﻑ ﺃﻃﺮﺩﻙ ﻣﻦ ﺍﻟﻮﺯﺍﺭﺓ، ﻭﺇﺫﺍ ﺃﺟﺒﺖ ﺑﺈﺟﺎﺑﺔ ﺻﺤﻴﺤﺔ ﺳﺘﺒﻘﻰ ﻓﻲ ﻣﻨﺼﺒﻚ ؛ إﻧﻪ ﺍﺑﻦ ﺍﻣﻚ ﻭﻟﻜﻦ ﻟﻴﺲ ﺃﺧﻮﻙ ﺃﻭ ﺃﺧﺘﻚ ﻓﻤﻦ ﻳﻜﻮﻥ !!. """" ﻓﺮﺩ ﺍﻟﻮﺯﻳﺮ : """"ﺇﻧﻪ ﺳﺆﺍﻝ ﺳﻬﻞ ﻳﺎ ﺳﻴﺪﻱ ﺍﻟﺮﺋﻴﺲ ... ﺇﻧﻪ ﺃﻧﺎ"""" ﻓﻨﻈﺮ ﺍﻟﺮﺋﻴﺲ ﺑﻮﺗﻴﻦ ﺇﻟﻰ ﺍﻟﻤﻠﻚ ﺳﻠﻤﺎﻥ ﻭﻗﺎﻝ ﻟﻪ :""""ﻫﻞ ﺭﺃﻳﺖ ﺇﻧﻬﻢ ﺃﺫﻛﻴﺎﺀ ﺑﺎﻟﻔﻄﺮﺓ """".. ﻭﺣﻴﻦ ﻋﺎﺩ ﺳﻠﻤﺎﻥ ﺍﺳﺘﺪﻋﻰ ﺍﻟﻮﺯﻳﺮ ﻋﺎﺩﻝ ﺍﻟﺠﺒﻴﺮ، ﻭﻗﺎﻝ ﻟﻪ : """"ﻳﺎ ﻋﺎﺩﻝ ﺑﺪﻱ أﻃﺮﺡ ﻋﻠﻴﻚ ﺳﺆﺍﻝ، ﺇﺫﺍ ﺟﺎﻭﺑﺖ ﻋﻠﻴﻪ ﻏﻠﻂ ﺭﺡ ﺍﻃﺮﺩﻙ ﻣﻦ ﺍﻟﻮﺯﺍﺭﺓ، ﻭﺇﺫﺍ ﺟﺎﻭﺑﺖ ﺻﺢ ﺭﺡ ﺗﺒﻘﻰ ﻭﺯﻳﺮ .. ﺇﻧﻪ ﺍﺑﻦ ﺃﻣﻚ ﻭﻟﻜﻦ ﻟﻴﺲ ﺃﺧﻮﻙ ﺃﻭ ﺃﺧﺘﻚ ﻓﻤﻦ ﻳﻜﻮﻥ !!...؟ """" ﺑﺪﺃ ﺍﻟﺠﺒﻴﺮ ﻳﺘﺼﺒﺐ ﺑﺎﻟﻌﺮﻕ ﻭﺍﺳﺘﺠﺪﺍﻩ ﺃﻥ ﻳﻤﻬﻠﻪ ﺃﺳﺒﻮﻉ ﻟﻴﺠﻴﺐ ﻋﻠﻰ ﺍﻟﺴﺆﺍﻝ ... ﺫﻫﺐ ﺍﻟﺠﺒﻴﺮ ﺇﻟﻰ ﻛﻞ ﺍﻷﻣﺮﺍﺀ ﻭﻟﻜﻦ ﻟﻢ ﻳﻌﺮﻓﻮﺍ ﺍﻹﺟﺎﺑﺔ؛ ﺍﺳﺘﻌﺎﻥ ﺑﺎﻟﻌﺮﺍﻓﻴﻦ ﻭﺍﻟﻤﺒﺼﺮﻳﻦ وما عرفوا... ﻓﻤﺎ ﻛﺎﻥ ﻣﻨﻪ ﺇﻻ ﺃﻥ ﺍﺳﺘﻨﺠﺪ ﺑﻮﺯﻳﺮ ﺍﻟﺨﺎﺭﺟﻴﺔ ﺍﻷﻣﺮﻳﻜﻲ، ﻭﺳﺄﻟﻪ : """"ﺇﻧﻪ ﺍﺑﻦ ﺃﻣﻚ ﻭﻟﻜﻦ ﻟﻴﺲ ﺃﺧﻮﻙ ﺃﻭ ﺃﺧﺘﻚ ﻓﻤﻦ ﻳﻜﻮﻥ!!...؟ """" ﻓﺄﺟﺎﺏ ﺍﻟﻮﺯﻳﺮ ﺍﻷﻣﺮﻳﻜﻲ :""""ﺳﺆﺍﻝ ﺳﻬﻞ ﺇﻧﻪ ﺃﻧﺎ """" ﻋﺎﺩ ﺍﻟﺠﺒﻴﺮ ﺇﻟﻰ ﺳﻠﻤﺎﻥ ﻭﻫﻮ ﻓﺮﺣﺎﻥ، ﻭﻗﺎﻝ ﻟﻪ : """"ﻋﺮﻓﺖ ﺟﻮﺍﺏ ﺍﻟﺴﺆﺍﻝ ﻳﺎ ﺳﻴﺪﻱ ﺍﻟﻤﻠﻚ، ﻓﻘﺎﻝ ﻟﻪ ﺍﻟﻤﻠﻚ: """"من ﻳﻜﻮﻥ""""!? ﻓﺄﺟﺎﺏ ﺍﻟﺠﺒﻴﺮ بكل ثقة: """"ﻫﻮ ﻭﺯﻳﺮ ﺧﺎﺭﺟﻴﺔ ﺃﻣﺮﻳﻜﺎ ﺭﻳﻜﺲ ﺗﻴﻠﺮﺳﻮﻥ"""".. ﻓﺄﺟﺎﺑﻪ اﻟﻤﻠﻚ: """"لا ﻳﺎ ﺣﻤﺎﺭ، ﻫﻮ ﻭﺯﻳـﺮ ﺩﺍﺧﻠﻴـﺔ ﺭﻭﺳﻴﺎ ﻓـﻼﺩﻳﻤﻴـﺮ ﻛﻮﻟـﻮﻛﻮﻟـﺘﺴﻒ!! 👌😍😂😂😂😂😂😂😂 """
1318,الفكره دي لو موجوده فمصر مش هنكفيها صناديق.. ومش بس هيكون اطفال مجهولة الهويه لااا ده هيكونو معظمهم اطفال اهاليهم مش قادره تصرف عليهم 
1319,نعيما نيكولاس على قصة الشعر الجديدة 😄😀 
1320,@User.IDX حسبنا الله ونعم الوكيل الله يصبر اهلن 
1321,يخدك ويوديك انك تفهم؟عادي بتفهم مفهاش حاجه 
1322,منتظرين بفارغ الصبر و رمضان كريم 
1324,@User.IDX ألا توجد حكومة متى تظاهر شعبها قالت لبيك شعبي، سمعا و طاعة. إما القمع و إما القمع و إما الاستخفاف بقرارات وهمية. 
1325,تستحق التنويه واو روعةقمة للإبداع فن سيكون اكتر عطاء لو استعمل لخدمة القضياالسياسية 
1326,نريد ان تتكلم في حقوق المرأه في السعوديه 
1327,فى مصر مش بيوافقوا يشغلوا مضيفة طيران محجبة والحجاب بيبقى عائق كبير 😂😂 
1328,حلقة جميلة جدا جدا، نشكرك عليها،فقط غير الـ if loops الى for loops 
1329,@User.IDX مصر بأذن الله بتتقدم للافضل وكله ظاهر على الارض من مشاريع فى كل المجالات غير كده كلام فاضى لناس فشلت فى خراب مصر🇪🇬🇪🇬🇪🇬 
1330,"""افتقدنا فقرة """"دحين من جد من جد انتهى"""" 🙄😂! """
1331,ايش حكاية الملوخية التي اشوفها تقريبا فكل فيديو 
1332,لن يشعر احد بالامن حتا تقوم الساعة 
1333,طبعا شكد جنت احبك ومتابعك بس بصراحه ذكرت كلشي ما ذكرت العراق سابقا وقفته ويه فلسطين والاحتجاجات والمضاهرات وفصائلنه وجيشنه الي هستوهم خلصو من حرب ضد داعش وجاي يخططون يدخلون فلسطين انته تدري الحشد الشعبي العراقي اذا طب القدس يحررهه بسبوع 
1334,محتواك دائما جميل وتشكر على مجهوداتك..انت مو منافق كبيير ..ولكن ( م تكتر المهلبية). مثل سوداني 💕 
1335,@User.IDX حجم كبير من ناشطي كان منصب حول الحقوقيه السعودية !!! هذا يستهبل ولا يستعبط يا ابني بلدك فيها مصائب كثر شيب راسك ليه ماتتكلم فيها وتكرس كل جهدك ع القضية ليشش ؟؟ انتم هنا تأكدو لنا انك تقبضوا ورا نشر هالاخبار يا الصحفيين ، شر البليه مايضحك والله _xD83D_
1336,@User.IDX على العسكر تسليمها لاذناب قطر 
1337,لو في هشتاقات أو مواضيع في تويتر شائعة ماحد يفهمنا ايش المقصود منها الا عمر ٣ دقايق مفيدة 👍 
1338,@User.IDX وين تكون فرنسا والله ما حتتعدل وابقوا قابلوني هاه ههههههه.... ياماما فرنسا تبيع السلاح كيف تقضي على توتر دي تشعل امو وكل العيلة 
1339,@User.IDX في حياة كل انسان لحظة .. لاتعود الحياة بعدها كما كانت قبلها. 
1340,@User.IDX ليكون يبغون يبنون هيكلهم المزعوم !خصوصا بعد ولادة بقرتهم الحمراء!!! 
1341,قُلْ إِنَّ صَلَاتِي وَنُسُكِي وَمَحْيَايَ وَمَمَاتِي لِلَّهِ رَبِّ الْعَالَمِينَ (162) لَا شَرِيكَ لَهُ ۖ وَبِذَٰلِكَ أُمِرْتُ وَأَنَا أَوَّلُ الْمُسْلِمِينَ (163) بتمنى من الله انه تكون هل ايه دائما ضمن هدفك من كل شي وتصرفاتك بهل الحياه اسأل الله لك الرشد والتوفيق 
1342,الي منتظر الحلقه حق عمر الجديده لايك 🌚😂😂 منتظر المقدمه الحلوه 
1343,@User.IDX كان عليكم ان تكونوا في صف الشعب السوداني من الأول وليس الان بعدما سقط خرجتم لتركبوا الموجة ... تلك سقطة من سقطات الجزيرة و نتمنى ان تفيق و تعود لمسارها المعهود إذا صح هذا المسار 
1344,الفيديو بطل. مع اني ما فهمت كيف 3 زوجات يسيرو زي الكنبة بس جميل كلامه وبصراحة (مثالي). يعني نتفاءل ونقول ان شاء الله تتغير فكرة انه العروسة تجي على فرش جاهز. بس كمان نكون واقعيين وما نفترض انها حتجي على بلاطة :) اقلها يجيب بلاطة غير حقت حوش المدرسة البيضا المربعة دي :( 
1347,انسان رههههههههههههههيب واااااو عمر حسين انت الافضل متابعينك من الجزائر ** 
1348,الصراحة الصلعة ماتجي عليك لا تعيدها الا لو عمرة او حج 
1349,ليه ما اتخيلش عالم عادل للذكور والاناث معا وكل واحد ياخد الدور المناسب لقدرته وطموحه الرجالة زينا بيحبوا العدل جدا ولو لقيوا نظام عادل وبيراعيهم وبيراعى الستات كمان مش هيزعلوا يعنى مفيش راجل مثلا هيرتاح وهو بيلاقى امه او اخته بتعانى او حتى ست ميعرفهاش الكلام ده ينطبق بس ع الناس السوية مش الرجالة اللى عندهم عقد من الستات ولا الستات اللى عايشة دور الضحيه واوشكت تلوم الراجل ع ثقب الاوزون حتى 
1350,والله مشترك بقناتك من 2015 وتستاهل المليون مشترك 
1351,نفس الجيوش العربية لما تقمع شعوبها بالضبط لكن الفارق انه اللي بيقمع الفلسطينين هم جنود لكيان محتل سارق للارض هم اعداء الله وبالمناسبة هم ما بيقبضوا رواتبهم من ضرائب الفلسطينيين اما الجنود والعسكر اللي بيقمعوا الشعوب العربية اللي بيكسروا عظامهم في الميادين والشوارع والقرى والمدن هم يقبضوا رواتبهم من ضرائب الشعب الذي يقمعونه 
1352,@User.IDX ... أتظنين أمريكا أنكِ بتحـالفاتك ودعمك لمرتزقة الرافـضة والاكراد والصحـوات، قد قضيتي على الدولة؟! فلتخسـئي امريكا فإن راية التوحيـد رُفعت ولن تنكّس و أبشـروا بجيلٍ تربى تحت ظل الخلافـ ـة سيحرق الارض من تحت أقدام الكفـر <url> 
1353,واضح من إستنتاجاتك ف الحلقة دي إن الأخلاق مش مشروطة بالأديانوالدليل بسيط .. مثلاً : اليابان 
1355,@User.IDX الله ينتقم من كان السبب في قتل أطفال اليمن ،يارب عجل في هلاك الظالمين،وارنا عجائب قدرتك فيهم عاجلا ياجبار يامنتقم. 
1356,هوا طبيعي اني اضحك كل ما اشوف دا الفديو بسبب كلمة حمان؟ 
1357,@User.IDX عسى أن تكرهوا شيئا وهو خير لكم بفضل هذه الدماء الزكية يتلى القرآن في البرلمان النيوزيلاندي وان شاء الله تكون سببا لدخول الناس في دين الله افواجا 
1358,شباب الغلط بشبابنة الي عايشين بامريكا شوهو صورة الاسلام والعرب 
1359,@User.IDX @User.IDX احنا احرار في بلدنا من حقنا نمنع اي حد ما يدخلش بلدنا امريكا واوروبا بيعملوا كدة 
1360,اسمي عبدالرحمن التوم واتمنى تطلع اسمي في الفيديو الجاي😙 
1361,الزواج في ادلب اصبح من اهون ما يكون المنزل والوظيفة و العفش الخ غير مهم المهم يتزوجو فقط 
1362,@User.IDX نفس شرطتنا ما شاء الله وافد عربي سكران بمكسر وفانيله غسل شراع راعي دوريه بالشارع 😂😂 
1363,حبيبي فش داعي للفلسفة ترا انت حافظ مش فاهم. انت شو اعرابك من اللغة مشان تحكي على روسيا؟ فش داعي تبين انو روسيا الساحرة الشريرة و فرنسا الام الحنونة يعني حارتنا ضيقة و منعرف بعض ؛) لما بدك تغلب حالك و تعمل برنامج و تصوير و مدري شو خلي عندك مصداقية و بين كل الحقائق مش على خاطر اهلك تحكي :* 
1364,رائع جدا اشترك في قناتك وانا صديق لك 
1365,عمر حسين استمر وحنا معاك اتابعك من ايام على الطاير مبدع وخلوق ومدريدي 
1366,أنا ماني سعيد بس الي يسعدني حضون أمي 
1367,@User.IDX فلسطين داري ودرب انتصاري هاكذا تعلمنا نحن الاردنين في اصغر وتعليم في اصغر كانقش في الحجر 
1368,الحكومه السودانية تستحق ذلك لانها تنازلت عن جزء مهم من السودان مقابل ضمانات لم تحصل منها على شئ 
1370,Zayna Rabea خلص انا بروح مجرمة هنالك كرمال الشرطة..... المهم اروح اليابان 
1371,أول مرا أدخل قناتك وهذي أول حلقة أشوفها حبيتك والله العظيم ،الله يسعدك ويسعد كل مصري على وجه الأرضض ويوفق محمد صلاحح 😂❤️❤️🇸🇦 
1373,الحريم مو غلطانين لكن السعوديه هيا الي غلطانه ما هيئة الشعب من زمان 
1374,@User.IDX حن نكره اليهود لأنهم قتلوا الشعب الفلسطيني وعذبوهم واتعبونا واتعبوهم ما القصد ان اليهود كلهم أشرار بعضهم طيب والله ان كنا نعيش جنب بعض قبل ٩٢ سنه وبينا وبينهم عيش وملح والخبيث موجود في كل مكان في العالم 
1375,@User.IDX رحمهم الله جميعا ً وجعل مثواهم الجنة والهم ذويهم الصبر والسلوان وأنا لله وانا اليه راجعون 
1376,@User.IDX يارب لاترنا قوتك وارحم ضعفنا 
1377,الحين اصحابك سارو ٢٠٠ الف ماشاء الله بدال ٢ 
1378,01:27 يشبة الملك عبدالله الله يرحمة 
1379,الي متحمس لي فلوق بوكيمون قو ، لايك 😄 و الي مو متحمس لي فلوق بوكيمون قو ، لايك 😅 
1380,اي او نستي المعارضة السورية !! 
1381,إلى الرئيس الأمريكي دونالد ابن ترامب.إن لم تتراجع عن الإعتراف بالقدس عاصمة للكيان الصهيوني سوف نأتيك بجيش أوله في الفيس بوك وآخره في تويتر ولنأتينك بقوم يحبون تغيير صورهم الشخصية بصورة القدس كما تحبون أنتم تغيير صورة الواقع على الأرض. 
1382,@User.IDX هيا ادولها جائزة نوبل للسلام . توكل كرمان . انتو كورما 
1383,كمل ليش ما كملت ماهي الامم المتحدة ومن المتحكم فيها وعند من الكلمة النهائية .؟ 
1384,@User.IDX @User.IDX إنت متخيل الوضع عامل إزاي 💔 
1385,"""هاد الكلام الصح.. ليس كل ما ينشر على الانترنت صحيح وبإمكان العقل البشري """"السليم"""" التمييز برأيي. """
1388,@User.IDX هذا شي جميل انها تحتاج لإذن والدها هذا من بر الوالدين وتاخذ معاها دعوه طيبه من والدها ان الله يحفظها ويوفقها وييسر امورها انتم استمرو على وضعكم مشردين كل يوم في بلد ومالكم هدف في حياتكم وماتعرفو ايش مصيركم 
1389,زيارة ليوم المهنه في لندن 
1390,هذي نتيجة الثورات ...... باختصار 
1391,"@User.IDX فعلا الإرهاب لا دين له ,, حسبنا الله ونعم الوكيل. . "
1392,ضيفوني سناب anas-43551 انشر لكم كلكم تستاهلون 
1393,أغلب المعلومات مغلوطة لكن في الحقيقة العشرية السوداء ستظل من بين أسوء ما مرت به الجزائر (زلزال بومرداس فيضان باب الواد) وستبقى نقطة سوداء راسخة في ذهن وقلوب جميع الجزائريين وحتى الحيطان والأبواب لاتزال شاهدة على ذالك😢😢😢 ربي يرحم اللي ماتو وربي يقدم لكم الخير ولبلدكم الغالي على قلبي وان شاء الله القادم أجمل. وباسمي اتأسف ان المغرب خذل الجزائر بغلقه للحدود بحجة الخوف من دخول الارهاب. #الله_غالب 
1394,الله يرحمهم ويغفر لهم ويتقبلهم بقبول حسن.. ويجعل هذا المسجد عامر بذكره إلى قيام الساعة.. قصه مؤثره .. يا أصحاب الفلوس تصدقوا واعملوا ما ينفعكم في دار البرزخ وفي الاخره .. لا تجعلوا الحياه الدنيا غرور ولهو ولعب .. استخدموها فيما يرضي الله وفيما ينفعكم.. *أموالنا لذوي الميراث نجمعها* *ودرونا لخراب الدهر نبنيها* 
1395,لما تبقوا تعملو قناة للدحيح منفصلة هشترك يابدير انما كل شوية الاقى سليط و سفرطاس وشنو 
1396,Aj+ الم تكتفي بان تكون باللغة العربية 
1398,برنامج ممتاز و هادف. الله يبارك فيكم و يوفقكم. شكراً كتير على هذا البرنامج الممتع الجميلمصطفى الأشرم 
1399,سائق القطار اخواني ولو مطلعش اخواتي يبقي القطار نفسة اخواني والقطار لومطلعش اخواني تبقي القضبان الحديدية هي الإخوانية 
1401,ي خي أنت رهيب.. اسلوب تقديمك صار افضل بكثييير عن على الطاير .. استمر. 
1402,يارجل تشتيت ذهني وضيعنا بالشرح مع انك لو حذفت الفواصل ممكن يكون الشرح رائع ومميز و وافي 
1404,@User.IDX رجعوا لها بيتها وعطوها معاش .. الله يحفظها .. 
1406,اهم شي الثقة ي قمر 😂 
1407,@User.IDX طبعا المتنورين من العرب والمسبحين بحمد أوروبا لا يخجلون من محاولة طمس التاريخ الإجرامي لها ولا من محاولات جلد الذات 
1409,@User.IDX هذا البابا يناقض الانجيل وكلام المسيح عندما قال (إنجيل مرقس 16: 15) وَقَالَ لَهُمُ: «اذْهَبُوا إِلَى الْعَالَمِ أَجْمَعَ وَاكْرِزُوا بِالإِنْجِيلِ لِلْخَلِيقَةِ كُلِّهَا 
1410,@User.IDX فهم اكبر دولة للعنصرية بكل اشكاله 
1411,مو احسن اذا صارت 9878978989min ? 
1412,لو في إحدى بلداننا العربية كان مش 7 ايام بل 7 سنين 😂 واشك انه رح يخلصوه ب 7سنين اصلاً 😂 لنا الله😞 
1413,@User.IDX معقول الى هذا الحد وصلت السذاجة و الاستخفاف بالحضور و الآخرين !!!!!!!! فعلا و باللهجة المصرية : عجبي ! 
1414,شكرا لك سلطان وشكرا للبيج الذي يحاول نقل لنا احداث تاريخية حدثة في الماضي وبموضوعية هذه الحقيقة التي كان يعانيها الفلاح والعامل العراقي في النصف الاول من القرن الماضي من اضطهاد واستغلال وظلم من قبل الحكومة الملكية التبعية وحتى وصل في بعض الاحيان الأحيان إلى تصفيت بعض القادة العماليين وبعض السياسيين شكرا للفنان الذي رسم ماضينا السئ واما سؤالك عن كيف سيرسم الفنان حاضرنا فسيحتاج إلى الاف الرسومات لتلخص هذه الحقبة السيئة 
1415,@User.IDX احترمو عقول البشر هذا الفلسطيني من قتله <url> 
1416,@User.IDX طب وبالنسبة للمثلية الجنسية موافقين عليها انتم 
1417,@User.IDX جلالة سيدنا الملك عبدالله بن الحسين 
1418,قبل ست سنوات اشترى والدي قطعة ارضية ١٤٥ متر مربع ب٤٣ مليون سنتيم اي ٤٣٠٠٠٠ درهم اكثر من ٤٥٠٠٠$ دولار و المشكلة في مدينة تاوريرت مدينة بسيطة و لا تتوفر على ابسط مرافق ك مسبح بلدي او ملاعب القرب او اسوق او مساحات خضراء مدينة نهبها المجلس البلدي السابق طيلة ٢٠ سنة الماضية في حين نرى قطع تباع بثمن زهيد لخدام الدولة و الغريب في الامر في المدن الكبرى و في الاحياء الراقية والدي دفع اكثر من ٣٠٠٠ درهم للمتر واحد اي ما يعادل ٤٠٠ دولار اما خدام الدولة ب ٣٠٠ درهم اي ٣٨ دولار !!!! السرقة و نهب ثروات الشعب و الملك يتساءل اين هي ثروة المغرب ؟؟؟؟ لا حوة ولا قوة الا بالله حسبنا الله ونعم الوكيل 
1419,العالم العربي قرر يا نيكولاس يتخلى عن العرب لانو العرب و مع احترامي هم الي سمحوا لليهود بتدنيس اطهر بقاع الارض و هي قدسنا العروبة ماتت من زمان الله يرحمها 😵😵😵 
1420,جيبلنا شي يناقض الارهاب وكسر شوكتهم 
1421,@User.IDX من يقطع جثة إنسان لمجرد كونه يصدح بفكرة مغايرة لفكرته سيهون عليه الضرب والجلد والصعق بالكهرباء والإغتصاب وليس مجرد التهديد به...من يكون رأسماله نفط أو غاز أو سلاح ليس كمن يكون رأسماله هو الإنسان.. 
1422,@User.IDX الغريب انه هو نفسه مهاجر ويعادي المهاجرين! دول كــ امريكا وكندا واستراليا ونيوزلندا تأسست من الهجرة ! 
1423,تركيا جارها ومن حقها تشترك لو اوقدوا نار جنبك بتصلك الحرارة 
1426,اني صحيح اكره التماسيح وكلش اتقزز منهم بس حرام هذا هم روح والله خالقة واله مكانة وفائدتة بلطبيعة 
1427,@User.IDX والله كنت أتوقع هذا من اليمين الإرهابى ، ليس فى نيوزيلاند فقط ، ولكن سيأتيها التهديد من الإرهابيين من أنحاء أوروبا وأمريكا. 
1428,"@User.IDX الجزيره تتمسك بقشه ,عسى ان تنقذها من الغرق هههههههههه "
1429,فين الفيديو تبع مشكلتك مع زين ما نزلت تكملتها 
1430,هاي دول سايكس بيكو لا تمثلنا 
1431,المميز انو حافطو علي لباسهم وبانو انو جزائرين مزاب وليس متل البعض يلبسلك لباس لاعلاقة وايذوب اومبينش اصالتو ولايعتز بها ازول ولن نزول 
1433,@User.IDX و لما لا يقبل رجولهم وهم انتزعوا ارض مسلمه لتكون دولة مسيحيه في جنوب السودان و كما هو مخطط لمصر لتكون الإسكندرية مسيحيه في شمال مصر 
1434,بدنا حلقة عن مجرة درب التبانة الي معي لايك عشان يشوف التعليق 
1435,سبحان الله في وجه نور لم أراها على كثير من (المشايخ )في وقتنا الحالي !!! 
1436,يا رجل انت ملكاااش حل !!رائع مبدع وفريق العمل بجنن ... واهم اشي في فكرة وهدف ❤ 
1437,@User.IDX @User.IDX ربنا ينولها ألفي بالها يارب 💔 
1438,عمر أحسنت وإلي الأمام بس سؤال إيش إسم الفندق ؟ 
1439,"""@User.IDX القصة ان """"اسرائيل"""" ما تكتب كذا سايبة كأنها شي حقيقي! """
1440,@User.IDX ليبيا صارت تابعه لحكومة الإرهاب القطريه ولكن حفتر وأحرار ليبيا بالمرصاد 
1441,@User.IDX تنتقدوني لابسه التوب تحبوني برضو لابسه توبي😌 
1442,حركااات سرت تحط موسيقى 👍😉 
1443,@User.IDX لا للتطبيع مع العدو الصهيوني 
1448,@User.IDX @User.IDX @User.IDX استمعت إلى الفيديو الرائع، ولأنه ثري بالمعلومات، ولأن النص محْكم، لم أنتبه إلى وجود أي لحن. بالصورة المعبرة والمونتاج البديع (وكمية المعلومات الإضافية التي زينت الشاشة) زادني هذا الفيديو معرفة ما كنت لأحصل عليها إلا بقضاء ساع
1449,مع احترامي ليكي يا دكتور انا طالب ف كليه الطب بانجلترا بصي يا دكتور انا مهما شوفت التقدم في العلم ف البلد ديه عمر ما هيتحقق التكاثر العذري في الانسان و ع فكره يا دكتور التاريخ سجل حاله واحده بس للتكاثر العذري و هي لسيدنا عيسي و ديه معجزه عندي هنا الداكتره حولوا الف مره و لكن مش هيقدروا يتمموا العمليه ديه ديه معجزه الاهيه حصلت مع النبي و مستحيل احنا كبشر هنقدر نحققها اللي معايا يدوس لايك و يصلي ع النبي ❤️ و تدعولي عشان عندي امتحانات 
1450,@User.IDX نصرك الله وزادك قوة فى وجه الطغاه 
1451,صيغة الكلام كان يبغى لها دراسة اكثر ، ماينفع يكون بالعمومية هذه، ولا كل الحالات تتطابق بعدم نجاح موافقة الأهل، وسكوتك عنها لا يعني ايضا تخصيصك للحالات الغير ناجحة وتوجيهك لهم، الزبدة الكلام مرة عام، فيه تفاصيل كثيرة يبغى لها مراجعة وضاعت منك. 
1453,انا شايف فيه أبيدال كبير وشايفك الدحيح الصغير Abidal Mousa 😂😂 
1455,@User.IDX لا يحي الموتى الا الله لا اله الا الله وحده لا شريك له 
1456,ممتاز، بصراحة صرت موازي لكبار الاعلاميين مثل John Oliver مش موازي يلا نقول دخلت في مجالهم كوميديا سياسية و شرح وافي و كافي في وقت مختصر اعمل فيديو ل ليبيا 
1457,كل التشجيع و الاحترام لكى خوله الخضرى و لكل بنات المغرب و مراكش ... الاسكوتر اسلوب حياة و مدينه الاسكندريه عامرة بالبنات من قاءدى الدراجات النارية ... اعتمدى على نفسك مفيش عيب و لا حرام ... نحن بمصر نشجع قيادة الاسكوتر و عندنا أكاديمية خاصة لتعليم الفتيات و بالاسكندرية اكتر من 300 بنت تقود الاسكوتر و اعتبر انا من اقدم البنات اللى قادوا سكوتر بمصر... و لا تسمعى للجاهلين استمرى ... ربنا يحفظ طريقك و طريق كل بنت ... تحياتى من الإسكندرية عروس البحر 
1459,"""ﻓﺘﺎﺓ ﻋﺰﺑﺎﺀ ﺗﻨﺎﻡ ﻓﻲ ﺑﻴﺖ ﺷﺎﺏ ﻳﺒﻠﻎ ﻣﻦ ﺍﻟﻌﻤﺮ 20 ﻋﺎﻣﺎ ﻓﻲ ﻏﺮﻓﺔ ﻭﺍﺣﺪﺓ ﻟﻴﻠﺔ ﻛﺎﻣﻠﺔ ﺍﻗﺮﺍﻫﺎ ﺟﻤﻴﻠﺔ ﺟﺪﺍ !!.. ﻓﺘﺢ ﻟﻬﺎ ﺍﻟﺒﺎﺏ ﻭﻗﺎﻝ ﻓﻲ ﺩﻫﺸﺔ ﻣﻦ ﺍﻧﺘﻲ ﻗﺎﻟﺖ ﺃﻧﺎ ﻃﺎﻟﺒﺔ ﺃﺗﻴﺖ ﻣﻦ ﺍﻟﻤﺪﺭﺳﺔ ﻭﺗﺮﻛﻮﻧﻲ ﻭﺣﺪﻱ ﻭﻻ ﺍﻋﺮﻑ ﻃﺮﻳﻖ ﺍﻟﻌﻮﺩﺓ ﻓﻘﺎﻝ ﻟﻬﺎ ﺍﻧﺘﻲ ﻓﻲﻣﻨﻄﻘﺔ ﻣﻬﺠﻮﺭﺓ ﻓﺎﻟﻘﺮﻳﺔ ﺍﻟﺘﻲ ﺗﺮﺗﺪﻳﻬﺎ ﻓﻲ ﺍﻟﻨﺎﺣﻴﺔ ﺍﻟﺠﻨﻮﺑﻴﺔ ﻭﺃﻧﺖ ﻓﻲ ﺍﻟﻨﺎﺣﻴﺔ ﺍﻟﺸﻤﺎﻟﻴﺔ ﻭﻫﻨﺎ ﻻ ﻳﺴﻜﻦ ﺃﺣﺪ ،ﻓﻄﻠﺐ ﻣﻨﻬﺎ ﺃﻥ ﺗﺪﺧﻞ ﻭﺗﻘﻀﻲ ﺍﻟﻠﻴﻠﺔ ﺑﻐﺮﻓﺘﻪ ﺣﺘﻲ ﺣﻠﻮﻝ ﺍﻟﺼﺒﺎﺡ ﻟﻴﺘﻤﻜﻦ ﻣﻦ ﻭﺳﻴﻠﺔ ﺗﻨﻘﻠﻬﺎ ﺇﻟﻲ ﻗﺮﻳﺘﻬﺎ ﻓﻄﻠﺐ ﻣﻨﻬﺎ ﺃﻥ ﺗﻨﺎﻡ ﻋﻠﻲ ﺍﻟﺴﺮﻳﺮ ﻭﻫﻮ ﺳﻴﻨﺎﻡ ﻋﻠﻲ ﺍﻷﺭﺽ، ﻓﻲ ﻃﺮﻑ ﺍﻟﻐﺮﻓﺔ ﻋﻠﻖ ﺣﺒﻞ ﻳﻔﺼﻞ ﺑﻴﻨﻬﺎ ﻭﺑﻴﻦ ﺑﺎﻗﻲ ﺍﻟﻐﺮﻓﺔ ﻓﺎﺗﺴﻠﻘﺖ ﺍﻟﻔﺘﺎﺓ ﻭﻫﻲ ﺧﺎﺋﻔﺔ ﻭﻏﻄﺖ ﻧﻔﺴﻬﺎ ﺣﺘﻲ ﻻ ﻳﻈﻬﺮ ﻣﻨﻬﺎ ﺍﻱ ﺷﻲ ﻏﻴﺮ ﻋﻴﻨﻴﻬﺎ ﻭﺍﺧﺬﺕ ﺗﺮﺍﻗﺐ ﺍﻟﺸﺎﺏ ﺟﺎﻟﺴﺎ ﻓﻲ ﻃﺮﻑ ﺍﻟﻐﺮﻓﺔ ﺑﻴﺪﻩ ﻛﺘﺎﺏ ﻭﻓﺠﺎﺓ ﺍﻏﻠﻖ ﺍﻟﻜﺘﺎﺏ ﻭﺍﺧﺬ ﻳﻨﻈﺮ ﺍﻟﻲ ﺍﻟﺸﻤﻌﺔ ﺍﻟﻤﻘﺒﻠﺔ ﻟﻪ ،ﺑﻌﺪﻫﺎ ﻭﺿﻊ ﺻﺎﺑﻌﻪ ﺍﻟﻜﺒﻴﺮ ﻋﻠﻲ ﺍﻟﺸﻤﻌﺔ ﻟﻤﺪﺓ ﺧﻤﺲ ﺩﻗﺎﺋﻖ ﻭﺣﺮﻗﻪ ﻭﻛﺎﻥ ﻳﻔﻌﻞ ﺫﻟﻚ ﻓﻲ ﻛﻞ ﺍﺻﺎﺑﻌﻪ ﻭﺍﻟﻔﺘﺎﺓ ﺗﺮﺍﻗﺒﻪ ﻭﻫﻲ ﺗﺒﻜﻲ ﺑﺼﻤﺖ ﺧﻮﻓﺎ ﻣﻦ ﻳﻜﻮﻥ ﺟﻨﻴﺎ ﻭﻫﻮ ﻳﻤﺎﺭﺱ ﺃﺣﺪ ﺍﻟﻄﻘﻮﺱ ﺍﻟﺪﻳﻨﻴﺔ ﻟﻢ ﻳﻨﻢ ﺃﺣﺪ ﻣﻨﻬﻢ ﻭﻓﻲ ﺍﻟﺼﺒﺎﺡ ﺍﻭﺻﻠﻬﺎ ﺇﻟﻲ ﻣﻨﺰﻟﻬﺎ ﻭﺣﻜﺖ ﻗﺼﺘﻬﺎ ﻟﻮﺍﻟﺪﻳﻬﺎ ﻣﻊ ﺍﻟﺸﺎﺏ ﻭﻟﻜﻦ ﺍﻷﺏ ﻟﻢ ﻳﺼﺪﻕ ﺍﻟﻘﺼﺔ ﺧﺼﻮﺻﺂ ﺃﻥ ﺍﻟﺒﻨﺖ ﻣﺮﺿﺖ ﻣﻦ ﺷﺪﺓ ﺍﻟﺨﻮﻑ ﺍﻟﺬﻱ ﻋﺎﺷﺖ ﻓﻴﻪ ﺫﻫﺐ ﺍﻷﺏ ﻓﻲ ﺍﻟﻴﻮﻡ ﺍﻟﺘﺎﻟﻲ ﺇﻟﻲ ﺍﻟﺸﺎﺏ ﻋﻠﻲ ﺃﻧﻪ ﻋﺎﺑﺮ ﺳﺒﻴﻞ ﻭﻃﻠﺐ ﻣﻨﻪ ﺃﻥ ﻳﺪﻟﻪ ﺍﻟﻄﺮﻳﻖ ﻓﺸﺎﻫﺪ ﺍﻷﺏ ﻳﺪ ﺍﻟﺸﺎﺏ ﻭﻫﻤﺎ ﺳﺎﺋﺮﺍﻥ ﻣﻠﻔﻮﻓﺔ ﻓﺴﺎﻟﻪ ﻋﻦ ﺳﺒﺐ ﺍﻟﺤﺮﻳﻖ ﻓﻘﺎﻝ ﻟﻪ ﺍﻟﺸﺎﺏ ﻟﻘﺪ ﺍﺗﺖ ﺍﻟﻲ ﻓﺘﺎﺓ ﺟﻤﻴﻠﺔ ﺍﻣﺲ ﻭﻧﺎﻣﺖ ﻋﻨﺪﻱ ﻭﻛﺎﻥ ﺍﻟﺸﻴﻄﺎﻥ ﻳﻮﺳﻮﺱ ﻟﻲ ﻭﻛﻨﺖ ﻋﻨﺪﻣﺎ ﻳﺸﺘﺪ ﺑﻲ ﺍﻟﻮﺳﻮﺍﺱ ﻛﻨﺖ ﺃﻗﻮﻡ ﺑﺤﺮﻕ ﺃﺣﺪ ﺃﺻﺎﺑﻌﻲ ﻝ ﺃﺗﺬﻛﺮ ﻧﺎﺭ ﺍﻵﺧﺮﺓ ﻭﻟﺘﺤﺘﺮﻕ ﺷﻬﻮﺓ ﺍﻟﺸﻴﻄﺎﻥ ﻣﻊ ﺃﺻﺎﺑﻌﻲ ﻗﺒﻞ ﺃﻥ ﻳﻜﻴﺪ ﺇﺑﻠﻴﺲ ﻟﻲ ﻭﻛﺎﻥ ﺍﻟﺘﻔﻜﻴﺮ ﻓﻲ ﺍﻻﻋﺘﺪﺍﺀ ﻋﻠﻲ ﺍﻟﻔﺘﺎﺓ ﻳﺆﻟﻤﻨﻲ ﺃﻛﺜﺮ ﻣﻦ ﺍﻟﺤﺮﻕ، ﺃﻋﺠﺐ ﻭﺍﻟﺪ ﺍﻟﻔﺘﺎﺓ ﺑﺎﻟﺸﺎﺏ ﻭﺩﻋﺎﻩ ﺇﻟﻲ ﻣﻨﺰﻟﻪ ﻭﻗﺮﺭ ﺃﻥ ﻳﺰﻭﺟﻪ ﺍﺑﻨﺘﻪ ﺑﺪﻭﻥ ﺃﻥ ﻳﻌﻠﻢ ﺍﻟﺸﺎﺏ ﺑﺄﻥ ﺗﻠﻚ ﻫﻲ ﻧﻔﺴﻬﺎ ﺍﻟﺠﻤﻴﻠﺔ ﺍﻟﺘﺎﺋﻬﺔ ﻓﺒﺪﻝ ﺃﻥ ﻳﻈﻔﺮ ﺑﻬﺎ ﻟﻴﻠﺔ ﻭﺍﺣﺪﺓ ﺑﺎﻟﺤﺮﺍﻡ ﻓﺎﺯ ﺑﻬﺎ ﻃﻮﻝ ﺍﻟﻌﻤﺮ ﺏ ﺍﻟﺤﻼﻝ . """"ﻓﻤﻦ ﺗﺮﻙ ﺷﻴﺌﺎ ﻟﻠﻪ ﻋﻮﺿﻪ ﺍﻟﻠﻪ ﺧﻴﺮﺁ """" ﻭﺷﻜﺮﺍ ﻟﻠﻌﻘﻮﻝ ﺍﻟﺮﺍﻗﻴﺔ ﺍﻟﺘﻲ ﺍﻫﺘﻤﺖ ﺑﺎﻟﻘﺮﺍﺀﺓ """
1461,@User.IDX إنه_لنصر_مزور إلى من إغتر بقوة و بطش ربة الكفر امريكا و الصليبيون .. هذه هي نهايـتهم على أيدي المسلمين وعد الله ورسولهﷺ☝️🏻 3 <url> .... 
1463,@User.IDX ان شاء الله هذا بسبب دعاء المسلمين عليه وعلى من يقدمون له السلاح فسيسلط الله عليهم من لا يخافه فيهم ولا يرحمهم. 
1464,فليشهد التاريخ بأني لم ولن العب بوكيمون قو ء🚶 
1465,@User.IDX نعم ينبغي مقاطعة المنتجات البرازيلية في هذه الحال ولن نموت جوعا بإذن الله 
1467,@User.IDX ماشفت فلمه بس شفت تمثيله في mr ropot يبين الرجال مبدع 
1468,الرجاء من اهل القناة التاكد من صح المعلومات قبل نشرها فهذا الاكتشاف يرجع للشاب بتاح و هو احد سكان مخيمات الاجيئين الصحراويين بتندوف الجزائرية و متحصل على عدة جوائز عالمية مع برائة الاختراع فالرجاء التأكد من صحة المعلومة و شكرا 
1469,@User.IDX الطالب هذا واضح انه مارس علاقة بدون زواج وهذي النتيجة ، تفكك اسري من اولها 
1470,قلبو الفيس بوك وكل مواقع التواصل الاجتماعي. واتهامات نحو العنصريه ويتم القبض عليه واعتبروها جريمه كبرى ونحنا عندنا في بلاد العرب يذبحون البشر مثل النعاج 
1471,@User.IDX قتيل ياشلة عزمي؟؟؟ لاحول ولاقوة الا بالله 
1472,والله احسن قناه ياخي مرا عفوي ورهيب ويضحك وكل شي ما شاء الله :( 
1473,نبغى حلقة مطاوعه مع ربيع حافظ زي العام اللي فات 😂 *في رمضان قصدي* 
1474,لمن ليس لديه تأمين او تأمينهم ضعيف للمواطنينو والزائرين والمقيمين جميع الاعمار بطاقة الرعايه الصحية ) بطاقة خصم تصل حتى 80% ..تخدم جميع المجالات .. عمليات ..اسنان. الولادة الطبيعية والقيصرية . ليزر اشعة .بأشهر المراكز الطبيه والمستشفيات فقط149 ‏يتم التسليم خلال48 ساعه على الخاص 
1475,نيكولاس ارجو ان لا تتطرق لفتاوى سخيفة مثل ما ذكرت لأن ذلك سيشجع على المزيد كما أضفت على لسان الخالدي فالفتوى لها متخصصوها الذين هم أهلها 
1478,هي الفكرة وهل عمل كتير حلو بارك الله بكل شي شارك بهل عمل وياريت يتعمم هل شي بكل بلدان العرب لتكون بداية خير ومحبه 
1479,لايك لكن الفوكس شي جميل انك تضبطة 
1480,لكل من يشتم او يهين الكرد... انتم لا تملكون من التهزيب ما يكفي لتردوا بالمسبات والشتائم فلا تتفاخرو بقوميتكم ولا دولكم ولا عربيتكم فانتم تعرفونها حق المعرفة.... صاحب الحق لا يموت ✌️✌️بجي كردستان 
1485,ابغا اعرف وضيفة عمر ؟؟ لانه عادة عمله يكون في الاعلام واحنا نتابعه ولاكنه ينقطع فترة عن الاعلام ولاكن عمله شغال 😊 
1486,@User.IDX رائع قمة التعلق والركض خلف العلم 
1489,😂😂😂😂😂 مليون تحية لك نيكولاس جد مبدع 
1490,@User.IDX عدد قطرات المطر ربنا يديك الصحة والعافية😥😥😢😢 
1492,@User.IDX من هما الوحشين مادام اقل في التكسي المتشبه بخاشقجي؟؟؟؟نرجو الاجابه <url> 
1493,ترامب صلى الله عليه وسلم منع دخول المسلمين من ٧ بلدان ارهابية لمدة محدودة مش للابد 
1494,نفسى تعملوا دراسات عن الناس الفقيرة ذو التدين العالى ستجدهم بالرغم من الظروف والواقع الأليم إلا إنهم عندهم سلام داخلى ورضا بإبتسامه عجيبه اللى بتخليهم بيذلوا الاسباب عشان يوفروا عيشه كريمه ولكن سايبينها على الله عشان عندهم يقين جازم انها هتتعدل بإذن الله واللى يشوفهم من بعيد يستعجب ويستغرب ومش بعيد كمان يتريق لكن الأغرب انها بتتعدل فعلا وربنا بيسرها من حيث لاتدرى الاغرب اللى عاوزين عليه دراسه فعلا انهم بالرغم من كل اللى هما عايشينه عندهم دماغ سليمه جدا فى الحكم ع الاشياء والتخطيط الفعال وبيكون افضل من الاغنياء نفسهم بس ينقصة الفرصه الحاجه هى الدافع القوى لضرورة الشعور بالانجاز وتحقيق اهداف عليا اما الغنى والزهد لايصنع الا انسان متواكل لايقوى على حتى الحلم بالاهداف العليا قال رسول الله صل الله عليه وسلم إن اخوف ما أخاف عليكم ان تفتح عليكم الدنيا فعلا الغنى سبيل لبطالة الناس وضعف همتهم للعمل الصالح سواء للدنيا او للآخرة . ياريت نسمع عن دراسه عن الناس دى فعلا يستحقوا الفحص .التدقيق .. 
1495,@User.IDX حزبها ضد المهاجرين. من زمان .. تصريح عادي 
1496,@User.IDX @User.IDX مكر حكام العرب أصبح مثل مكر الصهاينة الان...اذا كيف التعامل معهم...ممكن حلقة على هذه 
1497,"""والله لو هي سيدة اوربية بغض النظر عن اي دولة وتم معاملتهااا هيك بشي دولة عربية!! لتقوم الدنيا وتقعد وهي طبعا"""" ازا ماصار فيهااا استدعاء سفراء بس كونو المرأة مسلمة معناهااا شغلتهااا فاضية ولو نداس عليهاا لأنو من زماااااان راحت هيبة المسلمين وبورمااا تشهد ياااااا اسلام :) """
1498,@User.IDX الحمدلله على نعمة beIN مراسلين و محللين و أفخم المعلقين و أستوديوهات فخمة صدقني الي بالسعوديه ماراح يفتحون روابط و فيسبوك عشان يشوفون النصر يخسر من ذوب آهن 😆 
1499,"""شكرا أمر بفترة """"رفوضات"""" حسسني الفديو اني حعدي طبيعي وبجد الواحد مايدري فين الخيره. عجبتني """"غير جاد"""".. لان ذي الصفه الي صنعت مستقبلك ايش كان بيصير لو عشان الوظيفه حاربتها فيك؟ بتكون تعيس وموظف عادي؟ الحياه وفرصها اثبتتلك انها اكبر من شركتهم """"الجاده"""" .. موفق :) """
1500,ألب معاها زوجته ؟! 😳😳 
1501,@User.IDX من يستعدي امريكا عل وطنه ماذا يسمى؟! 
1502,بتجنن برافو كملي بجنن صوتك 
1503,@User.IDX الي جهنم وعقبال الباقين قريبا جدا وتشاهد غدا #تسقط_بس 
1504,@User.IDX @User.IDX مع حرية الاختيار للجميع سواء مع او ضد بدون اقصاء او تكفير وغيره 
1505,الامراء السعوديين من اخس انواع البشر يعتقدون ان مرتبتهم المقتناة من اجدادهم ال صعلوك تسمح لهم بفعل كل شيء دنيء 
1506,البتكوين عملۃ مجهولۃ الكسب ....كيف باعتقادك تنال ربح من مجرد مجموعۃ من المعالجات العشواءيۃ لتنال منها ربح الا اذا كان جهازك يستغل في عمليۃ اختراق للبنوك بدون علمك باستخدام شبكۃ عملاقۃ من الاجهزۃ المستغلۃ يقودها مصدر ما و في النهايۃ يرسل لك ارباحك من سرقۃ احد البنوك الالكترونيۃ مثل الباي بال 
1507,@User.IDX أخبرناكم أنها حركة معروفة من الحزب الاردوغاني علم بالتزوير وتركهم يكملون حتئ اذا انتهت الانتخابات يقدمون الطعون الذي سيعطي الفرصة لأنصار العدالة والتنمية بالأنقضاض علئ صناديق الاقتراع من كل الولايات بعد اعادة الانتخاب غباء مستفحل من المعارضة ولم
1508,قبل الحكم على الكفيلة بهذه الطريقة ، الموضوع له ابعاد غريبة ، معظم الخادمات اللي يجيون لمنطقة الخليج تعليمهم متذني ، غير ان بعضهم يمارس السحر و الشعوذة و يكونون على اتصال بساحر في بلدانهم الاصلية ، نفس قضية قتل الخادمة للاطفال بالسعودية ، ايش ودى الخادمة انها تدلى من الشباك !!! هل عند الكفيلة القوة البدنية اللازمة انها ترفعها !!! هل كان قصد الخادمة انها تجر الكفيلة معاها !!!! من الدور السابع و رضوض فقط فكروا فيها شوي !!! انا بعد موقف شخصي مع الخادمات ما راح اجيب ولا خادمة البيت بعد ما حصلت عند واحدة طولت اكثر فترة عندنا بعض الادلة انها تمارس الشعوذة فقمت بانهاء خدماتها فوراً و ترحيلها لبلادها في اقل من ٢٤ ساعة 
1509,ابشع يوم اول ماقصفوا صنعاء ياالله كنا مش مصدقين انو يطلع الصبح الخوف من بكره كيف بنشوف صنعاء دمار ايش عاد بيسوو فينا يارب رحمتك ترحمنا وتنهي الحرب وتحرق قلب كل من احرق بلادي 
1510,كتير حلوة الحلقة و بتوقع ما بنفع حدا تاني يقدمها غيرك 😜 الى الامام 
1511,@User.IDX لانه موضع دراسه سخروا له كل الامكانيات 
1514,صح هادا حال الفقراء في وقتنا هدا 
1515,اسهل طريقة لعمل البيض المقلي المكوّنات: بيضتان. ملعقتان صغيرتان من الزبدة. رشّة من الملح. رشّة بهارات مشكلة. طريقة التحضير: نخفق البيض جيّداً في وعاء، وتُضاف له كميّة البهارات، والملح، وتُضاف الزبدة، أو الزيت في المقلاة. نسخنها مدّة خمس دقائق، ونسكب خليط البيض مباشرة على الزيت، ونتركه دقيقة حتّى يحمرّ، ثمّ نقلب الوجه حتّى يصبح لونه ذهبيّاً، ويقدّم. في صحن وصحتين وعافية 
1516,@User.IDX هام وخطير الكل يعلم ان قناة القتنة قناة الجزيرة القطرية ممنوعة من العمل فالجزائر و هي مند ساعات تبث مباشر من العاصمة ( البريد المركزي ) و تستوجب فالناس و هدا امر خطير جدا لنداء للشعب قبل الامن الوطنى اقبضو عليهم و سلموهم للسلطات خسارة مانيش فالع
1517,@User.IDX أول مرة أشوف رئيس دولة دمه خفيف😅هههههه 
1518,هههه الدحيح عبارة عن مزيج بين الكوميديا و الثقافة العامة 
1519,@User.IDX ادونا حته من اللسان وحته من الودان 
1521,يعم انا ضحيت ب مصروفى شهر و نص عشان خاطر الكراش 😎😎يريت يطمر بس 😂😂 
1522,@User.IDX واحدة من أبرز الساسة في إسرائيل تعتزل السياسة.. إليكم ملخص حياتها السياسية خلال 20 عاماً <url> 
1523,فيديو هادف جدا .... أتحدى الطباخة ثنيان العالم الملقبة ب تونه تسوي كذا .... فالحه في شيل وحط العفش مثل المطلقة وتصوير الأكل مثل نسوان إنستقرام وإذا نصح قال اكتب كل شيء تبغى تسويه ولصقه على الجدار ههههههههه من جد طباخة 
1525,علاش جاوبتوا غير على التعليقات المنتقدة وماجاوبتوا على التعليقات لي تمدحكم مع انكم تعرفوا ان الناس بتابعكم وانا واحد منهم وكل خميس ننتظر العشر دقائق غير باه نعرفوا الجديد من عندكم ، خلوكم من المنتقدين والله Bravo عليكم  <url> 😉😉 
1526,انسانيتها جعلت منها بطلة ..! من يوم ما جدفت بقارب اللاجئين ❤ 
1527,@User.IDX كل ليمونة ستنجب طفلاً ~ ومحالٌ أن ينتهي الليمون 
1529,انتو بالذات مالكم دخل بالموصل ، خليناا مثل ما احد ولا يدخلنا جندي امريكي 👆🌸 ... 
1530,صح عليك انا عن نفسي اكافئ عمري بس بالعيد بباقة ورد و شيء مهم ابي 
1531,تب ما ممكن لما حد يقول ان فى مكان فاضى حد تانى مش منزل الابليكاشن يركن مكانوا و كدة لما يجى حد على اساس ان فى راكنة ميلقيش و تضيع المصدقية و نروح فى داهية😂😂😂 
1532,@User.IDX وبالنسبه لتركيا وقطر مافيش كلام لهم....ان لم تستحي افعل ماشئت...عذراكم مصر وريسها قالقين نومكم 
1533,و في رواية اخرى احدهم اشترى لوحة مرسومة بنصف مليار دولار . 
1534,هذه هي بلاد الحضارة والحريات....تفووووو 
1535,لازم نزيد المحتوى العربي في الانترنت >>>كلام جميل بس كيف احضر ملتقى (مؤتمر ) بالانجليزي يعلمك كيف 
1538,@User.IDX اصبحو مرفوضين من جميع الشعوب الحره. 
1539,"""عجيب كيف يهب الرجال لمساندة بعضهم البعض والدفاع عن أنفسهم ضد اي شيء يطالهم ..""""ياريت"""" لو كان بوسع النساء فعل الشيء نفسه ..كانت مشاكلنا انحلت من زمان ..احب اشكر قناة AJ+ ع الفيديو واحب اقول بمناسبة هاي الحملة اني يوم بعد يوم قاعده اكتشف قديش الرجل كائن حقير ودون ..واحب """"اعتذر"""" لكل حيوان تم سبه أو التشبه به بسبب أفعال مضطربة مارسها الرجل .. كانوا يقولون بأن لباس المرأة وعوراتها سبب في مشاكلها ولكن يوم شفت كيف يتم التحرش بالمنقبات والمتجلببات ..استحقرت كل ما يبت للرجل بصلة الا من رحم ربي وكان في قلبه ذرة من الايمان ..حسبي الله ونعم الوكيل .. """
1540,عنجد بتهتم للاطفال شو يتعلموا !!!! طيب شو رأيك تجيب سيرة أطفالنا بسوريا (ادلب و الغوطة الشرقية مثلا) يلي ما عم يوصلوا لمرحلة أنهم يتعلموا لأنو الأسد و روسيا و ايران عم يحرقوهم و يدفنوهم تحت أنقاض أبنيتهم بالقصف الهمجي .. ليش ما بتجيب سيرتهم يا مدعي الأنسانية و الحرية !!!! 
1541,الصحراء ستبقى مغربية مهما كان الثمن 
1542,@User.IDX يدل على انه لايرى الحضور شي بل مستصغرهم ويستهين فيهم واتحداكم تاتون بموقف مثله أمام غير لللذين امامه واذا كان موجود صدقتهم ويدل على كل مدحة مدحتوه ولايعكس تطبيلكم وللغرب لأي شي وجلدت ذاتكم 
1543,@User.IDX فيه محجبات في كندا ؟؟ وهم قالوا ممنوع الحجاب ☹️ اجل هجدت كندا 
1544,ما بعرف ازا في منطق بالموضوع او همه اللي اختارو يعيشو هون في هون عنا ناس لاقو ارض مش مسكونة او مبنية بنو عليها من النايلون وشوية طوب موزع وعاشو وبيتوتهم وصلت لغرف مو فاهمة كيف اربع ولاد طب وين كيف ليش!!!! 
1545,ما لفت انتباهي في المقطع إلا اريا ستارك 
1546,"""في الدقيقة 1:56 دعاية لشركة """"نادك"""" اخي اتقي الله """
1548,بحث رائع من دكتوره رائعهانا شاهدته مرتين اظن ان اللغة انعكاس للبيئةسبحان الله المخ قادر لاستيعاب و التعامل مع آلاف اللغات شكرا يا دكتوره 
1549,@User.IDX لازم يحيي قلبه ثم يذهب يفيق من النوم 
1551,كل القادة الدين حكموا مصر ديكتاتور يخلف ديكتاتور من جمال الى السيسي و كلهم يخفون استبدادهم وراء شعارات مزيفة كالقومية العربية و محاربة اسرائيل ووو.. اطن انه لو استمرت الملكية لكانت ارحم بالشعب المصري 
1552,@User.IDX تقرير ضعيف لاحياد لديكم تركتم مظاهرات الشعبين السوداني والجزائري لاكن هم في غنى عنكم وسقطتم ياقناه الحكام 
1553,جسم الانسان perfect اكيد لان الي خلقه قال سبحانه في كتابه(ولقد خلقنا الانسان في احسن تقويم) 
1554,@User.IDX أحبكم والله، شكراً لأنكم ما مررتوا عزف النشيد في قطر وتجاهلتوه. 
1555,4:00 عالدقيقه.. امريكا الام احضرها ياليث Laith Saleh 
1556,تخيلو معي مليون واحد نفس الدحيح ورئيسهم السيسي ماتركب ياخي يلا تعالوا نفكر كيف ؟👍 
1557,@User.IDX ستنال جائزة نوبل للسلام العام 2019 بتواطو المطبلين لها كالعادة 
1558,الفيديو مصورو من الف سنة ليش نزل هلق 
1559,أكيد لن أراه رجلا للسلام هو حجر على رقعة الشطرنج !!! 
1560,هادا هوي يلي اذا حطيتو بالغساله بيفتح الباب بعد شوي وبقلك ناولني الليفه والشامبو😂😂😂😂 
1561,النوبة هم أهل مصر الاصليين 
1562,‏خلال الأزمة الخليجية الرابح الأكبر هم الشعوب و الخاسر الأكبر هم الحكام أنفسهم ، لأنه عندما تم تسيس كل شيء ، كشفت الشعوب زيف الشعارات والمباديء التي كانت كالعصاة لضرب بها ظهر الشعوب اذا راودته أحلام الحرية وغدا عندما يريدون ضبط الأمور من جديد عندما يتم تسويتها سياسيا سوف يقول لهم الشعوب ‎#دافنينوا_سوا 
1563,سبحان الله حسيت كأن الفيديو مرّ بلحظة ! 
1564,افتحوا حساب بأسمها ونلملها تبرعات يااريت 
1565,اذا وجهاء العشائر في الاردن كانو بفلسطين المحتلة وتصورو مع الصهاينة يعني اذا كان رب البيت بالطبل ضاربا اذا السفارة الاسرائيلية والعلم الاسرائيلي يرفرف في سماء الاردن فما وقفت على هتاف جماهير!! 
1566,لو أنا رئيس!!!!!! لماذا لانكون مثل الأطفال ؟ 
1567,والفواصل الكتكوتة دائمًا قطط وكأن عمر حسين يعرف اني ابغى قطوة هالفترة 💔😒 
1568,انا كان عندي اكتئاب وفتحت الفيديو عشان يمكن الاقي فكرة جديدة، بس لما اتفرجت اكتئبت اكتر ودمعت. شكرا 
1570,حلقه رائعه كالعاده بس عندي تعليق صغير على جمله معجبتنيش وهي ( عار المرض النفسي) لان المرض النفسي مش عار وكلنا معرضين ليه فاي وقت ربي يثبت علينا نعمة العقل والدين🌹 وبالتوفيق 
1571,ايه ماسورة ال bipolar الانفجرت في وشي دي😂😂😂 
1572,@User.IDX يقف أردوغان وخلفه صورة كبيرة لكمال أتاتورك مؤسس تركيا العلمانية التي لاتعترف بالإسلام دينا لها، وهذا خطاب انتخابي لخداع البسطاء من الشعوب ، و من باب المتاجرة بدماء شهداء نيوزلندا!! السوريين والأكراد الذين يقتلهم أولى بالرحمة والشفقة !! <url> 
1573,@User.IDX يظهر في البرنامج اشخاص كانو على تماس بالحدث و آخرين تم تعريفهم كخبراء في الشأن اليمني، جميع الخبراء تقريبا أجانب. عجيب هذا الاهتمام بشؤوننا في الوقت الذي لا نهتم نحن بشؤون نفسنا. 
1574,تعريف النجاح : . . يختلف من شخص لشخص ... حسب الميول والتوجه قد اكون ناجح في نضر نفسي وفاشل في نضر الأخرين .. . يختلف التعريف بإختلاف التوجه عمر حسين .... اتمنى ان تركز في ماهي العوامل المساعده للتطوير و النجاح في المجتمع السعودي خصوصا والعربي عموما ان امكن ذلك ...😞 شكرا لك وبالتوفيق 👍 
1575,لما ابوك يدخل عليك وانت بتتفرج ع الدحيح 😂😂 
1576,@User.IDX يقول موانئ دبي العالميه بعدين يقول بوظبي خسرت <url> 
1577,هههه بالعكس في تونس الصيف العام هذا الطقس حرارته مقبولة و مقدور عليها 
1578,القدس كانت و مازالت و ستبقي عاصمة فلسطين 💖 تحية للسليط الإخباري 
1580,ههههههههه بالله شركة كوكل راح تكعد تابع حياة نص سكان الأرض. ... خرابيييييطط و تصفيط كلام. اللعبه قويه و فكرتها غير شكل و حلوه و أنا اهني من اخترع هذي اللعبه و أبدع في برمجتها و علمو على كلامي. هذي اللعبه راح تكون أول خطوه نحوه تطور جيل جديد و راح تصير شغلات كنا نحلم فيها. اناا متحمممممسسسسسس 😃😃😃😃😀😀😀😀 
1581,بس أظن أن الموسيقى حرام فكيف ذلك أحد يفهمني 
1582,ومدرسنا يشرح 7 محاضرات على ساعة، وانا كل اللي عرفتو رمزها دلتا s، ههههه والله عظيم الدحيح 😹🔥 
1583,انا الزوج المستقبلي الصالح ...لو سمحت وين العشره ؟؟؟؟؟؟؟ 
1584,تفلسف علينا كثير مرة يا عمر شعيب راشد موجود 
1585,اسالة للتفكر،،،،، ليش نعطي لايك للي يعجبنا بس .يعني مثلا عمر يعطي لايك للي يعجبه بس... ما فكرت .ليه انا اتابع الي يعجبني بس ما افكر اشوف شي عن تجربة او عن خبرة ،،،،،،ليش انا استانس اذا صاحب الحساب عطاني لايك ،،،،،ليش انا استانس انه صار العدل او الحق للضعيف و انا مالي صلاح في قضيته ولا راح استفيد منها شي ،،،،،،،ليش حنا نكون متعصبين في افكارنا ولا نعطي فرصة و نجرب من الي خلانا متعصبين كذا .......و اسالة كثيير ......... فيه كلام و فلسفة كثيرة تدور في راسي احيانا استمتع و انا افكر فيها 
1586,@User.IDX لورجع كلن من عقلاالهندوباكستان وأهل العقد والرأي وأهل الحكمة والمعرفة وأهل المنطق وأهل الدراسة والفهم والتدبر وأهل العبرة الذين عرفوا الماضي بأحداثه وتقلباتة وقرأوالتاريخ وعتنوابتاريخهم الماضي لكي يكون لهم مخرج ونجاة من كيد ومكر أعدائهم لأن كلن 
1587,بعيدا عن موضوع الحلقة دي المثيير للجدل يا دكتورة ايمان ..بحب اقولك انه ما شاء الله علييكي ..انتي عندك تأثيير فظيع ع الناس لما بتتكلمي ....وبصراحة في دكاترة كتيير لما بيكلمو وبيدوو كتيير معلومات ف فترة وجيزة ..بيبقى في ملل لما بنسمعهم ..بس العكس تماما معاك انتي ...ربنا يوفقك 👏 
1588,هذا بالضبط اللي يحصل بالعراق ..ابو الثروات والموارد الغنية و الميزانيات المتفجرة..كل هذا و ديوان خارجية وداخلية ويعد العراق من أسوأ دول العالم في كل شيء 
1589,@User.IDX ياعمي العالم طلعت المريخ وانتوا مشغولين ب. #السعودية 
1590,"""الاعدام هو الحل القصاص ليس نحن من اوجدناه فهو في القران الكريم القاتل يقتل """"ولكم في القصاص حياة يا اولي الالباب""""لو طبق شرع الله في كل الامور ليس فقط القصاص لكنا فعلا خير امة اخرجت لناس كلما ابتعدنا عن ديننا كلما غرقنا اكثر في وحل الدنيا """
1591,@User.IDX الحين انتم ي #الجزيرة قناة اعلاميه تنقل الأخبار وإلا محامي تلطمون ليه انقل ما يحدث بمصداقيه حفتر مدعوم أكيد والسراج مدعوم أكيد ومن #قطر 
1593,@User.IDX مقتل زكي في سجن اوردغان 
1594,و هكذا يمارس المسلم دينه في العطاء الحب و الخير في الحياة اليومية و احترام جميع مخلوقات الله سبحانه و تعالى . الاسلام ليس بالصلاة اليومية خمسة مرات في الْيَوْمَ فقط بدون الفقه ما اسبابها !! 
1595,عمر شكلك الجاد وانتا في البرامج التلفزيونية جدا بايخ خليك ع اليوتيوب بتكون عسل 
1596,@User.IDX رحمهم الله واسكنهم فسيح جناته 
1597,تمثيلية ظهور المرأة في الاوليمبيات عشان يورو العالم امو المرأة لها حقوق في السعودية 
1599,نفس سيارتي ونفس لمشكلة ماي رديتر ينقص بين فترات..(امكن عيب خلقي).! 
1600,متى تتحدو يا ابن الوطن العربى وكفاكم مشاحنات هنا من يهاجم الفلسطيني ويقول لما لا تتحدو ونسو أن الاتحاد يجب أن يكون فى المنطقة ككل ليس انا تتصارع بعضنا البعض انا احترم كل فلسطيني وكل انسان عربى والوحده وان طالت والله قادمة ويمكرون ويمكر الله والله خير الماكرين صدق الله العظيم 
1602,تحية سورية ديرية لفلسطين والاردن والامة العربية 💙💙 
1603,مين زي مافهم شي من الفديو تحسها عشرين سالفة في نفس الوقت مدرسة سفارة تصوير عيدميلاد وفي حاجة وحدة حيرتني في دولة اسمها نيجريا اوكية بس دولة اسمها النيجر من فين جت اول مررة اسمع فيها 
1604,"""@User.IDX ياليت وحده تسوي فيديو تشرح فيه كيف تدقين عنق زوجك حين """"يفكر"""" أن يضربك """
1605,@User.IDX توفي في الدوحة تقول لي. ماذا يعني ذلك ولاء ام إنهاء لصندوق اسود لمعلومات يخشي ان تخرج الله اعلم مجرد تحليل وربط للأحداث <url> 
1606,لما يكون الشخص ذكي ودمه خفيف وموهب لازم يبدع👌👍👏 
1607,@User.IDX يَا أَيُّهَا الَّذِينَ آمَنُوا إِن جَاءَكُمْ فَاسِقٌ بِنَبَإٍ فَتَبَيَّنُوا... الآية تريدون غرس وتد الخلاف والشقاق الله يجعل كيدكم في نحوركم 
1608,اتفقت مع الكلام لكن مصطلح الرعب يختلف عن مصطلح الخوف، فعبادة الله: حب وخوف ورجاء، وليس حب ورعب ورجاء 🤔 ، والله أعلم 
1609,شي حلو وصلت هاي الفكرة للدول العربية هاي من زمان موجوده في أوربا بل التحديد البلد الذي أقيم بيه في النرويج مشهورة بل المزارع كلشي يزرعون وحتى مناحل العسل لااصلي يروح الواحد يشتري ويخلي الفلوس بل الصندوق بكل امانه وثقه وإلى حد لاان موجوده 
1610,يتحدثون عن الامومه والمشاعر النبيله تجاه الحيوانات ......ويقتلون كل يوم مائة ام ويشردون الف طفل ويحرمونه من امه تحت ساتر الضربات الاستباقيه 
1611,@User.IDX هنا تعرف شكثر الأشخاص اللي يبعثون لك البهجة يوجد وراءهم كم كبير من الوجع و الإنكسار 
1612,"""ردا على معظم الردود .. أحب اوضحلكم ان عمليات زرع الكلى لا تتم الا فى حالات معينه حيث تضمن عدم تكرار الفشل فى الكليه المزروعة وهذا ما يحدث مع الأمراض الوراثية التي لابد من استبعادها قبل بدء اجراءات الزرع فارجو التواصل مع الاطباء قبل تجميع اى مبلغ مالى لعمليه الزرع لضمان وصول المال الى مستحقيه * التواصل تليفونيا غير متاح حاليا ويرجى الذهاب شخصيا لمكان تواجد الطفل *الطفل اسمه محمد سعد النادي موجود ايام الاحد والتلات والخميس في مستشفى الدمرداش """" مستشفيات جامعة عين شمس"""" مبنى مستشفى الاطفال الجديدة وحدة الكلى الصناعي الدور التاني .. بالعباسية القاهرة * اقرب محطة مترو هي محطة مترو الدمرداش """
1614,انا ما اخبرتهم عنك. .... لكنهم لمحوكي. ... تفتسلين في مقلتي. ... تتراقصين في ضحكتي. ... وجدوكي علي أعتاب شراييني .... لمحوكي في حزني ....تبتسمين. .... عرفوكي في سكناتي. .. في حركاتي. .. عرفوكي ....حين اهرب لرب العالمين. . في صفوف المصلين. ...... وجدوكي علي باب محبرتي تسكنين. .... وفي سطوري تسكنين. ..... عرفوكي ....في نظرتي ....نظرة الطفل الحزين. .... انا لا اجيد التحدث عن النساء. ..... كيف وانا لا أجيد التحدث معهن. ... عرفوكي من تراقص قلمي. .... وهو يسطر المي. .... سألوني أي امرأة تكونين. .... عرفوكي في نظرة الشارد الحزين. ... في ضحكتي أن ضحكت. ...فرسمتك .... علي وجهي. ...تخرج في ضحكتي أنين. .... انا ما اخبرتهم ولا حادثتهم. ..... لكنهم لمحوكي ...بين العين والبصر ترقصين. ... قالوا لعلة سحرا رجيم. .... قلت أنها ملك كريم. ... 
1615,انا مش بشوف اعلانات علي قناة دي لي ممكن اعرف 
1616,@User.IDX اخشي ان تكون المجامله علي حساب الجوده 
1617,الرزق يأتي من حيث لا تدري 🙌🏻❤️ 
1620,نضم علي بعض يخونا 😂😂 
1621,@User.IDX حلو اجل اتركو عنكم النواح والمضلوميات ليل نهار 
1622,@User.IDX طبعا جات لكم نقطة ..لو ذميم عنده دم كان طق مات لكن حيجيب الدم منين ؟ 
1623,للأسف مافقدنا حريه التعبير حريه التعبير غير موجوده اصلا! 
1624,﴿ وَفِيهَا مَا تَشْتَهِيهِ الْأَنفُسُ وَتَلَذُّ الْأَعْيُنُ ۖ ﴾ . الجنة عروس لا يؤثر عليها أبداً .. بل ولا يُصبر عنها لحظة .. وإن للإيمان محطات يتزود فيها المرء .. ويعيد شحن قلبه بكل ما ينفعه .. ومن رحمة الرحمن الواسعة .. أن جعلها محطات كثيرة نتنزَّه فيها ونتأمل .. حتى لا نمل ولا ننقطع .. فذكر الجنة كفيل بشحن النفوس وايقاض الهمم .. وإنا والله ما نُعلّمكم ما تجهلون .. ولكنا نذكِّركم ما تعلمون ..! . 
1625,@User.IDX أستغفر الله. هذا الاسلام الكاثوليك 
1626,@User.IDX كل واحد فيهم صار يربي ذباب 
1627,من 5:47 الي 6:39 كلام كبير فعلا 👏👏👏👏👏👏👏👏👏👏👏👏👏👏👏👏👏👏👏👏👏👏👏👏👏👏👏👏👏👏👏👏👏 
1629,عامله ايه في الجو يا لولو خلي بالك من دومي دفيه كويس Laila Gamal Kulan 
1632,انا كنت باكل كنافه علشان اتسلي😂بس خلاص بقي مافيش كنافه 😂🔫👊 
1633,حاج مسخرة بقى ستحي ع حالك انتو أهل الخليج بس حكي ع فاضي انتو خربتو بلاد العرب الناس اديش با تدعي عليكون 😏🙄 
1634,بعدين كيف نقترح اسم برنامج مانعرفه ايش يقدم ؟! 
1636,هكذا يفعلون لبلادهم باموالنا ونفطنا ونحن يصدرون لنا قراراتهم واسلحتهم للقتل والجوع 
1637,انا كنت فاكر انه المصاروى بيتجنة على الراجل عشان مديهم شوية حرية بعد سنين طويلة من الكتم بس بعد ما شوفتة وهو بطلب الفكة من الشعب غسلت 👐 من هذا الرجل، والله يعوض صبركم يا أهل مسر اخوكم من بلاد الفكة بعد الرز كو. 
1638,@User.IDX يرحم امكم خليكم بعيدين نحن غير جاهزين لكم مرتاحين من الارهاب والتفجيرات يارب لك الحمد من يوم قاطعناكم 
1639,"شيء جميل و يدعو للفخر .و لكن المشكلة أن دول الخليج لا تستفيد بشكل حقيقي من قوتها و نفوذها الإقتصادي في مختلف البلاد المرتبطة بها إقتصادياً ,و أقصد بالتحديد النواحي السياسية المُتعلقة بمواقف البلدان الأخرى من القضايا العربية. فعدا عن الإستثمارات الخليجية في الغرب و ما يمكن أن يشكل من وسيلة ضغط و إستمالة لمواقف تلك الدول نحو القضايا العربية هناك موضوع العمالة الوافدة و التي جزء كبير منها من الهند و باكستان و الفلبين, و لكن للأسف المواقف السياسية لتلك الدول إما حيادية أو مناوئة للقضايا العربية ,رغم الإستفادة الكبيرة التي تجنيها من تشغيل أبنائها في الخليج. "
1640,نيكولاس فعلا حكيت يلي بالي يلي من زمان بفكر فيه انو شو الافراد العابرة للقارات من دون ما حدا يوقفهم مع متفجرات كمان و نحنا يلي ما علينا شي ما بسمحولنا ندعس عندهم 
1642,عنجد وين نأنأ اشتقنالها ارفعو الكومنت عشان نيكولاس يشوفو ويرجع نأنأ 
1643,لاحول ولاقوة الابالله حسبي الله ونعم الوكيل 
1644,احد القواسم المشتركة بيني و بينك (عمر)ني احب القطط و الهريرات هذه الكائنات ال....... عسل يا عسل تحية يا عرب 
1645,المرأة السورية صبورة ومتعاونة مع زوجها الله يحمي كل السوريين ويرجعهم بلدهم 
1646,عظم الله اجركم في نفسي 
1647,نهايتهم مثل نهاية قوم لوط الله يسترنا بس 
1648,حبيييييت اظهار اللغه اليابانيه فى الفديو والله حبيييييييت 
1649,دعاء_دخول_القنصلية (اللهم إنا نعوذ بك من مناشير الإنس والجن ومن موت الفجأة وغدر ابن سلمان) 
1651,@User.IDX هذا اسمه تكتيك والمثل يقول اللي تغلب به العب به 
1652,@User.IDX هذا كله زوبعه في فنجان 
1653,ايش حقول بس الارض ارضنا والكل يتنازع عليها و احنا في موقف متفرج كعفر والله مش ارض حد هي ارض عفرية مزقها الاستعمار الفرنسي و الإيطالي وعمل حدود والي جاو مع الاستعمار يتنازعو عليها اقول لهم مافي داعي لنزاع لا هي أرضكم ولا عندكم صل بهذا المكان خليكم كدا لبين ما يجي ناخذ ارضنا منكم و نرجع كما كنا دولة عفرية موحدا مثلث عفري ان شاء الله قريب 
1654,المقاطعة عمل جبان يلجأ اليه الفاشلون اذا اردنا ان نقاطع سلعة اجنبية فعلينا ان نخلق البديل الذي يحل محل هذه السلعة لكن للاسف الانسان العربي كل طعامه وشرابه وملابسه وكل وسايل الرفاهية يستوردها من الخارج فعمله فقط الاكل والنوم 
1655,الفرق بين العرب والغرب هو فقط النقطة ؟ فهم غرب ، ونحن عرب.. أرأيتم ؟ فقط النقطة . وهم شعب يختار ، ونحن شعب يحتار ، نفس النقطة مجدداً !! وهم تحالفوا ، والعرب تخالفوا عادت النقطة مرة أخرى . هم وصلوا لمستوى الحصانة ، والعرب مازالوا في مستوى الحضانة وما زال العرب يعاني من النقطة هم تعلموا بالأقلام ونحن تعلمنا بالأفلام وعادت النقطه مجددا .. حكمة اعجبتني .... هناك من يجرحك باخلاقه وهناك من يحرجك باخلاقه الفرق النقطة والمعنى كبير عذرا للاطاله 
1656,@User.IDX ايتهم يلتفتون لمندناو وكوتاباكو داعش مستقر فيها ويقتل الابرياء بدم باااارد في منطقة الارياف والمزارع وين الشرطة والحكومة 
1657,فين الاسبتالية يا دحيح انتي خلصت عليها ولا ايه : )) 
1658,@User.IDX فإنهم يالمون كما تالمون وترجون من الله ما لا يرجون.صدق الله العظيم. وكما تدين تدان . 
1659,تراجع عن الجزء المتعلق بالجزائر لانه يخص شرف المرأة بغض النظر عن شخصيتها حتى يكون لديك خبر اليقين حينها يمكنك التحدث كما تريد . 
1660,تعالي الى تونس بلد القانون و الدفاع عن حقوق المراة وحرياتها وتاكدي انك لن تعودي في حاجة الى القوة الخارقة لتحمي نفسك تونس تنفس حرية ❤ 
1661,@User.IDX السلام مع اسرائيل هو الحل &gt;&gt;&gt; اسرائيل دولة عظيمة متطورة علمياً ... هذا رد للي يردد مثل الببغاء هالكلام 
1662,@User.IDX اختلاف اللون واللغة لا يعني شيء كما عند الحيوان <url> 
1664,شاركونا بعبارات سمعتموها من قبل ولم تفهموا معناها 
1665,وبالنسبه لواحد في بيطري اول ماشوفت الاختصار AI قولت artificial insemination هو انا لوحدي اللي كده 😂! 
1666,حينما يصبح الحلم شخصياً على حساب ضياع الوطن و ذبح أهله على مرأى من العين و الهروب الى الأحلام الشخصية اسما امانينا لا يستطيع العقل ان يقبل حتى الحوار الذي تدنى لهذا المستوى من بعد النظر ليتصبح السعادة هي الهروب بالذات لحلم احمق في زمن يكاد ان ترى نهايته الى يدين الخالق عز وجل 
1667,الله يرحمه يارب ❤️بس مافهمت ايش فجاة كيف يعامل اخته؟ حسيت الجملة مقصوصة او الفيديو مقصوص ولا انا ما فهمت 
1669,@User.IDX وين الحرية وكل شخص حر بما بفعل وما يلبس وما يمارس من طقوس اخرتها نفس كلامنا الي نقوله لليبراليين والعلمانيين أذناب الغرب نرفض العادات التي لا تتماشى مع قيمنا الإسلامية وعاداتنا ولا هم صح لما يقولونها واحنا غلط؟!! 
1671,@User.IDX @User.IDX تقريبا كل شيء بالوثائقي معروف من البداية 🌝☕ #لا_للذباب_الإلكتروني 🐸☕ 
1672,@User.IDX الله يرحمه ويدخله جنات الخلد 💖🌹 
1673,@User.IDX مجرد إعلان قائد أن الطائرة ارتطمت ب... سيثير من الذعر الشيء الكثير.. لذا على القائد ألا يخبر الركاب بشيء.. 
1674,ليش ما راح تاخذ الصوابين والشمبوهات ؟؟! لاني اذكر انه شخص مره كلمك في وحده من الفديوهات ناسي ايش اسمه قلك انه نوعياتها مش ممتازه وممكن ما تكون مناسبه لشعرك او شي زي كذا !!! او لانه ممنوع تشيلها بالطياره 
1675,@User.IDX هالفيديوات تعور القلب و الله ، استقلال حاجة الناس لأبسط شيء يجبرهم على قرارات سيئة راح تضرهم و تضر أطفالهم . 
1676,على فكرة وليد الركراكي (الفيديو الاخير) لا يفهم اللغة العربية جيدا والدليل ان في كل حواراته في المغرب يسأل باللغة الفرنسية ويجيب باللغة العربية &quot;الدارجة&quot; كما انه اذا اكملت تصريحه كاملا وكنت مطلع باللهجة المغربية ستعرف ان طريقة كلامه غير مفهومة وممزوجة بالفرنسية(فقط للتوضيح) ...تحياتي واتابعك باستمرار 
1677,ياحبيبي بدهم يشلحو المواطن الاردني اكتر من كده خلاص كان الراتب يروح بنص الشهر الحين رح يروح قبل ليجي 
1679,@User.IDX والفايكنق خاسرين فلوسهم بمكياج ايفار 
1680,ياريت توضح شويه سياسه تخفيض العمله علشان الناس في مصر فهماها غلط.وبسراحه انت كده بالشرح ده في ناس كتير هتفهمها غلط خالصبتمنالك التوفيق ديما.و اتمنا ان التعليق بتاعي يكون اجابي 
1681,مايحتاج تقول اسم زوجتك في كل المقاطع غثيتنا تراك 
1682,نيكولاس انته بتجنن الله يحميك ♥♥♥ 
1684,ما اصدك جذب هاي عود صدك نحن هيج سوينا بيهم؟💔 والله لو اشوف فلسطيني احطه بين عيوني ويمكن اتكلم معه باللهجة الفلسطينية من كد ما احبهم هففف😭 واصلا ترة كل العراقين هيج حالهم فلا تحسوا أنكم الوحيدين بهذا الشئ وتتعاملون بطريقة سيئة ترة حالكم حالنا💔 
1685,يا ريت كل يوم حلقة من برنامج نيكولاس 😢 
1689,قعدت أنتظر آخر عشرين ثانية انك ترجع وتكتب دحين من جد انتهى ولكن سويت سبرايز ... 
1690,عمر حسين لا تقول اسمي 
1693,لو سمحت تكلم عن طولك صراحه اول مره اشوفك طويل كنت اخذه فكرا غلط عن طولك 
1694,انهو يطلق عليه اسم الزعيم الحرب على العرب والمسلمين بس لصالح إسرائيل 
1695,@User.IDX عشان يقضوا عليكوا بعون الله 👌💪💪💪 
1696,@User.IDX لايوجد هناك مجتمع دولي هناك راس مال يهودي متحكم ومستحكم من كل شي الان ننتضر الوعد اللاهي 
1697,1:40 كلمه حلوه انا فرحت أحب مصر أخوكم من عراق... 
1699,الله يصلح حال اليمن وكل البلدان العربيه والاسلاميه لك الله يايــــمـــن 
1700,استراحة كتكوت ههههههه مبدع يا عمر حسين .. تابع 
1701,نزول المطر.... لك حتى هاي منسقينها مع نظام الأسد ... زلة لسان خير من ألف دليل 
1702,@User.IDX واضح إن صاحب الحساب من أتباع الدين البهائي..الدين البهائي ليس من الأديان السماوية 
1703,اللي حاب يعرف أكثر في الموضوع يقرا كتاب انتوني روبنز ( كتاب المال اتقان اللعبة ) من جرير .. تقريبا عمر جايب محتوى الحلقة من هذا الكتاب 
1704,يرجل لمن تقول بس 😂 
1705,ممكن تشرح منهج التاريخ و الفيزياء بتاع الثانوية العامة . 
1706,@User.IDX والله لو في الحكومه القطريه رجال ماشفت هالقناه بهالشكل بس للاسف ما فيها الا مجموعة مبزره والعجوز الوالد 
1707,ثلاث دقايق هذا الاسبوع قصيره بس خمس دقايق 
1708,اللهمّ إنّي أسألك من عظيم لطفك وكرمك وسترك الجميل أن تشفيه وتمدّه بالصحّة والعافية. اللهم إنا نسألك بأسمائك الحسنى وبصفاتك العلا وبرحمتك التي وسعت كلّ شيء أن تمنّ عليه بالشفاء العاجل، وألّا تدع فيه جرحاً إلّا داويته ولا ألماً إلا سكنته ولا مرضاً إلا شفيته، وألبسه ثوب الصحة والعافية عاجلاً غير آجلاً وشافِنا وعافِنا واعف عنا، واشملنا بعطفك ومغفرتك وتولّنا برحمتك يا أرحم الراحمين 
1709,المسلمين ماعندهم عنصريه لاكن المسيحي العربي شوفو برات الدول العربيه يحكي شي صار وشي ماصار وبتشوف حقد وكره شي مو طبيعي والله عيب 
1710,سبب عدم قبول إيران بطرح ملفها للأمم المتحدة هوا أن أغلب الدول الأوربية ستكون في صف الإمارات لأن إيران عدوهم التقليدي 
1713,@User.IDX @User.IDX نختلف معها ، لكن كلمه حق ، الالاف اللحى والشوارب تتهاوى عند شجاعة وتضحية لجين .. الله يفك أسرها 
1714,@User.IDX أجمل ماعُرض بتاريخ الشاشة 👌 
1715,@User.IDX حافظو على انفسكم امانحنو ليس هو من يهددنا داس أجدادنا خشوم أجداده وسوف ندوس على رقابهم نحنو احفاد ذاك القوم 
1716,شوفو خاوتي نجيبهالكم من لخر باش ما نطولش عليكم و نختصر الحديث بلا ما نڨعد نكثر فالهدرة لي ما تدي ما تجيب و نعيي روحي و نعييكم معايا ، بدون مقدمات و ڨالي و ڨلتلك علاخاطر الواحد راه كاره و مهوش باغي تكسار الراس ، لي فيه يكفيه و باه ما ندخلوش في نقاشات و متاهات يستحيل الخروج منها بنتيجة ايجابية لازم نڨولهالكم بدون اضاعة وقت و كيما يقولو خير الكلام ما قل و دل ..يعني بالدارجة تاعنا نهدرو شوية و نفهمو بزاااف و ماذابيكم تركزو معايا راني الكلمة كي نخرجها من فمي ما نعاودهاش و لي فاتو الحديث يڨول سمعت مالا سمعو و عطوني وذن الڨلب و جاوبوني بصراحة علاه مراكمش ديرو j'aime 3la commntr nta3i 😟😭 
1717,@User.IDX ها هي الذينا يتشدقوان بدمقرتية انهم قمه في العنصريه حسبي الله ونعم الوكيل في كل ظالم من المشركين 
1718,نيكولاس خوري انت شخص رائع وفهمان وواعي صراحة لو حلقتك تستمر ساعه كامله ما راح امل وانا بتابعها 😃 مواضيعك التي تطرحها كثير ممتعه وهادفه وطريقه طرحك الها تجذب كثير من الناس لمتابعتها يعطيك الف العافيه انت وفريق عملك بالكامل . بتوفيق 😊 
1719,@User.IDX والله المسالة موجودة على السبورة ...ساهلة جداااا لا تحتاج شرح 
1720,صح انا ف طائف بس ماعندنا عيد وكذا 
1721,ترا عادي يا جماعة، الفلم حق اطفال والي كانو يرقصو ذا كان في نهاية الفلم زي العرض للأطفال لابسين نفس اللبس حق الشخصيات الي كانت بالفلم الي هي النمور. انا شفت الفلم مره يضحك 
1722,@User.IDX 👀لم ارى في حياتي انذل من الحكومات العربية الخائنة لدينها ولشعبها ، يدمرون، ويقتلون ، وحرقون الاخضر واليابس من اجل حفنة من متاع الدنيا ، مع العلم انهم بعيدين كل البعد عن معنى حقيقة المتعة ، مل يعقل ان يترشح شخص مصاب بالزهايمر ويدفعونه عى كرسي مت
1723,حلم أمريكي وهمي ؟؟؟ بالله عليك تسكت ؟؟ مجرد تاخد الجنسية الأمريكية تدخل كل دول العالم وتاخد رواتب أعلى من راتب شخص بجنسية عربية مع أنهم دارسين نفس التخصص 
1724,@User.IDX المرأة المحجبة حجاب صحيح عن عقيدة وطاعة لأمر الله لا تشارك برياضة ولا ذي فويس ولا إختلاط بلا ضوابط شرعية الحجاب له شروط ومواصفات ليس فقط تغطية رأس 
1725,الله يوفقك ياعمر حسين ..!! 
1726,ليش الخالدي مضطهد من نيكولاس 💔😂 
1728,انا شايفة انه شي كتير حلو ولو الي بنت بخليها تشترك بهيك شي بس اكيد ما تمارسه بالشارع لانه احنا بمحتمع متخلف شوي 
1729,@User.IDX الحمدلله حنا في عز وكرامه اما الخونه اللي تدافعون عنهم مايشرفوننا ولا اي حقوقيه تشرف اي بنت سعرديه اصلا محد داري عنهن. واضح من دفاعكم عنهن فشل المخطط حق العاق ابو بعد ١٢سنه ماكو سعوديه 😂😂😂😂 
1731,الفكره انهم مش بيهربوا مخدرات ولا حاجة وحشة بيهربوا ملابس من الجمارك اللي هي جوا بلدهم يعني تخيلوا تجيبوا ملابس من حلب عشان تودوها دمشق يخدوا جمارك عليها عااااااار والله علينا  <url> 
1733,بصراحة.. شغل اعدادية.. ع العموم انا بتأسف لوقتى الضاع.. شكراً.. 
1734,اييعععووه !! مو عشان خوف من فضيحه او اختطاف بس فعلاً فعلا هل السالفه مستاهله ؟ يعني بالله فين رايحين احنا بذي العلاقه ؟ ايش الهدف من هذا الدقس و البقس ؟ 🙂 اكزااااكتلي نفس نظرتي عشان كذا ماني قادرة اتقبل اني اكون في علاقه الكترونيه بحته ابداً .. اقل شيء اهلنا يعرفوا بعض اقل شيء . 
1735,بصراحه ما احب الفلوقات وفي العادة اشوف نصة واسحب لكن فلوقاتك رائعة يارجل خلتني اكمله كله ✨ 
1736,"""ضحكت ضحك على السوداني كل البيت استغرب مني 😂 ليه كذا معصب اهدا من كذا ههههههههه وبنفس الوقت لما بلغلط شفت الخروف وهو ينذبح مع اني احاول اغمض عيني حسيت بزعل ياليت كتبت تحذير او شي وبالنسبه للي يشوفو مشاهير السوشال ميديا ويحسدوهم على حياتهم حابه اقولهم اول شي الحسد ياكل قلبك ويزيدك نكد وغم على الغم اللي في حياتك وفي حياه كل شخص لان مافي انسان حياته كامله """" ان خلقنا الانسان في كبد"""" كل انسان حياته مكونه من سعاده وتعاسه وابتلاء والخ كلنا كذا بس مو معقوله مشهور راح يجي ينزلك في السناب او في اليوتيووب مشاكلو ؟! اكيد حينزلك شي يستحق انك تتابعه عليه ف حافظ على طاقتك بشغلك على نفسك بدل ماتهدرها على الحسد """
1737,@User.IDX هذا الأمر ليس بجديد عند الشعب الجزائري العظيم ! لا تنسوا بأن الجزائري الذي قام بطرد المستعمر الفرنسي والذي حصل على إستقلال بلاده لن تغريه كلمات مجموعة من الزبانية واللصوص. إن لم يكن هو نفسه اليوم واقفا شامخا ومتقدما ومطالبا بالتجديد قد يكونون أح
1739,الله يسعد قلبك دنيا وآخرة 
1740,تصلي جمعه وترجع اخ بس 
1741,✅نبذة عن الطريقة الكركرية: ⬅ يقول شيخها سيدي محمد فوزي الكركري : 《طريقتنا طريقة المشاهدة ، من لم يشاهد لست بشيخه ولا هو تلميذي.》 ↙ الحمد لله نور السموات والأرض حمدا يوافي نعمه ويكافيء مزيده والصلاة والسلام الأتمان الأكملان على سيدنا وحبيبنا محمد حامل لواء الحمد يوم القيامة وعلى آله وصحبه وسلم تسليما... ↙الطريقة الكركرية هي طريقة تربوية تهدف إلى إيصال العباد إلى تحقيق مقام #الإحسان حتى يتمكنوا من الجمع بين العبادة والشهود ( أن تعبد الله كأنك تراه ) البخاري وبين السلوك والمعرفة حتى تكون حياتهم كلها لله رب العالمين...لذلك تدعوا أتباعها إلى الإلتزام #بالكتاب و#السنة في كل أحوالهم لأننا نؤمن أن وراء كل فعل من أفعال الشريعة المطهرة سر ملكوتي وقبضة نورانية تجمع العبد على مولاه وتنسيه كل ما سواه...ولكن لا يتم ذلك إلا بإتباع منهج الشيخ المربي الذي يصف الدواء المناسب لكل سالك مصداقا لقوله تعالى: ﴿ الرحمن فاسأل به خبيرا﴾ [سورة الفرقان الآية:59]... فعندئذ سيدخل العبادة بالروح لا بالنفس فالتدين الحق يُزكي النفس ويُهذب الأخلاق و يزيد الأشواق و يقربك من الخلاق. ↙ الطريقة الكركرية طريقة حية لسريان #النور_المحمدي فيها وذلك عبر سلسلة ذهبية تربط الخلف بالسلف...فهي طريقة يتصل سندها بسيدنا محمد صلى الله عليه وسلم مرورا بالإمام الشاذلي قدس الله سره...والسند المتصل من خصائص هذه الأمة المرحومة. يقول عَبْد الله بن المبارك رضي الله عنه : ( الإسناد من الدين ، ولولا الإسناد لقال من شاء ما شاء ).. وعلامة صحة الإسناد في السلوك إلى رب العالمين وجود النور المحمدي فيه...فالسند النوراني متصل كل من دخل في كنفه حلت عليه بركات العناية والقرب ورؤية عليه بشارات أهل الإجتباء والسند الذي ينعدم فيه النور يكون منقطعا فيصلح للتبرك دون التحقق. وتمتاز الطريقة الكركرية بعدة مميزات منها: ✔ أنها تمتاز بملازمة السنة في الأقوال والأفعال والأحوال ✔ سهولة الفتح أو سرعته، فالمريد في هذه الطريقة يفتح الله عليه في أقرب مدة وأسرع وقت بفضل الله تعالى ، حسب ما إستقرأناه من أحوال فقرائها ✔ أنها طريقة بدايتها التلاشي في نور الحبيب والحصول على توحيد الجمع ونهايتها وإن كانت لا نهاية الوصول إلى اسم الله الأعظم المكنون ✔ أنها طريقة تمزج بين الجذب والسلوك، وبين الفناء والبقاء، فتلميذها فان باق في نفس الوقت ✔ أنها طريقة مبنية على التيسير حيث تعلمك شهود المنة عليك، مع ملاحظة التقصير في كل أحوالك أن الترقي فيها لا نهاية له، لأنه ترقي في مراتب الاسم الجامع ✔ أنها طريقة تجمع جميع مدارس التصوف ومشاربه، فتجد فيها تصوف الفقيه، وتصوف العابد، وتصوف المنطقي والحكيم والطبيعي، كل واحد يجد فيها مشربه الذي يلائمه ✔ أنها طريقة المشاهدة يقول شيخها سيدي محمد فوزي الكركري قدس الله سره : 《من لم يشاهد لست بشيخه ولا هو تلميذي》 ↙ ومن الاهداف الكبرى التي تضعها الطريقة امام عينيها وتبتغي تحقيقها هو الوصول إلى الله تعالى و التحقق من معرفته المعرفة القلبية على بساط الشهود والمشاهدة، كما تهدف إلى نشر المحبة والسلام بين الخلق، فهي دعوة تصالح مع الخالق والمخلوق و بين الذات والغير... ⬅ و تهدف إلى تخليص المريد من قيود الهوى والنفس، حتى يكون حرا مما سوى الله تعالى...ولكي يصل إلى مبتغاه عليه أن يتحقق بالقاعدة الكبرى في الطريقة وهي : ☑إستحقر نفسك وعظم غيرك...فمن نظر إلى نفسه بعين النقص وإلى غيره بعين الكمال قلت عيوبه وكثرت حسناته وعظم نوره. #Karkariya #vision of #light #visions de la #Lumière #divine à l'état #d_éveil #sufism #الكركرية #محبة #طريقة #المشاهدة #النور #المحمدي #نور #الله 
1742,@User.IDX @User.IDX السؤال الثاني للأخ المذيع لكبير أساقفة كولومبو #ليس_بمحله بقوله وماذا قدمت لكم الحكومة من تبرير كمثل عدم ذهابكم لهذا اليوم ؟ فكيف لا يذهبون ؟! إنه #عيد_الفصح بالنسبة لهم ولابد من ذهابهم فهل المطلوب من المسلم عدم الذهاب لصلاة الجمعة إن 
1744,@User.IDX نهاية الزمان كل شيء انتهى ونفكر ف دمج بين الاديان الله اكبر 
1745,@User.IDX ان اذا انه مسويها وهو صادق في مقصده فموقفه يستحق الاحترام مع اني اشك في ذلك اما اذا سواها كتمثيلية انه محب للسلام وخرابيطهم الباقيه فما في شيء جديد تعودنا على نفاقهم 
1747,فولقاتك ابدن مافيها تضيع وقتتت 💖💖 
1748,@User.IDX ينام بجوار التماسيح ويوم من الايام هو الضحيه 😂 
1749,@User.IDX عزلة النظام الجطري داخل الشبك جعلته يتخيل أمور كثيره تفوق عقله . إنه الشبك 😂 <url> 
1751,لتعلم الدول الاوروبية ان اللاجئون ليسوا ارهابا با اناس قادتهم الاقدار لترك موطنهم ففيهم الابطال 
1752,@User.IDX وهل أروآح المدنين ومآسيهم تهم حفتر ودآعميه ينفقون المليارآت من أجل الفساد والخرآب وسفك الدمآء فسينفقونها ثم تكون عليهم عمى.... وحين يقدمون مساعدة قليلة لدولة ما لابد أن يعلم العالم كله بها ويبقى إعلآمهم يردد نبأ المساعدة هذه دعهم ينشروا فساد في 
1753,@User.IDX @User.IDX والملك يعطي الاكياس في رمضان ههه حياك الله وجعله لك في ميزان حسناتك 
1754,@User.IDX لكن ماقلت لنا كم حاله قتل حصلة لافراد الشرطه والجيش والمباحث والموظفين المدنيين اليس هم من البشر اليس هم يعملوا في توفير الامن للمواطن ودرء الضرر عن الوطن اوالاله الحاسبه لاتحسب الاقتلى الجماعات المتطرقه فقط 
1755,الله يكون في عونكم يا مصريين.انا مش من مصر و اتفقعت مرارتي منه و راح يجيني شلل.الله يفرج عليكم 
1756,لسنا بحاجة إلى برامج تجسس لأن كل واحد فينا لسانه على شعبتين و يرثر بكل شئ...هه تجسس قال!!!!! 
1757,اعمل حلقة عن صوره الثقب الأسود التي تم التقاطة..... 
1758,😂😂😂😂😂😂😂وربي انت مالك حل ابداااااااع حتى في................(اكمل الفراغ) 
1759,@User.IDX الاحلام في بلاد للعرب جريمة يعاقب عليها القدر بالموت حسرة 
1760,@User.IDX @User.IDX وإيه رأيك إن هذا الواكد يؤيد المثلليين جنسيا 
1761,نبغاء حلقة تتكلم فيه عن ماضيك وقبل ما تصير مشهور لو سمحت الي معاية يدوس لايك عشان يشوفه لو سمحتو (( وصل على نبي الله محمد )) 
1762,اشبو راسك فيه قرموعين 😂😂 
1763,اولا الاداء سيء . .ثانيا الحرمه مش حق حريه وتمشي براحتها .. يشتي لها رباط وسحب عشان ما تفكر تنفتح نفس اختنا هذه 
1764,رااااااااااااائع للأسف 😢😭 حسبي الله ونعم الوكيل لايمت هالحال والله كلامك بفش القلب بس يا ريت حدا يسمع 😡 
1765,ناس تتقدم وأما لبعض ترجع إلى صفر ههههه 
1766,مخلوفي المواطن العربي الحالم بحياة أوسع من حدود دولته إنها إرادة الشعوورووووووووب مبارك لك أيها المغامر بصمت مبارك للشعب الجزائري الحبيب 
1767,ولا واحد من صحابي سابوا الجامعةوولا واحد من صاحبي بقوا بل جايتس 
1770,اتمنى تحكي عن السعودي الي يسب ويشتم الفلسطنين 
1772,فيه مقولة إقتصادية سمعتها من رجل اعمال حضرمي غير متعلم ولكن يملك حكمة إتخاذ القرار و التفكير ومغامر ولكن وفق خطط قال لتكوين ثروة تذكر كلمة 👇 تصرف وماتحسب ... تفقر وماتدري الخلاصة في ثواني 👇 التخطيط المالي اساس كل ثروة يعطيك العافية عمر باشا 
1773,@User.IDX اطردوا بوحيرد من مظاهراتكم فمن أيدت مجرمين ديكتاوريين كبشار والسيسي لايحق لها المطالبة بالحرية ، أبقوا الوعي حاضراً 
1774,اعمل فيديو عن الروبوت صوفيا ☺😱 
1775,@User.IDX في عديد المدن التونسيه من العادات انو لازم في كل بيت سجاد يدوي وطبعا كل واحد يشتري نوعيه حسب ميزانيتو 
1776,"هذا الكلام اللي ينقال ,,,, مو على طول شي ينشهر بسرعة بس حسادة تثولو حرام وتجسس وكلام قاضي "
1777,كل همهم الاستهلاك والاستهلاك والرفاهية على حساب البيئة والمخلوقات لا تصليح ولا إعمار للأرض بصراحة الإنسان المترف والجاهل والعاصي هو أكثر من دمر الأرض وافسدها 
1778,خالدي اعمللي واسطة وفوتني السليطبنصير خالدي و خالدية🌚💔ونأسقط نكلوستي مع بعض 
1779,يا اخي كلماتك كلها روعة ليس فيها اي مضيعة وقت❤❤❤ 
1780,ما شاء الله مو بهذا الفيديو خصوصا، لكن بشكل عام مفرداتك واسعة ونادرا ما تدخل الإنجليزي. 
1781,وأنتوا ايش رأيكم يا اي جي بلس بهالموضوع ؟ 
1782,احلي لايك لاحلي 3 دقايق في اليوتيوب 
1785,هذا لو بالعراق جان صار الجهال يتعلمون عليه الرمايه والركض بالعاميه يعني حجار وعصي انواع الكتل.احب أوجه رساله ومن هذا المنبر الكريم شاكر علي اخويه اشو هذا لأري اتعين وانته بعدك 
1786,@User.IDX حسبي الله ونعم الوكيل اعدمو شباب في عمر الزهور 
1787,عشان خسرة كم ريال ههههه قروشتنا 
1788,لازم تعتذر لآدم صالح الي كنت شاك فيه وسوايته مع الخطوط الهمجيه لما صارت مشكلته معهم والان اتضح للجميع ان الخطوط هاذي سيئه ويديرها عنصري ومو شايفه احد 🤔 
1789,@User.IDX عمل عظيم يجب أن يشكر علية احسن من ممولين الإرهاب الذي يدفعوا الملايين لقتل الابرياء 
1790,"""@User.IDX كم سيبقى خبر مذبحة المسجدَيْن بنيوزيلندا مطروحًا في الإعلام العالمي مقارنة بخبر قضية """"خاشقجي"""" التي امتلأت بها صفحات الصحف والمواقع الإخبارية سؤال من صباح الخزاعي ونحن نشاركه ونسأل قناة الفتنه (هل ستستمر في متابعة خبر مذبحة المسجدين ام ان الامر لايهمها هنا (تحريضا ونفاقا وانتقاما """
1791,@User.IDX طيب يعتبرنا الشيخ اقلية ويعترف بمجازر الصهاينة في فلسطين، او يمكن انه اعمى ام قبض ام ام ماذا؟؟ لاحول ولا قوة الا بالله 
1792,أتمنى مشاهدة رد الدكتور عمر يماني عليك لانه أوضح وأكثر عقلانية من باقي الردود 
1793,@User.IDX اللي نعرف ان الروح تبدا سريانها وزوالها من القدمين كيف فام على طول!! 
1794,@User.IDX @User.IDX خلي السيلفي ينفعك هذي حيوانات مفترسة 
1796,@User.IDX @User.IDX شيء واحد أنا متأكد منه ودائماً حافظت عليه السعوديه وهو أن سياستهم الداخليه لا تسمح لأيٍ كان بالتدخل فيها 
1798,والله الواحد ما عاد يعرف الصدق من الكذب بهالزمن خصوصاً عندما يكون طرفي أي قضية الأعراب الأشد كفراً و نفاقاً و الفرس ذوي المطامع التوسعية و طموحات استعادة امبراطورية كسرى القديمة !😣😞 
1799,@User.IDX AJ+ وسيلة إعلامية قطرية تسخر من الجزائر 
1800,@User.IDX اعداد المحتوى والإنتاج والإخراج شئ خرافي شكر خاص لي القروب الذي يعمل لليل ناهر حتى يقدم لنا عمل مميز دوماً 
1802,ﻣﻦ ﺍﻟﻐﺒﺎء ﺃﻥ ﺃﺩﺍﻓﻊ ﻋﻦ ﻭﻃﻦ ﻻ ﺃﻣﻠﻚ ﻓﻴﻪ ﺑﻴﺘﺎ ﻣﻦ ﺍﻟﻐﺒﺎء ﺃﻥ ﺃﺿﺤﻲ ﺑﻨﻔﺴﻲ ﻟﻴﻌﻴﺶ ﺃﻃﻔﺎﻟﻲ ﻣﻦ ﺑﻌﺪﻱ ﻣﺸﺮﺩﻳﻦ ﻣﻦ ﺍﻟﻐﺒﺎء ﺃﻥ ﺗﺚﮕﻝ ﺃﻣﻲ ﺑﻔﻘﺪﺍﻧﻲ ﻭﻫﻲ ﻻ ﺗﻌﻠﻢ ﻟﻤﺎﺫﺍ ﻣﺖ ﻣﻦ ﺍﻟﻌﺎﺭ ﺃﻥ ﺃﺗﺮﻙ ﺯﻭﺟﺘﻲ ﻓﺮﻳﺴﺔ ﻟﻞﮕﻻﺏ ﻣﻦ ﺑﻌﺪﻱ ﺍﻟﻮﻃﻦ ﺣﻴﺚ ﺗﺘﻮﻓﺮ ﻟﻲ ﻣﻘﻮﻣﺎﺕ ﺍﻟﺤﻴﺎﺓ .. ﻻ ﻣﺴﺒﺒﺎﺕ ﺍﻟﻤﻮﺕ ﺍﻹﻧﺘﻤﺎء ﮔﺫﺑﺔ ﺇﺧﺘﺮﻋﻬﺎ ﺍﻟﺴﺎﺳﺔ ﻟﻨﻤﻮﺕ ﻣﻦ ﺃﺟﻠﻬﻢ ﻻ ﺃﺅﻣﻦ ﺑﺎﻟﻤﻮﺕ ﻣﻦ ﺃﺟﻞ ﺍﻟﻮﻃﻦ ﺍﻟﻮﻃﻦ ﻻ ﻳﺨﺴﺮ ﺃﺑﺪﺍ .. ﻧﺤﻦ ﻫﻢ . ﺍﻟﺨﺎﺳﺮﻭﻥ ﺍﻟﻤﻮﺕ ﻓﻲ ﺳﺒﻴﻞ ﺇﻋﻼء ﻛﻠﻤﺔ ...ﺍﻟﺤﻖ ﻭ ﻓﻲ ﺳﺒﻴﻞ ﺍﻟﺪﻳﻦ ﺇﺳﻤﻊ ﺍﻟﺤﻘﻴﻘﺔ ﻋﻨﺪﻣﺎ ﻳﺒﺘﻠﻰ ﺍﻟﻮﻃﻦ ﺑﺎﻟﺤﺮﺏ ﻳﻨﺎﺩﻭﻥ ﺍﻟﻔﻘﺮﺍء ﻟﻴﺪﺍﻓﻌﻮﺍ ﻋﻨﻪ ﻭﻋﻨﺪﻣﺎ ﺗﻨﺘﻬﻲ ﺍﻟﺤﺮﺏ ﻳﻨﺎﺩﻭﻥ ﺍﻷﻏﻨﻴﺎء ﻟﻴﺘﻘﺎﺳﻤﻮﺍ ﺍﻟﻐﻨﺎﺋﻢ ، ﻋﻠﻴﻚ ﺃﻥ ﺗﻔﻬﻢ ، ﻓﻲ ﻭﻃﻨﻲ -ﺗﻤﺘﻠﺊ ﺻﺪﻭﺭ ﺍﻷﺑﻄﺎﻝ ﺑﺎﻟﺮﺻﺎﺹ ﺗﻤﺘﻠﻰء ﺑﻄﻮﻥ ﺍﻟﺨﻮﻧﺔ ﺑﺎﻷﻣﻮﺍﻝ- ﻭﻳﻤﻮﺕ ﻣﻦ ﻻ ﻳﺴﺘﺤﻖ ﺍﻟﻤﻮﺕ .ﻋﻠﻰ ﻳﺪ ﻣﻦ ﻻ ﻳﺴﺘﺤﻖ ﺍﻟﺤﻴﺎﺓ 
1803,@User.IDX @User.IDX لا يا سيدي نحن نرفضها طالما هناك بقايا النظام السابق 
1804,فكرت رح يقول كنا بدنا نيكو😂😂😂 
1805,اختي ترتدي الاحذية ذات الكعب العالي فقط اما انا فأرتدي الاحذية ذات الكعب المسطح و لا يمكن التبادل.. لو كان لدينا مثل هذه الاحذية 😓 
1807,@User.IDX حلقة جميلة جداً وأداء رائع لكن اتمنى نشرها على اليوتيوب لسهولة مشاركتها 
1808,لا تنادی العرب صغيري لانهم في سبااااات عميق . نادي رب العالمين هو القادر على كل شي . الله يعرف العرب جيدا يعرف كم هم جبناء و منافقين و يدعون الاسلام و ماهم يعرفون شيء عن الاسلام شوهوا اسم الاسلام النظيف . العرب يضرب العرب و يركع للغرب يدمرون كل ما حولهم . يارب اصلح الحال في كل مكان 😔 
1809,2:03 where is she?.....قصدك؟ فلسفة عل الفاضي بس ابغا احس اني فاهم شويتين بالانجليزي 
1810,لايك قبل المشاهدة لأني واثق من المحتوى 🌹 
1811,السياسة الأمريكية لا يرسمها أفراد ولا يحددها رئيس سواء كان ترامب أو غيره. مراكز البحوث الاستراتيجية والمخابرات والشركات الصناعية.... هي من ترسم ملامح السياسة الأمريكية والرئيس ليس أكثر من واجهة تلميع. 
1812,فين خالد خليل؟؟😂😂😂احنا قلقانين عليك😂😂 
1813,حسبي الله ونعم الوكيل .كيف اصبحنا نتقاتل ونتكلم على. بعض 
1814,هون بالمانيا الدولة المش عربية ومش مسلمة، ممنوع فيها اهانة اي انسان مهما كانت هويته، ويسمح بالدراسة مع الدعم والتحفيز من خلال استشاريين واجتماعيين، لكن الشغلة الوحيدة الصعبة هي اللغة وكمان بيصبروا علينا، بس نحنا نعتبرهم عنصريين لأنه فقط يخبرونا ليه ما تملك هدف ؟ بدك تشتغل لو بدك تدرس ؟ تملك خطة لمستقبلك ؟ ولأن نحن العرب متعودين بس ناكل ونشرب، نعتبر هالسؤال عن المستقبل عنصرية ! 
1815,@User.IDX مصر + الامارات + السعودية محور الشر العربي 
1816,@User.IDX ليش الاسلام تلاشى في اسبانيا ؟ ببساطة لانه دخل بالعنف وبالسيف عكس اندونيسيا وماليزيا اللي دخل عن طريق الدعوة والمعاملة الحسنة ولو استمر الوضع كذا مسلمي ماليزيا بيردتوا (: 
1818,اشوف ان نتائج الدراسة معكوسة تماما فاصحاب الايفون غالبا من ذوي الشخصيات الناجحة والمنتجة في المجتمع عكس مايقوله التقرير انهم اصحاب السطحية وهذا مثال لكل الشخصيات التي حولي في العمل وينطبق على كل الشخصيات التي تملك الايفون مقارنة باختيار افضل واكفى العقول من جملة مستخدمي الاندرويد بنفس البيئة !! فالنتيجة عكسية بنسبة ١٠٠٪‏ ولعل مترجم الخبر في هذي الصفحة عكس الترجمة او انه يتعصب لنظام ع حساب اخر كونه مستخدم هو للنظام الذي كانت النتيجة غير مرضية بالنسبة له هو نفسه عالاقل !! 
1819,التوانسه دايما عندهم روح الوطنيه بزياده تحيه للشعب التونسى 😍😍 
1820,تستاهل مواصلاتهم والله.. خدمات جيدة. في الرياض ندفع 50 إلى 60 ريال في الساعة لأي سائق وبالعداد في سيارة الأجرة العادية اللي ممكن تسجل 30 ريال لمشوار 15 ساعة... وماتسافر 100 كيلو.. الحمد لله 
1821,أمجد من الأردن💪💪💪 متمكن. الأردن تكسب أكيد😏 
1822,@User.IDX انا من تونس ..والجزائريين والتوانسة خاوة خاوة .. الله يحفظ الجزائر و يقيها شر الفتن. 
1823,انت انسان واعي وبرنامجك على قدر عالي من المسؤلية في مخاطبة عقول الشباب العربي.. انتقاصك من فديو الشيخ الوائلي وهو علم من اعلام العراق واحد اهم رموزه وتصويره بهذه الطريقة لا يدل الا عن سوء بالاعداد وجهل بالشيخ.. وجب التنبيه 
1824,@User.IDX يا جماعه النظام الانقلابى فى مصر بيعمل كده عشان يعمل مشاكل مع السودان وممكن حرب وتبقى البلد فى حاله حرب مفيش انتخابات ولا ودستور ولا اى حقوق خالص واكيد البشير كمان عنده مظاهرات والحرب دى هتفيده دى عصابه بتحكم مصر والسودان 
1825,أسطورة بالفعل، لكن يا خوفنا من أن يعود بعد الاعتزال والمشيب ويعترف في لقاء تلفزيوني أن جميع إنجازاته جاءت بالمنشطات كما حصل مع أساطير قبله 
1827,كل يومين أفضل.. سلامات كفاره إن شاء الله 
1828,#اخوان_خالد_فلوقز موجودين؟؟ نوصل ٥٠٠٠ مشترك بأقل من اسبوع#احنا_قدها 
1830,انت يادحيح تمرمط بأفكارنا الارض ... 
1831,@User.IDX والله الناس حس الفكاهة انعدم عندهم بس مااكتر. انا شايفو خفه دم بس وماف زول بكره بلدو.. دا ظلم واضح وصريح 
1832,@User.IDX اللهم إحفظ الجزائر وشعبها وأمنها ، وأبعد عنهم الفتن ،،، قناة الجزيره كذب في وضح النهار 
1834,المصرين نفسهم معذبين داخل دولتهم مش هتقف ع فلسطينى او سورى او عراقى او او او مصر بقت اولى الدول النامية بقت اولى الدول اللى احترفت التعذيب داخل السجون بقت اكتر دولة ف العالم اقترضت فلوس من الدول التانية بقت ايه ولا ايه ولا ايه ..احنا بنموت فيها ..احنا جيل بيضيع ..حتى علمائها طفشوا منها علشان ميتقتلوش جواها وبيرجعولها اموات ..ياعينى عليها مصر ..يا عينى عليها دولتنا 
1836,@User.IDX يعني شو حكت مَس الأمن القومي شيء بديهي مياه النيل لا تصلح للشرب وغالبية الأنهار أيضا شو عملت لتقوم الدنيا عليها بهالشكل شوفو الي بيسرقو البلدوحاسبوهم افضل من وحدةً حمت شيء حقيقي 
1839,قضية رشوة متلبس بها و يدافعون عنه لأنهم ببساطة مثله #مجلس_النوام 
1840,@User.IDX يريدون يعربون تنظيم القاعده الخاص بهم من الصومال ودول افريقيه حتى يرسلونهم الى باقي الدول 
1841,بصراحة الموسيقي المصاحبة للفيديو في هذا الموسم مزعجة ياريت ترجع الموسيقي اللي كانت في الموسمين السابقين 
1842,كان لازم تشوف دعاية نفس السمنة بمحل الخضرة ومحل المكياااج🤣🤣🤣🤣🤣 
1844,@User.IDX تاريخ الترابي سيئ جداً في وجهة نظر ايا شاب سوداني وائي شاب يختلف معايا الرأي هو أيضاً سيئ🇸🇩 
1846,والله خوفي تسوي إعلان مزيل عرق كمان، 👆حط المنتج بس مو ضروري تستعمله 
1847,يعجبني ياخي لمن اتابعك على السناب اول بأول .. وبعدين اتابعك هنا برواق .. :) 
1848,لو تعرف ان في البلوجر اعلانات اذا ضغت عليها يزيد نسبة قليلة لارباحك فاذا هذه النسبة انجمعت من 20 الف شخص او اكثر رح تصير فلووس 
1849,أين صحفي سكاي نيوز عربي إسحاق المختفي في سوريا لمذا لاتسأل عنه القناة؟!!!! 
1850,"""الفيديو كان بعنوان """"حلب ثقافة حياة"""" بغرض يوصلو رسالة للعالم عن الصمود ..... ما حدا جاب سيرة السياحة. يا ريت تعرضو الفيديو كامل تاني مرة بدون حكمكن المسبق عليه """
1851,السبب بسيط من عند فرنسا التي تنهب وتسرق افريقيا بشكل متواصل ... والاتحاد الاوروبي تصمت على ذلك ... 
1852,@User.IDX 15 عاما.. وبعدين 16 سنة.. صحيح سنة.. فالسنة في اللغة تختلف عن العام.. عموما... حسبنا الله ونعم الوكيل في كل من شارك في هذه الفاجعة التي مآسيها مستمرة حتى يومنا هذا.. آه من وجع في القلب يدمي 
1854,يجب على قوات سورية الديمقراطية الأبطال يقفون مع النظام السوري و مع الجيش العربي السوري البطل و لن نتخلى عنهم الأكراد أصدقائنا 
1856,وا أسفاه على أمة محمد أصبح الأعداء يتدخلون للإصلاح بين أبنائها. أصبحت إسرائيل وأمريكا خِلاً عزيزاً وقطر والمقاومة في فلسطين عدواً وخطراً. حقاً انقلبت الأمور والموازين. 
1857,و لسا بدنا حرية ...... 
1858,عمر تكلم عن لعبت مريم الي معي لايك 
1859,@User.IDX يا جزيرة السنافر منهم اصلا واكد وأبو النجا هذول مايمثلون الا ذره مذابه في فقاعة صابون متلاشية مالهم قيمة ولا وجود ولا هم يمثلون شعب مصر العظيم . 
1863,يا عيني عليك وانت مؤمن بنظرية التطور 
1864,@User.IDX يوجد بعض البشر لا يفرق بين المسلم والكافر يريد المال والجاه فقط 
1865,القدس وما ادراك ما القدس، زاد الظلم فيها، وعاد الوعي ادراجه، لتتسم معه اسمى معاني الانسانية، الممزوجة بالرجولة، والشهامة، التي خلفها هذا الدين العظيم، القدس مشكاة ضوء رغم الظلام الذي يحيطها، من هنا تبدأ منيّة الظلام.. 
1866,@User.IDX @User.IDX من اجمل التقارير واجمل تحليل واروع قراءة واداء . 
1868,هما دول قطريين؟؟،،،لهجتهم حساها غريبة بس دمهم خفيف..،يارب يجمع العرب😊 ويضرب الظالمين بالظالمين ويخرج العرب منهم سالمين 
1869,@User.IDX دولة زي فرنسا دي مثلا لاعبي كرة القدم لديها كلهم من اصول افريقية و عربية اسلامية ، ومفيش عليهم هجوم عشان بيساعدوا منتخب فرنسا انه يكسب بطولات ، وبعدين حضارة ايه اللي بتتكلم عليها الوزيرة دي ، دول اوروبا وامريكا ليس لديهم حضارة من الاساس انما بيص
1870,كل التعليقات عن واحد اسمه البتيري تكفون قولو لي ايش سوى اللقافة بتذبحني 😐😐🙄 
1871,@User.IDX التأني يا جزائر يمكن ربي ايغير الحال من غير حرق وتخريب قبل ماينفع الندم ومبروك الي صوتكم حقق ولو 1% من اهدافكم 
1873,@User.IDX ياريت يكون فيه احتمال ولو صغير ان الراجل اليهودي دا بيفتري علي بلحه الوضع مرعب كفايا اصلا لكن الي اتقال دا ليفيل عالي جدا جدا من الرعب 
1874,انا كويتي خليجي رقم ٢ 
1875,@User.IDX @User.IDX ولم اكتب الشعر فيكي ... ولكن أَحَبَّكِ من نفسه فأنكتب 👏🏼👏🏼 
1876,وظيفة + رياضه = أحسن حاجه ربنا معاك وبالتوفيق للجميع اتمانه تكون عندنا في مصر 
1878,@User.IDX غفر الله ما تقدم وما تأخر واسكنه في الجنات 
1879,ايجيكولوجي والدحيح في يوم واحد لا مش معقول😂😂 
1881,ياحضك 😹😹نحن بلادنا وا بيتنا حتا لو متنا بنكون في السعوديه 😹 
1882,@User.IDX هذا الكلام غير صحيح القصف من الحوثيين انفسهم من اجل تحميل التحالف المسؤليه ان كان قلبهم على اليمن عليهم القاء السلاح والدخول في مفاوضات سلام حقيقية 
1883,@User.IDX بواسطة العملاء العرب ( الحكام ) تنهض إسرائيل 
1885,افضل شي ممكن تسويه السقيا 
1886,"""في نفس السياق قال أيضاً: """"عايزين تسيطروا على الأسعار.. الحاجة اللي تغلى ما تشتروهاش"""". هل تعتبرون ذلك حلاً للغلاء؟ """
1887,افتكرتها مصرية شكلها مصري...عموما لم نبتعد كثيرا دائما اللبنانيين يثرون العالم العربي بالافكار الخلاقة والابداع 
1889,9:41 استعراض عضلات غير مباشر😂💕 
1890,@User.IDX سبحان الله ..وفين بقى بتوع حقوق الإنسان إلى فى الغرب إلى كل سنه قبل عيد الاضحى ينتقدوا المسلمين ويقولوا أنهم وحشيين بسبب قتل الأضاحى😂🤣 #عندما_يظهر_الغرب_بوجهه_الحقيقى 
1891,"لك انت تستهبل ولا تستهبل؟ اش الفكرة من الشرح, يلعن ابو الجرين كارد على المصيبة الي بتحل فينا وانت قاعد تشرح وتوضح !!!! هذي الضربة القاضية للمواطن وجنة للوافد وانت جاي ترفع فيديو بدون هدف محدد وكأنك تستفز المواطن بعدين خلك من (أبوك وأمك وامريكا) قل والدتك , والدك , وناقش الأمور الي تهم المواطن مو جاي دردشة وتسوي نفسك عندك معلومة وخلاص ما استفدنا شي كمواطنين ديسلايك بلا ف شكلك سبسكرايب قال "
1892,"""🔴 تعلم المهنية في نقل الخبر وتدوير الكلام .. راجع بيان مقتدى الصدر ثم تكلم """"قال تشكيل """" .. ثم ان قضية فلسطين هي قضية العرب فأهلاً بكل من يبادر في سبيل تقديم شيء يخدم شعب فلسطين المظلوم وينظف ارضها المغصوبة. ولكن انى ذلك وبات العرب بلا عروبة""""ليس الجميع ، لكن المتسلمين زمام الامور والشعوب خانعة""""!! """
1893,علينا ياعموري 😉 اقنعني ان المصري وأبو يمن يكرهون الفلوس أقنعك ان البحر فيمتو 
1894,@User.IDX هما بينبهروا مع نفسهم اطلع انت منها وسيبهم في حالهم 
1896,كيف شخص زي كذا رهيب متابعاته ما توصل مليون !!؟! وحاجه معفنه زي شباب البومب مليون واكثر :/ 
1897,@User.IDX @User.IDX انتم كلكم كفو ولا وش السالفة 
1898,اصعب تحدي هو ان اضل صامت وانا ارا كل الذي يحدث في وطني العربي الجريح اتمنا لو ان بيدي ان قوم بشي عملي او معنوي ينفع المجتمع العربي و ينفع فلسطين😥😥😥😥😥😥😥😥😥😥😥💔💔💔💔 
1899,لَا تَحْسَبَنَّ اللَّهَ غَافِلًا عَمَّا يَعْمَلُ الظَّالِمُونَ ۚ إِنَّمَا يُؤَخِّرُهُمْ لِيَوْمٍ تَشْخَصُ فِيهِ الْأَبْصَارُ 
1901,رائع ينظرون للمستقبل بنظرة ايجابية 
1902,على أقل أوباما أفضل من ترامب . و بالأضافة أنه لا يحصل على أجر خيالي و تقاعد مدى الحياة بعد منصبه الوزاري كما يحصل في النظام البيروقراطي المغربي. 
1904,@User.IDX لو طبق الجميع حكم الله (القرآن الكريم) وسنة نبيه صلى الله عليه وسلم لما رأينا بالجرائم التي نسمع بها ونراها في هذا الزمن.. لذلك نحمد الله بأننا في دولة رأيتها التوحيد وتُطبق حكم الله.. حتى يردع كل غاوي.. اللهم أحفظ بلادنا المملكة العربية السعودي
1906,السيسي قال مصر هتبقى أد الدنيا ....و فعلا أصبع عضو فاعل في مجلس العالم......الى الامام يا سيسي ......هههههههههههههههههههههه 
1907,مجهود جميل واكثر من رائع بالتوفيق 
1908,مشاء الله زغبة خيط دارت بيها لعجب واحنا تاوعنا الماكة والرقاد ويعسو في الناس هههه 
1909,سلام عليكم اخوات هل تحتاج مشروع الى إجازة الصحة وموافقة ارجو جواب 
1910,@User.IDX الله وأكبر الله وأكبر. ...هذا ممتاز جدا جدا. .والله العظيم انا لحبيبة هذا. ...صبحان الله العظيم 
1911,برغم اني انتظر الدحيح بشوق لكنني لا اشاهد الحلقة اول ماتنزل بل انتظر باخر الليل قبل نومي وانا مستلقي على الفراش وبهدوء لكي استمتع بها.. 
1912,@User.IDX هذولا العرب :: يقومون في تدمير العراق ويذهب هون في التطبيع مع إسرائيل.... في الديمقراطية الفاسدة من واشنطن :: في العراق.. 
1913,انا سمعت فين الكلام دا قبل كدا ...الدحيح 
1914,@User.IDX لاحول ولاقوة إلا بالله ، وحسبنا الله ونعم العظيم 💔 
1915,"""السعادة ماحتنفعك بدون الفلوس...وضع fake """"المحظوظ الوحيد بدي الحياه هو الي اتولد وفي اب وام مستنينه بحب وبملعقة دهب..."""" الابهات الي ماعندهم بيجيبو اولادهم لحتى يصرفو عليهم او على اخوتهم بعدين.....~> كانهم شراء اصول للمدى البعيد شغالين يشفطو منهم يحاسبوهم على كل اوكسجين(انا جبتك) روحو موتو وماعمركم تخلفو """
1916,اكره الناس الي تولد و ترمي حملها على واحد من الاولاد. يعني وش ذنبها هي. اذا ما عندك إمكانيات جيب ولد او اثنين و وقف. ألله في عون كل المستضعفين 
1917,Nesma MostafaMostafaتوكلي علي الله وانا ومريم نعملك حمله اعلانيه جباره 😄 
1918,ما فهمت من الحلقة شي غير انو السعودية حتفلس 😕😕 
1919,العربي ما بين الا علسرقة ....🐸 كم انتا كبير أيها العربي و بلنسبة لا دي كابريو حسيت الا يطلعله طلعة صح زي هذي 
1923,والله لم أتوقع في يوم من الأيام أن يحصل هذا في بلاد العرب مثل الصليبيين مع الأسف يا مغرب مع الأسف يا تونس مع الأسف يا جزائر مع الأسف يقول الله تعالى لا تجزا نفس عن نفس شيء ولئمر يوم اذا لله 
1924,جاني اعلان مدته 8 دقايق وتفرجته كامل لعيون عمر 
1925,وحد الله يا رجل من وين بدنا ننتصر هي عزيمة ناس بدها تنتصر😢 بس شغل جميل 😉 
1926,@User.IDX والله لا يستحي من الله ولا من نفسه 
1927,وبعدين يا فهد في الموضوع ده أحجز بذرتين يا اخي علشان مصر Fahad K. Ibrahim 
1928,الحل بسيط هي ان نقوم بديننا من السبات الللذي هو فيه حتى نستطيع التصدي للدول العلمانية الكبرى المتحكمة في هذه التجارة واللتي هي نفسها أصدرت بروتوكول منع المتاجرة بهم .... 
1929,نريد ثقافة إسلامية اختراع اسلامي انجاز علمي إسلامي لا عشاء إسلامي 
1930,@User.IDX ياترى هل لكم صوت وموقف اتجاه قضية #الصحراء الغربية أخر مستعمرة بإفريقيا ؟؟ للجميع دول العربية 👆👆 #القمة -العربية في تونس . 
1931,مليون سورى مشرد بالعالم هذا راح يوفر 800 مليون دولار، كافيه للصرف على المليشيات اللبنانية و الايرانية والعراقيه اللتى تقتل السوريين الاسد او نحرق البلد 
1932,انا ممن حضروا هذا الاحتجاج في مدينة ورقلة جنوب العاصمة الجزائرية.. كان الاحتجاج في قمة التحضر والسلمية والمتضاهرون رفعوا العلم الوطني وأقروا بأن الوحدة الوطنية خط أحمر ومطالبنا كانت مشروعة وتمحورت كلها في تنمية المدينة من بنية تحتية والصحة لكن الأمن أراد أن يستفزنا بإطلاق الغازات المسيلة للدموع لجرنا للعنف ولم تدم سوى 10د من المناوشات إلا أن الشباب المنظمين سيطروا على الوضع وعادت السلمية لهذه الوقفة الاحتجاجية.. وان شاء الله رنا مستمرين حتى تتحقق مطالبنا 
1933,@User.IDX فلتنكر اكثر ملامحها الأفريقية و لتترك الكريمات لترجع لونها الطبيعي الذي تسي له هذه النوبية 
1934,حلو كثير .. إذا آمنت بنفسك أصبحت بطلا .. 🌸🌿 
1935,@User.IDX والله حبيت البلد من كل قلبي من يوم الحادثه وهم واقفين مع المسلمين شفت كثير مقاطع سبحان الله 
1936,ههههههههه خالدي وهو لابس قناع باتمان وبدندن شكلو زي الخنفساءموتني ضحك😂😂😂 
1937,"""متابع لبرنامج السليط ولكن والله اشمئز كلما بتجمع الاخضر واليابس فيما يسمى """"الوطن العربي"""" يا اخي احنا مسلمين مو عرب لماذا كل هذه القومجية التي فرضتم علينا . خلينا اخوة في الاسلام ولنحترم القوميات التي تعيش في شمال افريقيا. #enough """
1938,@User.IDX كله كوم وصبره على فاجعه انتحار ابنه كوم ثاني 😢 ربي يصبره ويرزقه من حيث لا يحتسب 
1939,الاخوان العزاء القائمين بهذة الصفحة @User.IDX لو عايزين تنشروا مثل هذا الحالات الصعبة والإنسانية ، ياريت يكون هدفكم مساعدتهم قبل أن يكون سبق صحفي أو كثرة مشاهدين للصفحة او القناة ياريت قبل نشر الحالة تتأكدوا انهم انحلت مشكلتهم إذ تريدون اصلاحا في الأرض والا فأنكم لا تختلفوا عن غيركم ممن يفسد في منصبه أو موقعه والله المستعان والعفو 
1940,الله يرحمك يا شهيد الوطن ، لولا تضحيات أمثال هذا البطل لأصبحت سوريا أثرآ بعد عين ، لقسمت و أصبحت مرتعآ للمراحيض المتنقلة الجهادية ، لعنة الله على الخونة العملاء العربان تجار الدين و الدم ، راح ترجع سوريا الحبيبة أقوى و أجمل بتضحيات أبنائها الأوفياء الذين حافضو على كرامة و شرف وطنهم 
1941, <url> الله غالبمن الاردن للوطن العربي كله 
1942,انا مش بحب فكرة السوبر هيرو هو انا مش طبيعية🤔 
1943,روى الحاكم عن أبى هريرة (رضي الله عنه )قال رسول الله صلى الله عليه وسلم((أخبرني جبريل عليه السلام أن الحجم أنفع ما تداوى به الناس ))حديث رقم ٢١٨ روى ابن ملجة عن أنس وعن ابن مسعود:قال رسول الله صلى الله عليه وسلم. ((ما مررت ليلة أسري بي بملا من الملائكة إلا قالوا يا محمد مر أمتك با الحجامة ))حديث رقم ٥٦٧١ روى مالك واحمد بن حنبل والبخاري و مسلم والترمذي و النسائي عنهم. قال رسول الله صلى الله عليه وسلم: ((أمثل ما تداويتم به الحجامة و القسط البحرى ))حديث رقم ١٣٦٥ 
1945,@User.IDX قال تعالى :(يَا أَيُّهَا الَّذِينَ آمَنُوا إِن جَاءَكُمْ فَاسِقٌ بِنَبَإٍ فَتَبَيَّنُوا أَن تُصِيبُوا قَوْمًا بِجَهَالَةٍ فَتُصْبِحُوا عَلَىٰ مَا فَعَلْتُمْ نَادِمِينَ ) 
1946,رائع الكثير منا لديه مواهب أو هوايات ولو كانت بسيطة ولكن بصمت. الخوف والخجل والجرأة مقفولة بداخلنا 
1947,اينتا هادا برضو كيدا. كيدا كيدا يا واد يا اينتا 
1949,حنا مساجدنا مايرفع صوت الصلاة فيها بس الآذان والاقامة عشان الناس تعرف ان وقت الصلاة دخل. بس مايرفع صوت التلاوة وغيره 
1951,انا داخل اليوتوب وانزل شي والناس تطقطق علي وازعل ''لا انزل مقاطع من البدايه'' انتهى... 
1953,الاستديو القديم كان أحلى و شخصية الدكتور كانت ظريفة كمان ...مابعرف كان احلى السليط بموقعه القديم و بتواجد اكثر من شخصية ... 
1954,طيب اللي فاتتو المرحلة ده ايش يعمل !! 
1956,اتمنى من جميع اللي شافوا الفيديو وسمعوا (فضفضة😡) عمر يدخلوا الفيديو دا ويسمعوا رأي الدكتورعمريماني ⛑ في الموضوع 🙏 🙏 🙏 🙏 دا <url> 
1957,@User.IDX صلى ع النبي ي باشا 
1958,@User.IDX ترقبو زيارة ابن سلمان وصفقات اقتصادية لبلجيكة ولكل من يسئ للاسلام والمسلمين كما فعل بالصين والهند 
1959,"""بعيد شوي .... انت وقت ما كنت بالمدونة السرية وكنت اتفرج عليها كنت بتتكلم عن الحياة الجامعية، وايش هدف الواحد غير انو يجيب معدل نهاية الترم، انا كنت وقتها اخر ثانوي! وماكنت فاهمة!! بس دحين بعد ماقطعت كم سنة بالجامعة رجعت شفت المدزنة تاني وفهمت ايش كنت تقصد. ودحين لما بتهرج بالحرية المالية وكيف تصرف فلوسك """"مايكون عندك التزام يومي لحتى المكافاة الراتب نهاية الشهر""""...انا جالسة اخذ دوامين جزئي برا ساعات الدراسة لحتى اغطي مصاريف الجامعة والمواصلات..! احساسي تجاه موضوعك انو حاجة بس تنقرا بالكتب او اني انا حاليا في مستوى اسفل من اني افكر بامومة وباولادي للمستقبل ولساتي يدوب ارتب اوضاعي~> اه انها فجوة عمرية ..يبدو حابطل اتفرج لبعد كم سنة ممكن. """
1960,بس كيف ه نعيش بدون الجولات 😱 حرام عليك ثانيا ليش ما تحذف يوتيوب😒 
1961,لو سمحتم بنتى عايزاها تشد الكرسى وتقعد وتقول انا ايمان الامام ودى الاسبتالية عشان الدخلة التانية معجبتهاش😂 
1962,سمي الفيديو المشي و التكلم بتعثلم التنفس 
1963,لكم شوفو كامو يصنعون دمى مثل الانسان بس بعد ايحطولهة روح اسغفر الله وتوب الية 
1964,@User.IDX وده يأخذ فلوسهم بطريقة محترمة😂😂 
1965,وهذه الكعكه أعطاه العرب بايدهم لمارك سايكس وجورج بيكو بخيانتهم للدوله العثمانيه المسلمه وكانت جميع الاراضي بيد الملسمين ومن ضمنها فلسطين فهل يرضى الله بخيانه لدوله مسلمه 
1966,هجوم ممنهج علي كل ما هو عربي وخاصة مصري 
1967,{وَمَا أُوتِيتُم مِّنَ الْعِلْمِ إِلَّا قَلِيلًا }فعلا حلقاتك بتخليني اؤمن بربنا اكتر واصل ربنا يجازيك علي عملك القيم ده ❤❤❤❤ 
1969,جميل جدا الاصرار على تحقيق هدف معين والاجمل قوة الأرادة 
1970,الي قاعد يقرء التعليقات وهو بحضر الحلقة متلي لايك 😂 
1972,@User.IDX @User.IDX للاسف لو كان مصدق فضل فى الحكم فى الخمسينات كان شكل ايران اتغير تماما ومعاها المنطقة كلها بس امريكا طبقت عليه اول تجربة للقتلة الاقتصاديين بنجاح ساحق وكررت التجربة مرات كتير فى دول اميركا الجنوبية وغيرها لغاية وقتنا هذا وبعدين يضحكوا ع
1974,13:46 هههههههههههههههههههههههههههههههههه .... مخي جالو erorr بس المشكله شكلها مني ... علعموم اركبو الباص بلعافيه .. سلام 
1975,تحيه من سعوديه الي العراق لي مناسبة تحرير موصل ان شاء الله تختفي داعش من علي وجه العالم 
1976,@User.IDX حدث العاقل بما يعقل 😳 
1977,@User.IDX حبك يا عميقة العينين.. تطرف تصوف عبادة.. حبك مثل الموت والولادة .. صعب أن يعاد مرتين.. 
1978,قشعرت لما تكلم عن الحديث 😢💛 سبحان الله كيف الاسلام بيرفكت وكل اللي نحتاج نتعلمه في الحياة موجود فيه 💕 الاسلام يعلمنا كيف نعيش كويس وكيف نكون سعداء كل اللي نحتاجه هو اننا نؤمن فيه ونتعمق في تعلمه 🙏 
1979,بغض النضر عن محتوى الحلقة ..احترمتك لئنك لم تضع علم اسرائيل اشارة منك انها ليست دولة بل محتله وهدا الشي يدل على انكم تسيرون في الطريق الصحيح .. بالتوفيق 
1981,ههههههههههههههه روعة الحلقة بس ياريت تطولوها شوي 
1983,ارفع الاغنية الجديده في رابط نبغ نسمعها 
1984,ارفع لك القبعة اجلالا لعملك ولجودة تفكيرك.طفل في الثانية عشر من العمر اسعد الكثير من الاطفال..وكم من بسمة رسمها على وجوه لم تعرف الضحك.اللهم ربي اهده الى صراطك المستقيم واجعل للقران بابا في قلبه.امين يا رب العالمين 
1985,ما نباها ما نباها حتى نياقكم ضفوها من عندنا ✋🌚 
1986,@User.IDX الهلال سبق برشلونة بتحقيقه 6 بطولات في عام واحد <url> 
1987,@User.IDX لابد من محاكمة الجزيرة على كذبها وتقديم الدعاوى ضدها لان كل ما قالته غير صحيح. 
1988,@User.IDX الصهيوني قرر أن يقتلك قبل ولادتك إذا وقفت ضد من يحاربوه فأت مغفل و خروف على باب المفصلة الصهيونية 
1989,لو ترجع ع الطاير أبرك لك من الفلوقات 
1990,@User.IDX اقتطاع الكلام من محتواه لغرض دهم فصيل محارب للدولة صراع العمامة والكاب متي ينتهي ولكن خلاصة الكلام الشعب عنده الخلل لا تتخيل كم النهب وسرقة القضبان وإتلاف العربات وفساد السائقين المدمنين وفساد الادارة كل ده الدولة مافي موارد يا محترم لو المواطن 
1991,@User.IDX @User.IDX وجود غاده عويس في هذا البرنامج كوجود العاقل في مستشفى المجانين . غاده عيوس هي اكثر دها وحنكه في برنامج ما ورا الخبر . 
1992,ياريت تخفف الاستهبال شويه وتركز اكثر 
1993,والله عندما رايناك استصغرنا انفسنا بارك الله فيك وامدنا بالقوة واياك لكي نستطيع مقاومة ما تبقى لنا في حياتنا 
1994,اتكلم عن مثلث برمودا اللى معايا لايك 
1995,للاسف الفيديو ...خلى ناس مالهاش اى لزمه تتكلم على مصر ...نفسي افهم ايه اللى دخل مصر فى انتقادك لاشخاص بعينهم ...اتمنى كل واحد يشوف العيوب اللى فى بلدة الاول وبعدين يتكلم عن مصر 
1996,المرة دي كروموزومي Y نقح علي وما عجبتني الحلقة!!! 🤣 
1998,دا انت طلعت فاهم كورة 😂😂 
1999,الايفون للناس الي فاهمة التكنلوجيا صح والاندرويد للناس الي ما بتحب تتعب نفسها وتتعب تفكيرها 
2000,يا أخي ليش باللغة الإنجليزية إلى هذه الدرجة عندكم عقد نقص؟ 
2001,واين هو محمد 6 مغربي يريد صحراء وتارك مضيق جبل طار ق وجزر جعفرية وبلا سبة والمليلية 
2002,حصار ويعتبر سابقه في العصر الحديث منذ حصار كفار قريش للمسلمين في شعب إبى طالب .... 
2003,وعد التركي كانت تمدح كركتر من فور ايفر و تسب حق ماك لما رجعت للبوستات القديمه لقيتها كاتبه العكس و تشوف مافي احلا من ماك بس لانو فور ايفر اشتروها 
2004,الشخص الي في اخر المقطع يتكلم فرنسي ؟؟!!!!! 
2005,معرفش انت ظالم او مظلوم بس وشك فيه سماحه غريبه واربع سنين لوحدك اكيد رفعت كفك للخالق وحده هو لوحده اللي هينجيك وربنا قال ولانصركم ولو بعد حين حسبي الله ونعم الوكيل 
2006,الجواب هو فيديو زيارة ليوم المهنة في لندن 
2008,@User.IDX @User.IDX اكبر خطأ ممكن إسرائيل ترتكبه انها تندمج مع الشعوب العربية 
2009,او بمعنى اخر الباخرة العسكريه التونسيه هي التي قامت بقتلهم 
2010,"""تعويضا لعدم وجود """"دحين من جد انتهى """" نطلب في الفلوق المقبل """"دحين من جد من جد من جد من جد انتهى"""" """
2012,كلامك غير منطقي كيف فيه ضغط ترانا عشرين مليون بس شف امريكا واليابان والصين نت خررررررراااافي وكم تعداد اللي يستخدمون النت والضغط على النت مثل ضغط الشعب السعودي دبل وثري بعد واسعار اغلى بدون اسباب مقنعه 
2013,@User.IDX سبحان الله أراد أن يطفيء الإسلام بفعله فزاد الإسلام رفعه 
2014,@User.IDX المشكلة إذا كانت بأقدام صديقة حينها لا يمكنه صدها 
2015,الاحتلال الصهيوني من قبل ال1948 
2016,@User.IDX بحب أهل مصر الطيبين الغلابة ♥️ 
2017,ألد أعداء مصر جيشها و إعلامها 
2018,لاحول ولاقوة الا بالله العلي العظيم اللهم فرج اللهم اخرجنا مما نحن فيه اللهم امين 
2019,الصراحه فعلا الشرطه المصريه ذي في اليابان بالظبط بييحوا بيتك وشغلك ومدرستك وكليتك بس مش عشان يطمنوا عليك عشان يقبضوا عليك ويفشخوك في السجن عشان في واحد اسمه الريس بلحه هو اللي عايز كدا😂😂 
2020,موضوع الحلقة قوي جدا جدا و تجربة الغرفة الصينية تجربة رائعة تفسر لنا الكثير من الاشياء من افضل حلقات الدحيح 
2021,لو تطلع الشمس من الغرب وتغيب بالشرق ما رح تقدرو تعرفو شي عن العلويين ..... نحنا السنديان والزيتون...نحنا القمر والنجوم....موتوبغيظكم 
2022,التنسيقية الوطينة للاساتذة المتدربين بالمغرب #ترسيبات_إعفاءات_تؤجج_النضالات #صامدون 
2024,وش الي يزعل عمانين عنوان مقطع غير 
2025,@User.IDX ماشاء الله الاكل راهي عليهم بالعافيه ولزوم الشو صوروا عند المبنى المتهدم طيب لاترسلوا صواريخ لاسرائيل منشان مايردوا عليكم 
2026,الله يىحم ابراهيم سعفان اول واحد يهتم بالفرخه وكبر الديك لهيطه الف رحمه ونور عليه 
2029,بصراحه شغلكم راءع بس لازم يكون متلفز وينغرض مثلا برمضان 
2030,ليش اختفاء الذكور واقع مخيف بالعكس واقع جميل 💕💕 
2031,"@User.IDX @User.IDX محسبوكم ابو المعاطي,دكتور بالفلسفة والزمالة بالفهلوة,مؤسس نظريات,طبعا النظريات هذي هيا نظريات فلسفية وتنظيرية بحتة,يعني عفوا لا يجي احد ويقول نبغى نظريات عملية تطبيقية,معليش التطبيقي كل من هب ودب دخل فيه,واساس النظرية التطبيقية اساسها "
2033,@User.IDX علق على هذا بسرع ياقناة الرأي والرأي الآخر 👇👇👇 <url> 
2034,ادن عندي الهرجه ايوه ادن ادن ادن🙂 الله يبلغنا رمضان تحيه لكم من جده وتحيه ليك ي عمر انتا حقيقي فلوقاتك رروووععه 
2035,من جد عيدنا يختلف امس خلصنا شغل ✌🏿 
2037,للمتابعين من الأردن إلى بيحكوا مش وقت تنزيل الفيديو: الفيديو كل أسبوع بينزل في وقته ولست مديراً للقناة كي أغير موعد البث والنشر. كل يوم في مأساة في اليمن سوريا فلسطين ليبيا الأردن وكل الوطن العربي، لكن هذا عمل والحلقة لازم تنزل بوقتها. وبالنهاية توقيت بث ونشر البرنامج هو قضية الإدارة مش قضيتي. وإذا رح نمنع البرنامج في كل مأساة صدقوني مش رح ينزل عشان للأسف الوضع مؤلم بكل العالم العربي. الله يرحم ضحايا الأردن وكل ضحايا الوطن العربي وصبر ذويهم ويصبرنا جميعاً. 
2038,بموت فيك يا جدع إنت، تحية من المغرب. دا انا عمال اتكلم مصري بطلاقة بيكوز اوف يوو 😂 
2039,@User.IDX جميلة هذه الفنون للدفاع عن النفس ... ياريت يعلموها في المدارس لاجيال المستقبل .. الواحد كان اطمن عليها من غدر الكبار ولا كان سمعنا عن اغتصاب طالب باي شكل 😢😢😢 
2041,@User.IDX الف الف الف مبروك الى الاخوة القطريين 
2042,@User.IDX @User.IDX لو حصل هذا الأمر في السعوديه لشتمنا العرب والغرب والافارقه واللاتينيين والجن والعفاريت 
2043,اللي فهمته اني لازم اتفرج ع حلقة التورته😂😂😂😂💔 
2044,@User.IDX الحكم عند رب العالمين الي ماهو حكمكم 
2045,فكرة الهديه حلوه بسويها بعيد الاضحى ان شاء الله 
2046,@User.IDX كم انت كبير يا السيسي 🇸🇦🇪🇬 
2047,عندك بقعة في الكاميرا تسبب ازعاج للمشاهد 
2048,@User.IDX رائع، واصلو و أضيفو المزيد من البرامج 
2049,الموضوع قديم جدا ، التوالد البكري او التكاثر العذري ينفع يتم بشكل صناعي بس مفيش حالات لبشر و انا حاسس انا حاجة زي كده ممكن عالمدى البعيد تسبب انقراض البشر لان مش حيكون فيه تنوع چيني و لا حتى فرصة للانتقاء الطبيعي مش كده و لا ايه Mahmoud Nasser 
2050,هاي مساء الخير انا اسمي حمدان من طنطا وانا بحبك جدا جدا جدا جدا جدا جدا استمري وربنا معاكي وعلى فكره انا عريس ليكي ❤🌸🌸🌸🌸🌸🌸🌸 
2052,شاب واعي و مثقف جداربي يوفقك لكل خير و لو كل شاب في الوطن العربي بادر لنشر المعرفة مثل احمد الغندورلكان وضع الوطن العربي مختلف تماما اخوكم حيدر من العراق 
2053,القافله مرت من هنا شقلح 
2055,@User.IDX استغرب من كل واحد يكتب عظيمه عظيمه ايش ؟! لو هو مسلم شهرو فيه وقالو دينه السبب وماقالو يبي الشهره ابداً حطو الوم ع دينا وانه يدعو للقتل وغيرو مناهجكم وووو ليش دائما الي يغلط منهم له مبرر والي يغلط منا نحاسب كلنا معه ؟! 
2056,@User.IDX #الهلال_والنصر #عاجل🔴 ولاية👈الشام✅ هلاك وإصابة 9 عناصر من الـPKK بتفجير عبوتين ناسفتين في منطقة ذيبان🔻 <url> 
2057,الدحيح ديما بيلبس نفس التشرت 
2058,عمر تراك موجود في القائمة لا تغرك ضحكتها ههههههههههههه 
2059,المشكلة عمر حسين انسان ذو خبرة في اليوتيوب وشخص ذو معرفة ب المنتاج ... لكن للاسف انتاجك وفلوقاتك كلها سيئة للغاية مقاطع الاهدائات لاتمت ب صلة للفديو وقتها في الفديو غلط في غلط تقبل مرورى .... 
2060,قناة +A أصبحت أهم شئ عندى ممكن أتابعه كل يوم و بستنى أشوف حلقات السليط الإخبارى و الدحيح و الإسبتالية و يا رب من نجاح لنجاح دايما مجهود عظيم من فريق عمل ممتاز Keep up guys 😍 
2061,ابو شعر ايش يحس فيه🌚💔 
2062,توجد بلدان في اوربا ترفض اللاجئين بسبب قوانينها وهذا من حقهم فيجب على الشخص الذي يرغب بلجوء اختيار البلد المناسب 
2063,يعنى تدافع عن الأذان وبنفس الوقت تدافع عن حرية بنت منتقبه فى بلد الحرمين تحضن مطرب فى حفل مش المفروض اصلا يقام في الأراضي المقدسة....... وتنتقد واحدة كارهه الأذان وبنفس الوقت تنتقد جماعة الأمر بالمعروف واللى المفروض تكون فى كل بلد مسلم تطبق الشريعة ع المسلمين كافه 
2064,"""@User.IDX """"خيانة عظمي"""" دي للناس اللي ف موقع مسؤول او ف بوزشن مهم وcritical بالنسبة للشعب.. دول ممثلين مش مسوولين يعني ايه تبقي تهمتهم خيانة عظمي!!! """
2066,يقبرني جمالك يقبرني بتساوي عندنا في مصر تعدمني بتعود عليا مش عليه 
2068,Bilal Walid Mohamed ترامب يلي انت بتحبه عشان مرة تقرب لروسيا تم قصف جبهته بنجاح هههههههههههههههه 
2069,انت انسان رائع يانيكولاس وانا بموت بضحكتك 
2070,هاذا لو عطوة نت مجاني سحب عليكم وسيمتدح ال stc منافقيين 
2071,احنا عارفين ان الي زاعجكم هو لهجات تونس والمغرب والجزائر تحبوا تعربوهم اكتر والا فانتم ما عندكم مشكل مع بقية اللهجات سوري و مصري و عراقي لانكم تفهموا بعض صح 
2072,علي كدا ممكن يكون البؤساء اشد بؤسا ومش قادرين يوصفوا الس هما فيه وبالتالي ممكن يتعالجوا بطرق علاج مش مواكبة لدرجة الامهم وقيس علي ذلك الحياه اليومية 🤔🤔🤔 
2073,@User.IDX الهان عمر تعتبر مثال للمسلمين ضد تآمر الكفار ع الاسلام احنا معك قلبا وقالبا....الله غالب 
2074,اخر مقطع بفرط من الضحك😂😂مو ناقص غير تقولو نيكولاس الملا🙊🙊👌 
2075,لكل من سهر و تابع الاخبار قلقا على تركيا ،،،،،،،،، لكل من بكي و دعا و ابتهل الي الله ليحفظ تركيا ،،،،،،،،، لكل من ليس له اي مصلحة في نجاة تركيا من الانقلاب الا لانها بلد مسلم يحاول نصرة الاسلام ،،،،،،،، لكل من دعا لأردوغان فقط لانه رئيس مسلم يحاول نصرة الاسلام ،،،،،،،، لكل من بكي و ابتهل الى الله ليحفظ تركيا للاجئين السوريين و المصريين،،،،،،،،،،، لكل من لم يشغله الا عزة الاسلام و نصرة المسلمين لكل من شعر بالذعر و الخوف على من أعاد لتركيا الآذان و مدارس القرآن و الحجاب و اللغة العربية هنيئا لكم ،،،،،،،،،، هنيئا لكم انسانيتكم ... هنيئا لكم اهتمامكم بأمر المسلمين هنيئا لكم أن رزقكم الله رؤية الحق و اتباعه هنيئا لكم نصرة الحق و نصرة اهل الطاعة هنيئا لكم الانشغال بالحق اللهم ثبتنا على الحق حتي نلقاك اللهم استعملنا و لا تستبدلنا #فشل_الإنقلاب 
2078,هذه هي الحقيقة ‏#فوز_ترامب في #الإنتخابات_الأمريكية يعني أننا سنتعامل مع أمريكا الحقيقة بقيمها الزائفة، دون قناع أو نفاق، أهلاً بترامب وجه امريكا الحقيقي. 
2079,عمر احس شكلك ساير واحد طفران 
2081,اكتييير حبيييت الفكره يااريت تعمل هيك من فتره لفتره عنجد همووم الحياه مابتخلص 
2082,بلاش فقرة الاهداءات وادا كان لابد منها خليها في نهايه الفيديو احسن. وبالتوفيق ياعمر 
2084,@User.IDX ربنا يوفقك يا ابني ويشوفك أبو مكه 
2085,Halla Zuher سيدي الرئيس مونديال جميل هههههههههههه وانت مدعو على المباره 
2087,يا عمر دور مناديل بريحة المنثول لها مفعول الله يشفيك 
2088,اخوي عمر حسين يبدو عليه انه منحاز جدا ان الجزيرتين سعوديتان علي الرغم من قوله فى بداية الفيديو بعدم وجود وثائق تؤكد الملكية لاي من الدولتين 
2089,اجمل اوقاتي هيا حين امارس كرت اليد هيا حلم حياتي في اللعب وفيها الجد محد راح يجيب اللحن الا المخضرمين 😂 
2090,@User.IDX اجرام وارهاب وغدر لانه غدر بالآمنين حسبنا الله ونعم الوكيل 
2091,@User.IDX علم الي عندنا بالسعوديه الي يبون يخلون الموسيقى علاج. 
2093,مارح اعتبرك سليط حقيقي حتى تحكي ع ملك الاردن متل بتحدد ع محمود عباس والسيسي مو ع اساس انك ناقد بتحكي بس علحكومه الاردنية 
2094,@User.IDX شو هي انثى انسان الغاب ..ليش انتوا انسان شو ؟؟ 
2095,@User.IDX هههههههه .. ولاواحد منهم فقط ابو سلمان - حفظه الله - محمد بن سلمان وبس ( وإن رغمت انوف ) <url> 
2096,عشان اوردي عندكم منهم ! 
2097,@User.IDX مانبغي اللحووم منهم خل يشبعوون فيييه خل تفيدهم اسرائيل <url> 
2098,كل شيئ في الحياة له جانب ايجابي وجانب سلبي انا لا اعرف حكم الدين وطريقت الفهم للايات في القران ومعاني الكلمات في الايات ولكني ساتكلم عن الجانب الاقتصادي والانساني فالله عزه و جل خلق النساء مكملا للرجال ولكن اعطاهم نف عقل الرجل مع تغيرات بسيطه فالأمراه هي من تختار ما تفعل وليس انت هي من تقرر ما تريد و الزواج والتربيه امر حتمي ليس له دخل في مكانتها وو ضيفتها الاساسيه وانا اؤمن ان اعظم غايه للانسان التي خلقنا الله من اجلها هي للنجاح واذا عدنا للتاريخ الطبي فقط لوجدنا الله اختار النساء ليحققن دور ممتاز في الاكتشافات الطبيه الله هو من يقرر ذلك وموضوع النقاش في هذه الامور الحساسه يطور العقل حتى لو كان امر عن الزنا فانه يطور العقل فليس كل شيئ تاخذه من باب التغريب كل نقاش لا تتفق معه تكلم لكي تتطور 
2099,برنامج كتير رائع يا ريت وقت الحلقة يكون اطول 
2100,انا جدتي توفت من شهر بسبب السكري 
2101,@User.IDX بلجيكا التي تتشدق بالحريات أتحدى أن يسخر أحد فيها من الهولوكوست و يمر الأمر بشكل عادي العنصرية منغرسة في قلوبهم ضد كل ما هو مسلم و الكثير من إخواننا المغاربة و الجزائريين شهدوا بذلك 
2102,هههههههههههههههه واقعي جدا جدا فعلا كلام منطقي جدا حبيت المقطع 👍 
2103,@User.IDX احدهم يطالب بانتخابات ديمقراطيه طيب لو حصلت وجائت النتيجه بعوده الاخوان مره اخرى للحكم فهم الاكثر تنظيما ونفوذ وثراء هل ستعارض ام ستقبل ؟ غالبا سيعارض من هنا الحديث عن ديمقراطيه سابق لاوانه 
2104,ان كان تبغى الجد ... انت اللي شكرا لك .. انت بني آدم رهيب 
2105,يا ريت الحلقة تكون اطول 😊 
2107,هههه ارواحي للصحرا عندنا فالجزائر وتشوفي النوتيلا كيفاش دايرة دايرا كيلو ماكياج وشعر مستعار وعدسات ورموش وين راه نجاحك نورمالو تنجي بطبيعتك 
2108,اكيد هذي الحكمه من اللبن الي وراك .. شكرا اخ لبن على الحكمة . 
2109,@User.IDX حسبنا الله ونعم الوكيل اللهم كن لهم ناصراً يوم قل الناصر وكن لهم معيناً يوم قل المعين وكن لهم مغيثا يوم قل المغيث وفرج الكرب عنهم يا أرحم الراحمين 
2110,@User.IDX الصراحة انا معهم لانه هاد الصح و عقبال عند عنا بس😒 
2111,خلاااااص الجزيرة اشترتك يا أيمان انتي والواد الاصفر بتاع الدحيح ...اه فلوس فلوس.... اجري ورا الفلوس خليها تنفعك... بكرة يخلوكي تعملي فيديوهات ضد بلدك وتغيري قناعة اللي ييتفرجوا عليكي وفق اهواء اللي بيدفعولك زي مع عملوا مع الواد الاصفر تاني بتاع الدحيح ...و على فكرة شكلك بقى أصفر شبهه.. 
2115,@User.IDX المصريين يكرهوكم لانه انكشف امركم يا مروجى الدمار 
2117,انصح كل مدخن أن يترك الدخان بأسرع و قت 
2118,وعليك قبل كل هذا ان تمر باختبار نجمة داوود ويرضى عنك كل أولئك الماسونيين الذين يسيرون العالم 
2119,كلامك في ال banana black t-shirt يكتب بماء الذهب ( يعني كلامك كان مره رهيب ) علي ايه حال الفيديو كله كان ممتع👍🏼👍🏼 كالعاده 
2120,هذا السيد يقدم درسا بليغا لمن لا همّ لهم إلا الشكاية والتذمر وهم غارقون في النعم ولكنهم لا يبصرون إلا بعض النقائص التي لا يخلو منها مكان أو زمان، فتحية خاصة له ولمن نشر الفيديو... 
2121,في برلين جربت انواع الشوارما بصراحة الدونر التركي لايعلى عليه . 
2122,@User.IDX يا سلام وانت ما الذي يحدث عندك من مراعاه لشرائح المجتمع الفرنسي الذي يعاني شغف العيش والاضطهاد والقمع انت لا ترى اعوجاج رقبتك💐 
2123,حلقة جديدة هلا بالسليط 17 دقيقة هاي من اطول الحلقات يلي قدمتوها يعطيكم العافية 
2124,@User.IDX يعني اذا باكر قلت اني رسول من الله هل بيصدقوني؟!؟ 
2125,"""@User.IDX إلى إخوتنا في السودان تذكروا قول رسول الله صلى الله عليه وسلم في غزوة أحد """"لا تبرحوا أماكنكم و لا تنزلوا من الجبل حتى و إن رأيتمونا ننتصر"""" """
2126,@User.IDX نتمنى هذا التحديث في مصر قريبا . بعد غزو سائقي التاكسي أوبر أصبحت ضرورة 
2127,هاد جمهورية لبنان العظمى موطن الثورة الصناعية ومركز التجارة لم تنقطع فيه الكهرباء منذ قرن ولا جبال زبالة عندهم ولديهم دستور عجيب ووحيد في العالم يقسم الناس. حسب طوائفهم وبحرهم غير ملوث بالنفايات الكيماوية فاعذرو حزب الله المسيطر عل مطار فلديه شروط لدخول هذا البلد العظيم . 
2128,نيكولاس والله معك حق بمل الي حكيتو الا العنصريين هدول بدهم حرق ودعس😂😂 
2129,@User.IDX الحمدالله على نعمه الاسلام وكفى بها نعمة 
2130,اف ايش مكتوب في اخر ثواني .. مرة عندي فضول .. 5:45 
2132,عمر انت تكلمت عن هرجة الجزرة ولاسحبت عليها ؟ 
2134,@User.IDX وَقَضَيْنَا إِلَى بَنِي إسْرائِيلَ فِي الْكِتَابِ لَتُفْسِدُنَّ فِي الْأَرْضِ مَرَّتَيْنِ وَلَتَعْلُنَّ عُلُوّاً كَبِيراًفَإِذَا جَاءَ وَعْدُ أُولَاهُمَا بَعَثْنَا عَلَيْكُمْ عِبَاداً لَنَا أُولِي بَأْسٍ شَدِيدٍ فَجَاسُوا خِلَالَ الدِّيَارِوَكَا
2135,ان تقطع تذكرة الركوب هذا واجب ان تكون هناك مراقبة لحركة السفر فيه سلامة المسافر وصيانة العربات والقضاء على مظاهر الانحراف والنشل المنتشرة خاصة في المحطات ضاهرة صحية اما ان يمارس اعوان الشركة العنف على المسافر فهذا تعدي صارخ على قوانين البلاد مهماكان الذنب المرتكب ارجو ان تكون حادثة عابرة وان يكون القانون هو الفاصل حتى لا تتكرر مثل هذه الأفعال 
2136,فعلا دعايات التلفزيون السوري تخجل ... 😂😂 
2139,@User.IDX انتقادات علي ايه ناس فجرت ونسفت وقتلوا مدنيين وعساكر جيش وظباط ونواب نعمل فيهم ايه بما يرضي الله ورسوله 
2140,@User.IDX حسبنا الله ونعم الوكيل ربي ينتقم في من كان السبب 
2142,من سوريا للشعوب  <url> أنت مش لوحدك 
2144,لا تطالع سلبيات الفيديو اهم شي ان فكرة الفيديو حلوة و وصلت للناس 
2145,يشجبون ويقاطعون علنا ويتعاملون ويمدون سرا من مصلحتهم إبقاء الوضع مشتعل فى المنطقه لإيجاد سبب للتدخل والسيطره وإعاده ترتيب للوضع فى البلاد بما يخدم ويحافظ على مصالحهم 
2146,لاب الكمستري في جامعة البترول ههههههههههه يا رجل ما تغير في اي شيء ، حتى جيلون الموية اللي على الطاولة باقي مكانه 
2147, <url> ولك يقبرني ربك 😘 للأسف ما فيه حروف كبيرة بالعربي لأني قلتها بصوت مرتفع.. بدي فيديوهاتك توصل لكل شخص بالوطن العربي 
2149,طيب قولنا ايش كنت تسوي بالدوحه ودبي على كثر سفراتك ولا مره قلت السبب نبي نعرف 
2150,مع انه لا علاقه لي بالشعر ولكني كنت استمتع لسماعك وحتی طريقه القاۓك والصوت كل شيء راۓع فعلا مبدع بارك الله فيك 
2152,وين نأنأ راحت رجعوها إذا بتقدروا 
2153,من المغرب نقول له الف الف مبروك 
2154,لا تردي رشا الي بعلقوا على لهجتك غيرااااااانين منك لأنك رائعة وما لقوا شي يعلقوا عليه... احكي متل مابدك عسل وكل شي بلبقلك 
2156,@User.IDX والله عملت اللى ما اتعملش عندنا 
2157,"""جيت لهذا المقطع من بعد تهزيئة خالد خلاوي ....""""قوم شوف المقطع يلا تحرك"""" """
2159,واخيرا 200 الف مشترك مبروك 
2160,اشي طبيعي يكتبوا ويحكوا هالكلام لانوا كيانهم مبني ع الكدب والفتنة..ولو كان كلامهم صحيح احنا تعودنا ع خيانة الخليج النا ..يعني من الاخر كله ببيع فينا 
2161,@User.IDX 😂😂😂😂 كيف تخرج نفسك من ازمه تنتقد وتستنكر وبالاخير تقول مو بس انا ترى في دول غيري بعد وتركز على الدول الثانيه اخر التقرير 
2162,@User.IDX الإمارات تتجسس على تركيا للكشف عن سر خلطة الإسكندر 
2163,عندي قناعة انها كانت فخ اكثر من كونها مسرحية 
2164,رائع بتوفيق استمر نحتاج لأمثالك شكرا لك كل الاحترام و التقدير الدحيح 
2165,نفسي افهم ليه زعلانين !! اذا امام الحرم المكي صرح وقال ترامب وسلمان قطبا السلام في العالم !! ورقصو مع بعض وسرق فلوس المسلمين و اموال الحج الي المفروض يكون مجاني لأنه مش بيت ال سعود هو بيت الله !! غريبة الدنيا 😕 
2166,@User.IDX رجال وسيد الرجال وماله من الحاقدين 
2167,يا سلام عليك ي سيد عمر حسين ... والله صراحه انا مبسوط جداجدا جدا بي كل برامجك .. تسلم واتمني لك مزيدا من التقدم 
2168,ليه مذكرتيش أن العربية أفضل و أعمق من العبريه 
2169,@User.IDX يرد اسقط الحكم في الدوحة والأيام بيننا 
2171,جاء اليوم الذي جعل عبيد السودان و اجلاف اثيوبيا يتحكمون في مياه سيدتهم مصر،لكن سيأتي اليوم الذي ستتحرر فيه مصر من العسكر و يعلق البشير الانقلابي علي المقصلة و ينهار السد 
2172,"لما ذكرت حجم التبرعات التي ينفقها هؤلاء الأشخاص لجامعاتهم كنوع من رد الجميل أو العرفان, أحسست بشعور غريب يا أخي, نحن المسلمبن أولى بهكذا تصرفات وأفعال, كلام كثيييير عالق في صدري لا يستطيع الخروج "
2174,@User.IDX والحمد والشكر لله السعوديه تملك المال وتملك الحكمه وتملك الشجاعه وتملك قوه أقتصاد وثقل سياسي وتملك قلوب العرب والمسلمين المخلصين ويحكمها ملك وولي عهد حكماء حفظهم الله🇸🇦🇸🇦 
2175,عممر بسألك ، لمى ايش وضعها ؟ 
2176,انا من العراق والاسماء للأشياء حسب تسلسل الظهور قميص تشيرت بنطلون تنورة قصيره حزام جواريب بوتين أو اجلكم الله حذاء نعال ابو اصبع 😊😏 
2177,يا جماعة بدنا حلقة كل يوم 😭😭😭😭 
2179,شوف وانا اخوك ، يوم تبي تسوي يوميات وتكون حقيقه وواقعه مش فيك يعني ، اعرض التجربة الصريحة لأان حتى اذا بديت تحاول تبتعد عن اسماء المنتاجات بيصير فيه نوع من الحذر و التوخي الي بخليه اقرب لبرنامج رسمي بين قوسين إذا سولفت مع خويك عن حاجة صارت لك ، بتقول له والله رحت عند دكتور عيون ..... ، ولأ تقول : تصدق رحت عند الدكتور البراء وسوالي كيت وكيت وكيت شكرا يا الغالي ، وأسف على الإطالة 
2180,هو يلمح على حاجه بس مدري ايش هي 
2181,اشترك بقناة جابر الراوي عشان يصير مقاطع اكثر على فناته 
2182,@User.IDX @User.IDX ياخو أمنية حياتي يقولي الصنف اللي بيتعاطاه ياخي نفسي اخود منه ويصيبني الهبل بالكي اصير ريس 
2183,يعنى تفسير الاية دى ان السلام له شروط انهم يلتزموا بالعهد اما اللى بينقدوا العهود زى اسرائيل وبيقاتلوا المسلمين وبيخرجوهم من ديارهم يبقا ملهومش سلام عندنا ربنا حدد السلام بشروط مش سلام للى بيقتلنا بقاله يجى 60 سنة !!!!!!!! 
2184,منظمة العفو الدولية وثقت شهادات الناجين ... وبعد ؟؟؟؟ الكاميرا توثق الان ابشع جرائم الانسانية ليس داخل السجون بل على مرأى ومسمع العالم أجمع ومع هذا ...نائمون غافلون مستغفلون والله أظن أن الشعب السوري ملَّ وسئم من تكديس وتجميع تلك الوثائق فوق بعضها دون جدوى ودون أي عقاب للفاعل. 
2185,@User.IDX وانت الصادق يستقبل زباين المثليين 
2188,@User.IDX يالهوي هو هيفضل عايش وكمان قادر يتصدي ل٢٠٦٠🙄 
2189,قيصرية 3 مرات اثنين بإيطاليا واحدة في إنجلترا والفرق بينها شاسع إيطاليا تألمت كثيرا لكن في إنجلترا كانني لم اعمل عملية أتمشى عادي أتحرك بكل حريتي أم وليد 🇬🇧🇬🇧🇬🇧 
2190,السعودي مو مصنفه نفسها بلد هجره 
2191,كفوو يالذيب 😂بس يبي لك ناقد كوميدي.. عجبتني لقطات مضحكة فعلًا مثل يوم تقول تضم صديقك المسلم وتقول في ناس يحبوا هيك حركات 😂😂لكن في لقطات يعني ما تضحك مالها داعي وبالتوفيق يالذيب 
2192,@User.IDX الضرر الذي تسبب به سوف يلحقه في قبره 
2193,@User.IDX الذي لا يتحرك على على ضوء الاعلام والمنتديات سرعان ماتعود حليمة لعادتها القديمة 
2194,من الي كح 4:27 😂 
2195,مش عساكر وضباط الجيش التركي ال تعروا ف الشارع وشويه ارهابين ضربوهم ف الشارع 
2196,طيب يا بخته عاش 87 سنه ده شكله صحته جت على الميكروب اللى ادهولو 
2199,نحنا الحين في 2017 ومافي شيء جديد عن هي القضية😊 
2200,تره العثمانين احسن من الشريف بس الشريف بس الشريف من اشارف العرب ميصير نحجي عليه او همينه هو ميت ميصير نحجي عليه ولي معب لاك 
2201,Njood Younis واحد من أعظم المصادر الحتخليك تفكري أعمق شوية ! .. احضري الحلقات الفاتت ❤ 
2202,@User.IDX المذهب الوهابي يكفر كل المسلمين الاخرين وفي مقدمتهم الشيعة.ففي سنة 1802هاجم الوهابيون كربلاء وقتلوا زهاء 5000/2000 شخصا وهدموا قبة مرقد الحسين ونهبوا ما به من نفائس من سجادفاخر ومجوهرات ومعلقات ثمينة ونقلوها على اكثر من 400 جميل (هكذا قال المررخ
2203,@User.IDX والله يا سيادة الرئيس ليس من ذنب المواطن ان يتحمل قيمة اصلاح وتأمين وتجديد وتوفير وسائل السلامه أعطيني خدمة ممتازه وارفع الأسعار اما انك تزود التذكر وتركبني في نفس القطار المعفن اسف 
2204,وزيره الرياضه و الثقافه الصهيونية ********وحسبي الله ونعم الوكيلطبعا مئدرش أكتب الي انا قلته فيها 
2205,@User.IDX { ومن يهن الله فما له من مكرم } أي من أهانته الله بأن جعله كافرا شقيا فما له من مكرم يكرمه فيصير سعيدا عزيزا وحكى الأخفش والكسائي والفراء أن المعنى : { ومن يهن الله فما له من مكرم } : أي إكرام { إن الله يفعل ما يشاء } من الأشياء التي من جملتها م
2206,ليش سحبت على الحق ينقال؟ 
2207,@User.IDX عافاكم الله وبارك في أيامكم. 
2208,@User.IDX والذي تستقبل مؤسسته في أمريكا أموالاً سعودية وخليجية جمعها له مهندس جريمة #11سبتمبر خالد شيخ محمد والذي آوتْه دويلة قطر وهرّبتْه على طائرة وزير داخليتها إلى باكستان عندما طلب الأمريكان القبض عليه. يستحق التوقيف والمساءلة، و #ما_خفي_أعظم. 
2209,طب بسم الله الرحمن الرحيم : نبدأ المزاد اسم للبيع سهل ومختصر يدل علي التحكم... القوة.... العظمة والسهولة في نفس الوقت 😂😂😂 لك ان تتخيل انه مكون من 3 حروف بس سيد. لا وكمان ليه مميزات مش موجودة فاي اسم : 1- استخدام 20 سنة بس يعني لسة بكارتونته 😃😂 2- معاه شهادة ضمان ضد عيوب الصناعة والاعراب. 3- تقدر تكتبه بالانجليزي والناس تتلخبط بينه وبين سعيد 😂😂😂😕 
2210,واضح انه قناة كبريت استغلتك! 
2211,@User.IDX طيب من يتبرع لي بتذكرة لإيطاليا؟!! 
2212,توني الصباح اشوف المشتركين 200.؟؟! 
2213,نحن السودانيين في مآسي اكتر منكم. بليز اعطونا نظرة يا اخوانا مش العروبة ولا شنو 
2214,السعادة ممكن تكون خيار في حالة ان المؤهلات للسعادة تكون موجودة، مثل الصحة الجسدية و العقلية و النفسية، مثل الفقر، مثل التعليم، مثل الأمن المالي، مثل الأمان في أنك تكون نفسك، مثل البيئة الإيجابية المغذية، و إلخ، و معظم هالاشياء خارجة عن ارادتنا. السعادة مش خيار في معظم الحالات. 
2215,"""علاش كي قاللها تونسية قالتلو """"فال الله ولا فالك""""؟؟؟؟؟ تحبو تشعلو النار بين الشعوب؟ الي يحب يعمل مادة إعلامية قيمة لازمو يعمل خطاب محترم ويتجنب العنصرية. المرأة التونسية تشرف وتعرف وحياتنا كلها نكن الاحترام والتضامن مع الشعب الفلسطيني، وكاتب السيناريو والحوار مطالب بالاعتذار وسحب الفيديو لما فيه من تحقير لتونس وللمراة التونسية. افتحزا ڤوڤل وتعرفوا على المرأة التونسية وعن العلاقات التونسية الفلسطينية قبل ان تسوقوا لمثل هذه الخطابات المقرفة. سنقاطع هذا الموقع ونشهر بخطابه العنصري """
2217,@User.IDX الراجل كلامه محترم جدا وصحيح جدا ، الزوجه تقبل النصح بشكل فكاهي وتعنيف بسيط بدون اهانه ، لكن ضرب الحيوانات اللي بنسمع عنه غير مقبول طبعا ، انا عن نفسي ممكن اجيب لزوجتي ارتجاج بالمخ بالمخده عادي وهتضحك برده 😂 
2218,@User.IDX يروقني الاشخاص الذين يحولون دراستهم من مجرد تعلم نظري الى شغف في التطبيق العملي 
2220,انا رأيت عصام الشوالي وحفيظ دراجي يقاتلون في ليبيا وهم قيادات في حماس ههههههههه علي الضمان ماجابنا لورا الا الملوك والامراء الهبل 
2221,انا نهال ......من انت يا قاتلي؟! ماذا فعلت لك لتخرس صوت برائتي جعلت امي تنزف دما وتبكيني وابي حرمته حتى من جثتي بالتراب يغطيني سرقتني من عائلتي رفاقي والعابي حرمتني حتى من نضوج كأترابي و سرقت عمري الذي ما عشته الا ايام وحطمت حلم امي تزفني عروسا بعد اعوام رحلت ...واخر صوري ضحكة بريئة و ما تخيلت انني سأودع بتلك الموتة البذيئة انا ....اسم في قائمتك المسودة انا رقم بين ثنايا جرائمك المنحطة انا صغيرة امي لماذا حرمتها مني انا محبوبة ابي لماذا ابعدته عني أنا ضحية فسادك الاخلاقي أنا سأخذ منك حقي امام ربي يوم التلاقي دفنتني ولم تدفن فعلك الشنيع اثمك عند ربي سيشيع سيتعذبك صورتي بليال شتوية ظلام دامس وجرائم منسية لن تغفر امي ذنوبك سترتب ملابسي بالدموع وتلومك وأبي بصلاته لن ينساني لن يغفر لك فقد كنت اميرته هو يهواني ورب عزيز سيرحمني سيداوي جروح اهلي و ينصرني وانت من ناصرك من حاميك من يداويك من جرمك ينسيك لا احد لا ام ولا ولد رب سيسألك بأي ذنب أنا قتلت ؟! 
2223,اقول قفل فمك بس مسوي تعرف كل شي في الدنيا 
2224,عمر الكتابة السريعه اعرفها واسويها من كنت سنه 6 يعني كان عمري تقريبا 11 سنه وللحين ولما جيت 1 متوسط اخذنا درس بالحاسب للكتاب السريعه وكنت اقول للطلاب تتحدوني اكتب بدون ما اشوف وكنت اسويها وهم متعجبين المساكين xD وكان فيه بالكتاب لازم نكتب 5 اسطر من كل جمله مثلا وكنت اخلص ب 5 دقائق او 7 د xD كانت ايام جميله الحين في 2 متوسط مافيه للاسف :( 
2225,@User.IDX رحمه الله و اسكنه الفردوس الاعلى دكتور محمد عبدالواحد عبدالمغني من افضل الاطباء في اليمن 
2226,عيزين حلقة عن دوافع العنف و الارهاب و علاجه 
2227,كل عام و انت بخير 
2228,@User.IDX بداء يتكلم بصيغة الحكم حتى الموت 
2229,الله يرحم الشهيد صدام حسين كان اكثر اخوانناالعراقيين يقولو صدام دكتاتوري وطاغيه وهاهم يقتلون كل يوم بل مائةمنذوبدايه الغزو واعتقد انهم اليوم عرفوا قدر الشهيد صدام حسين وكيف كانت شموخ العراق وهيبته في العالم والشرق الوسط والان اصبح هووغيره من البلدان العربية خراب 
2230,@User.IDX هو شيخ فاضل حافظ وشاعر ولكن .. مغلوب على امره ... ويريد ان يقف على عتبة بيته حفاظا على حياته واسرته .. فالسياسة كفر وهي فن الكذب وكل رجال الدين والعلماء في عالمنا العربي هكذا. 
2231,لا تشيلوا هم ! خليكم من كلام عمر حسين واسمعوا الكلام اللي مافيه شك الْخَبِيثَاتُ لِلْخَبِيثِينَ وَالْخَبِيثُونَ لِلْخَبِيثَاتِ ۖ وَالطَّيِّبَاتُ لِلطَّيِّبِينَ وَالطَّيِّبُونَ لِلطَّيِّبَاتِ وكمان الزَّانِي لَا يَنكِحُ إِلَّا زَانِيَةً أَوْ مُشْرِكَةً وَالزَّانِيَةُ لَا يَنكِحُهَا إِلَّا زَانٍ أَوْ مُشْرِكٌ ۚ سيبوكم لكاعة وحافظوا ع نفسكم لانكم كذا تحافظون على زوجاتكم وازواجكم . 
2232,سياسته جيدة من جهة التطوير في السعودية و خلع رداء الجاهلية لكن قتل اليمنيين ، شيئ وحشي 
2234,ممكن أفهم إنت شو محتوى قناتك بالظبط؟ 
2235,خلقها الله سبحانه وتعالى برائحة مزعجة، أليس هذا مؤشرا على انها لا تصلح للأكل! كل شيء خلق لغاية، خلقنا سبحانه نحب الروائح الطيبة، اذا فلا يجدر بنا أكل غير الطيب! رأيي الخاص ! 
2236,@User.IDX اصلا #امريكا تريد إحتلال منابع النفط في #السعوديه وقتل ماتيسر من آل سعود وإلقى القبض على البقيه منهم وترحيلهم إلى سجن قوانتنامو في كوبا لكثرة جرايمهم ودعمهم للإرهاب العالمي حول العالم وخاصتا الجرايم التي ارتكبوها في #اليمن_والسعوديه ؟؟؟ 
2237,@User.IDX إقترب للناس حسابهم وهم في غفلة معرضون * 
2240,@User.IDX بغض النظر عن أحكام التأديب في الإسلام ، أحتاج أعرف كيف ضرب يحسس المرأة بأنوثتها يعني 🙂؟ 
2241,٤٠٠ مليون إنسان في ٢٢ دولة عربية يمثلون اذل امة على الارض مع ان بامكانهم ان يتحدوا وينظموا انتخابات نزيهه تجعلهم أعز وأغنى واقوى الامم 
2242,@User.IDX وضع معظم اللاجئيين الشباب بالمانيا 
2243,@User.IDX @User.IDX الله ياخذ الحق أنشاء الله 
2245,السورية... والسبته ... والسروال .... وجونا... وماليا .. اسبيدرو بالايطالية .... شخشير ... شلاكة او شبشب هكي نسمو فيهم ف ليبيا ... تشابه متقارب بينا وبين تونس 
2246,ماشاءالله ابداع.. عقبالكم عشان نفتح لكم معرض سوا 🙈😍 آلآلاء هشامaNada Khaled 
2247,@User.IDX تي والله ما يندري عليها منين زارقة نحلف ويميني صادق 
2249,فريق العمل. .ماذا حدث مع الشيخ سلمان العودة؟؟ 
2250,مرة حلو الفيدو تسسلللللم إيديك يا عمر . 
2251,احلى لايك يا عمر! شكرا على مشاركة هده الزيارة الجميلة وطبعا التعليقات الجانبية دايما انتريستنج 
2252,تضحك حتى وأنت حزين 😂 
2253,@User.IDX الميت لازم ياخذ أوسكار أفضل ممثل كوميدي يخرب بيت الشهقة والنظرات المتفاجئة 😂😂 
2254,&quot;نحن نقص عليك أحسن القصص بما أوحينا إليك هذا القرءآن &quot; 
2255,بدأت أشعر أن موضوعات فديوهاتك بتجيلك من aj !! 
2256,@User.IDX لن تقصف اسرائيل مكتب هنيه لان هنيه قدم هديه لاسرائيل لن تنساها 
2257,يا عم مبحبش المألوف... غير التي شرت 🤣 
2258,@User.IDX لاحول ولا قوة الا بالله 
2259,@User.IDX كل اللي حوله ينظرون له نظرة اشفاق وكأنه مجنون 
2261,الله عليك يمعلم استمر يامعلم هذا العقل يمعلم 
2262,لو كل مدرسين العالم مثل الدحيح ما كان في رسوب 
2264,رد سريع لمن يقول السوريين مشردين والله العظيم نعيش بكرامة وحرية ولا يوجد في قلوبنا ندم ونحمد الله اننا خرجنا عن القطيع ولم نعد عبيد في مزارع حكام الدول العربيةعاشت سورية ويسقط بشار الأسد. دمتم أحرار 
2265,@User.IDX الله يهديها للإسلام❤❤ وقوفهم معنا يفرح القلب الله يصبر أهالي الشهداء💔 
2266,@User.IDX القرني ذكي واوقعكم في شر اعمالكم 
2267,@User.IDX إردوغان يبيع الخرفان 😁 😁 😁 
2268,@User.IDX ياريت حكامنا العرب يكون عندهم شخصية مثلها 
2269,@User.IDX زيارته لقافه امريكا لم تطلب منه ذلك ٠ 
2270,مرة حبايب ومرة حلايب ..!!! *** الحل الجزري والنهائي لذلك الفديو القانون الدولي '''محكمة الجنائيات الدولية ''' ومعترف بها عالميا،،، العندوا أوراق'' خرائط ووثائق '' ينظفها من الغبار ويمشي هناك والكلام إنتهى. 
2271,@User.IDX حيسمسر على كل راس 🤣🤣 
2272,@User.IDX والله اننا نعلم انكم تعلمون انهُ صادق 
2273,هاد سجن 5 نجوم بالنسبة لسجون الي موجودين بسوريا متل ما بتئول اخي المشكلة فينا نحنا البشر بدنا تنظيف ئبل الحكام 
2274,لم يعجبي منزل صغير جدا ... . ولا يتوفر علي ملعب كرة قدم وحلبة سباق f1 .. كما ان عدد المراحيض قليل ..و غرف النوم تبدو سئية وغير مريحة .. كما ان البيت لا يتوفر علي عيادة طبية ومطار لطائرات ولم تعجبني الشاشة بلقرب من المسبح ذوق فقير جدا ...😒😒 لم يعجبني اريد بيت اكبر Razak King 
2275,@User.IDX ياخسارة أموال اهلنا الشرفاء فقط في قطر. <url> 
2276,@User.IDX @User.IDX تاريخهم الاجرامي لايجعلني اصدق المشهد التمثيلي 
2277,عم عيد الحلقات 😍👌رمضان كريم بس مافينا بلا السليط 💔😭 
2279,@User.IDX ما دمر الاطفال الصغار وجعلهم يفقدوا الثقه بأنفسهم الا الاجهزه الذكيه لأن الطفل طول الوقت وهو ماسك الجهاز يكون صامت لساعات في اليوم فكره جباره جداً جداً لا تنتظروا محل يعرض عليكم مثل هذا العرض حتى تنموا الثقه في نفوس اطفالكم اشتغلوا عليهم في البي
2281,@User.IDX هههههه ندري حتى خرم الاوزون سبب فيه قضية جمال خاشقجي الله يرحمه بس الحل في الرياض ولا ما قدامكم غير الهاويه 
2282,@User.IDX الحكومة القطرية تعلن عن قطع العلاقات مع اميركا واغلاق القاعدة الاميركية في قطر رد على قرار ترامب وقصف غزة 😀 
2283,لو اضطررت للتوسل إلى رجل آخر من أجل حريتك فلن تنالها أبدا، فالحرية شيء يجب أن تناله بنفسك الحريه تكتسب تواصله 
2284,الله ينصر فلسطين وسوريا ويحفظ بلدي الجزائر 
2285,نعتذر عن غياب فيديو الأسبوع في هذه الحلقة ... أحلى فيديو أسبوع في الأسبوع الجاي نأ نأ 
2287,ليش انت كذا 😠 تسأل وتسحب ع السؤال ؟!😡 
2288,دكتور لوجيك موتني من الضحك 😂😂 
2289, <url> أعزائى المشاهتين اهلا بيكم فى حلقة جتيتة من برنامج الدحيح 😂😂 
2290,ههههههههه ضحكني اخر شي زبدلك يبووووي 
2291,يا ريت موضوع عن تحليل الشخصية من خلال الخط Graphology الي معي لايك 😊 
2292,علي الحلال انا وانتي الي رح نقرض على شان نحنا فلسطنية 
2295,@User.IDX سفير إيرااان !! هو من يحكم العراق !! 😂😀 <url> 
2296,@User.IDX نحن. الجنوب دولة يادويلة قطر ،والان نحرر المناطق التي لاتزال تحت الاحتلال الشمالي ،بالنسبة لنا كجنوبين حربنا مع الشمال حوثي اصلاحي ناصري مؤتمري...... 
2297,ما يفعلوه ذكاء للمصالح الشخصيه فقط وليس للبلاد 
2298,@User.IDX @User.IDX يا اخوان الادمي هذا صاحي نفسي اعرف كيف صار رئيس 
2299,"""العالم لم يعد غبياً والعبارات المنمّقة مثل """"هذا لايمثل الاسلام وذاك لا يمثل..""""لم تعد تنطلي على العالم. وحتى التخويف بالمصطلحات المرعبة مثل """"الإسلاموفوبيا"""" لم تعد ترعب العالم الغربي كما السابق. من المعلوم أن لكل فعل رد فعل فلماذا يتوقع المسلمون أن يبقى جميع العالم ساكتاً بينما المسلمون يقتلون الأبرياء هنا وهناك؟ ولماذا الغضب إذا قُتِل إمام مسجد والاكتفاء ببعض التبرير إذا ارتكب المسلمون المجازر بحق غيرهم ودون أن يكون لهم ذنب؟ فعلاً امر يدعو للاستغراب كثيراً..!!!! """
2300,طبعا ميعرفون الاطباء اذا همه ماعرفوا يولدون الام وتسببوا ببتر ايده للمسكين شلون طفل يخبل اللهم عافنا واعفوا عنا 
2301,۞ يَا أَيُّهَا الَّذِينَ آمَنُوا إِنَّ كَثِيرًا مِّنَ الْأَحْبَارِ وَالرُّهْبَانِ لَيَأْكُلُونَ أَمْوَالَ النَّاسِ بِالْبَاطِلِ وَيَصُدُّونَ عَن سَبِيلِ اللَّهِ ۗ وَالَّذِينَ يَكْنِزُونَ الذَّهَبَ وَالْفِضَّةَ وَلَا يُنفِقُونَهَا فِي سَبِيلِ اللَّهِ فَبَشِّرْهُم بِعَذَابٍ أَلِيمٍ (34) يَوْمَ يُحْمَىٰ عَلَيْهَا فِي نَارِ جَهَنَّمَ فَتُكْوَىٰ بِهَا جِبَاهُهُمْ وَجُنُوبُهُمْ وَظُهُورُهُمْ ۖ هَٰذَا مَا كَنَزْتُمْ لِأَنفُسِكُمْ فَذُوقُوا مَا كُنتُمْ تَكْنِزُونَ. صدق الله العظيم 
2302,اغيد كنت بعرفوا انو سورية😁كان يجي عطيور الجنه 
2304,تروح الجامعة و بعدين تشتغل الين تموت😂😂😂😂😂😂😂💔👌🏼 
2305,@User.IDX تقريركم بائس بصوت مذيع بائس. حتى لو كان فتيحي أمريكياً لن يؤثر على قوة الإجراء ضده. أمن الدولة أعلنت قبل أيام أنه يوجد لديها بالسجن عدد من الإمريكيين. لايوجد لأحد إعتبار فوق القانون السعودي والسيادة السعودية. 
2306,شكران لكم على المعلومه ☺ 
2307,اذا كنت سني فالسعودية قتلت صدام. وان كنت قومي فالسعودية حاربت عبد الناصر. ولو قلبك على الأقصى فالسعودية باعت فلسطين. أما لو أنت تحب الاسلام فالسعودية تحالفت مع أميركا واسرائيل ضد المسلمين. وإن كنت عربي فآل سعود يهود. وإن قلبك على المسلمين فالسعودية تخلت عن المسلمين الأفغان والبورميين والصوماليين. إوإن كان يهمك الأمن العربي فالسعودية أدخلت قواعد أمريكية إلى أرض الحرمين. وإن كنت تريد التحرر من الاستعمار ستحاربك السعودية مثل ما تحارب المقاومة الفلسطينية. وإن رضيت العبودية فمرحبا بك في السعودية. 
2308,هذا هو نموذج المعارضة الوطنية الذي نطمح ان نراه في البلدان العربية و ليس المعارضة التي تلجأ إلى الجيش للانقلاب على نتائج الديموقراطية، أو التي تلجأ إلى أسيادها في الغرب او إلى ديكتاتوريات الخليج للتآمر على إرادة الشعب... 
2310,يعطيك العافيه❤عمر انت نقطت تحول لنا ان شاء الله بس استمر✋😊❤ 
2312,لايك لل انترو الجميل ده لكن سياسة لأ معرفش فيها حاجة😂💔 
2314, <url> فخور بيكى بجد بالتوفيق ديما## 
2315,والله أحلي كلام واحسن قرار عشان ما نعطيهم فرصة يسمموا عقول أولادنا ولا يتكلموا أصلا ولايصبح لهم صوت .ديننا موجود ونعلمه منذ ١٤٠٠سنة هل أتي هؤلاء بدين جديد كي نستمع للغوهم المغلوط الذي لا طائل من ورائه سوي الثرثرة الاعلامية 
2316,مين ملقوف مثلي و قام وقف الفديو مره ثانية عشان يقرأ الرسالة 😂😂 
2317,اذا ان قلت انا معاد للسامية فذلك يعني اني معاد لنفسي مممممم اري في ذلك منطق ان أعَادِي نفسي للسماح لهم بخلق الكذبه عالميا... 
2318,@User.IDX الجزائريين يستحقون الافضل ليس من العقل ولا الانصاف بشئ شعب يضطر للهروب بقوارب الموت لفرنسا بحثا عن الرزق ويسافر لتونس لاجل العلاج وللمغرب سياحه وهو يملك كل هذه الخيرات كل هذا بسبب حكم ظلوم 
2319,انا مخي دايم يفكر بالتجارة وكيف اكسب واقلل نسب الخسارة ودايم المنطقة اللي انت فيها تأثر عليك معروف اهل مكة معروفين بالتجارة والتجارة مربحة فيها من عهد الرسول صلى الله عليه وسلم مو عشان اكون مستقل او عشان اصير غني ابغا اعيش ابوي وامي واهلي في النعيم اللي عيشوني فيه من انا صغير الى عمري هذا ابغا اترك بصمة في تاريخ المكان اللي عشت فيه لكن ماعندي اي فكرة كيف ابدأ وقاعد احاول ابدأ من بدري لان الاستمثار على المدى البعيد مربح 
2321,تبون الجد انا مافهمت الفديو بس ماني حاطه لايك ولا اي شيء 
2322,السلام عليكم ورحمة الله تعالى وبركاته نصر من الله وفتح قريب وبشر المؤمنين مهما خذولونا إخواننا المنافقين ومهما زاد التنكيل باخواني واخواتي الشرفاء المناضلين الصابرين الصامدين كل في ميدانه فهم المنتصرين باذن الله اما الصهاينة اعدائنا واعداء الانسانية جمعاء والخونة من امتي ومن الخارج والمنافقين فهم المنهزمون باذن الله طال الزمان او قصر إن الله يمهل ولا يهمل اللهم انصر اهلي اخواني واخواتي في فلسطين وفي سوريا وفي العراق وفي اليمن وفي كل مكان وفي كل زمان وما النصر إلا بإذن الله نعم المولى ونعم النصير اللهم امين يارب العالمين والصلاة والسلام على سيدنا محمد وعلى آله وصحبه وسلم ولا حول ولاقوة إلا بالله العلي العظيم 
2323,أين المشكل في تدريس العربية مع العلم أن الفرنسيين اصبحوا اقليات في فرنسا (إحتلال من دول شمال إفريقيا) هههههههه أغلب سكان فرنسا ناطقين بالعربية &quot;باعتبار اصولهم&quot; حتى الوزراء، رئيس بلدية، نواب ... كلهم من أصول عربية 
2325,@User.IDX للاسف لقد حط بلحة من قدر مصر الكثير 
2326,@User.IDX اللهم فرج هم المهمومين اللهم خلص بيتك الأقصى من أرجاس اليهود اللهم عليك باليهود ومن شايعهم الله عليك بهم فإنهم لا يعجزونك اللهم زلزل الأرض من تحت أقدامهم وجمد الدماء في عروقهم اللهم أرنا عجائب قدرتك اللهم أرنا فيهم يوماً أسودا اللهم افعل بهم كما
2327,@User.IDX جميل جداً أن نظهر للعالم سماحة ديننا الحنيف من خلال هذه المبادرات الذكية خاصة بعد السمعة السيئة التي رسخها الاخوان و القاعدة عن هذا الدين في ذهن الغرب 
2328,Fatom Alasaad تعي شوفي هاد لازم تجيبي منو لحمودي ..وانت لازم يصممولك طاولة وكرسي للاكل 😂😂😂😂😂😂 
2329,@User.IDX هذول اللي يطالبون بالحريه، امحق 🙂 
2331,امسح راسك يا عمر طول الفيديو خايف عليك من الحمى !! ما يصير كذا يا عمر!! 
2334,@User.IDX ولأن نضام الحكم لدولتين المنقسمتين سيكون الذي يسنه ويضع قوانينه هم نفس الأعداء الذين مزقوا الأمة الواحدة جعلو أيضاء اختيار ان تكون الدولة مسلمة او غير مسلمة بحسب اغلبية السكان فجعلو الهند أغلبية سكانها غير مسلمين وجعلو باكستان اغلبية السكان مسلم
2336,لم تذكر الجزائر حيث انه يوجد 7 ملايين مهاجر في فرنسا فقط 
2337,Shelly Tik شوفي ما احلا الفكرة... مسابقة لحكي عربي نضيف بدون اي كلمة بالانجليزي او بالفرنسي 
2338,لعمه ........ والله اذا بيجينا حكام من هندوسيا احسن من حكامنا الحاليين هنيئا لكم يا حكام الغرب لقد احسنتم ووضعتم الرجل المناسب لكم بلمكان المناسب لكن هذا لن يستمر طويلا... هذا ما وعد الله وصدق المرسليين 
2339,@User.IDX @User.IDX بس يا اخوان .. يمكن بنى رأيه على دراسات وابحاث قرأها 🤔 
2340,شكرا لكم ونتمنى لكم مزيدا من التوفيق 
2341,تدفع 450 الف و تنتظر علشان يجيك 140 الف حرام بعد 15 او 18 سنة طيب ليش ما تدخل في التجارة معاك 450 الف خلال سنة راح تكسب 500 الف صافي بدون خطورة و رزق حلال الفيديو هذا مضلل و غبي جدا 
2342,صدمتني ياعمر بذا الفيديو على الاقل اشرح كيف تقابلتم صدفه والا رحتم سوا والا كيف 
2343,@User.IDX هذا الخبر طبيعي ان يتصدر حدث هذا الاسبوع لكن ليس غريب على الساحة العربية مادام هناك ارواح تزهق في سوريا و اليمن و اعدامات في مصر...يتبع 
2344,هذا ما حدث في بلادي 😭😭😭😭😭😭😭😭 
2345,نحن كل السوريين منهدف عاشت سورية الأسد 
2346,وما خفي من العلاقات بين الاخوة كان اعظم 
2347,هذا يزعجني، ما كنت بعرف هالقانون، بس عنجد بضحك وين عايشين نحنا 
2348,انا ودي ان اسال سؤال هل صومال من المشارقة ام من المغاربة 😂😂😂😂نحن و جيبوتي و جزر القمر سوف نصنع جهتنا الخاصة و نطلق عليها الشماشله 😂😂😂😂😂😂😂😂😂😂😂🇸🇴هل من شماشلي اخر هنا 😂😂😂😂 
2350,#اصحاب_ثنيان موجودين الي موجود لايك 
2351,@User.IDX كل الشعب السعودي مؤيد لهذا التوجيه من سمو ولي العهد أمده الله بنصره🇸🇦🇸🇦 
2352,بلدنا هدامة للطموحات والمواهب بسبب عدم وجود الدعم الكافي لمختلف المجالات خصوصا الفن 
2354,@User.IDX دول عساكر أمن مركزي علشان يقفوا خلفكوا ويجيبوا منكم رجاله يااشباه الرجال 
2355,افضل مقطع كان من 1.24 الى 1 34 
2356,موقف محررررررررررررررج جداً اللي بنهاية الفلوق 
2357,@User.IDX كلامه جدا صحيح، لكن نهاية الفيديو خربها 
2358,شكرا على الحلقة الفارغة ونتطلع لحلقات مفيدة ،، بالتوفيق 
2359,كل ما اجي أكل اتفرج فديوهات عمر حسين 
2360,@User.IDX من الواضح أن السيسي لم يذق طعم الضرب في صغره 
2361,قدرات عجيبه لم افهمها وللاسف لم تعجبني ...في الواقع هي مخيفه 
2362,ههههههه هذا مطار قطر و انا من قطر 
2363,اختصار مخل حتى انت ياعمر تخبص وتحابي لا تلام السجن يعلمك 
2364,@User.IDX 😂😂😂 القطريين بيستخدمو الجزيرة عشان يمسكو على الامارتيين اي غلطة 
2365,@User.IDX علشان ننبسط .. ياليت تحكوا لنا كيف وصلت دعوة تميم للقمه العربيه الأوربيه 
2366,@User.IDX ولماذا يعتبر زعيم الأمة الإسلامية وفقك الله وسدد خطاك 
2367,اعجبني موضوعك شكراً جون سنو💜 
2369,@User.IDX المزج بين الصهيونية و معاداة السامية فكرة خبيثة. فالعالم كله يجب ان يدين ما فعله هتلر النازي باليهود لكن الصهيونية و تعريفها و احتلالها و جرائمها شيء اخر. هذا التصريح يأتي نتيجة موجة التطبيع العربي الجماعي مع اسرائيل. مو بقيان غير يجرموا كل واحد
2370,النصارى الي دينهم غير ديننا لا يقومون بهده الفرقات العنصرية فالجالية المسلمة المقيمة بالدول الغربية تستفيد من كل الحقوق كتمدرس و الصحة.... و المسلمون او العرب يقومون بافعال عنصرية و هدا ليس بغريب على دول الخليج فدولة امارات تمنع المقيمين من عرب و اجانب من استفادة ابناءهم من التعليم المجاني اهدا هو اﻹسلام اين هي حقوق اﻹنسان بعيدا كل عن المفارقات العنصرية افضل العيش في الدول الغربية على العيش في هده الدول المتخلفة العنصرية. 
2371,السودان يا نيكولاس الرئيس ليهو 30 سنه في الحكم.. جيبو تحت المجهر 
2372,"""@User.IDX جنوب السودان دولة نصرانيه استقلة عن السودان وهم الان خايفين يفكر السودانين باستعادة جنوبهم بعد سقوط نظام البشير وهذا ومسوي لنا فلم قدام الشعب السوداني والعالم انهم لا يريدون الحرب واراقت الدماء وهو نصاب والله لو يملك قوه لكان مبادر بالحرب والتوسع يعني الموضوع كله """"حركات نصارى"""" """
2373,خطية المفروض بلده يرعاه ولو شفت في دول اخرى يهتمون بيهم ويدخلوهم لمسرحيات الأطفال عملاق يحتل المدينه وشفتهم يشاركون باعمال كثيرة 
2374,والله اول واحد يخليني احتار ايش اكتبله في الكومنتات حقت اليوتيوب والصراحة شوف الحيره هذي ما جت الى لأنو احنا أعضاااااء في ((مدونتك السرية))😉 لكن عمر حسين اكيد حسب حساب انه اذا سوا قناة ثانية راح يوقف المدونة بحكم ان القناة راح يكون فيها شغل وتعب. لكن هل عمر حسين راح يكون مرتاح وهوا يقرا كومنتات القناة الببلشد زي كومنتات القناة السرية؟ هنا يكمن مربط الفرس. 
2375,فين مزح مطاوعة مع الشيخ الربيع ...🤔 
2376,الله يعطيك العافية.....عشتَ وعاشت سوريا 
2377,حبيبتي رغم حجمها الصغير الاانه الحب في قلبها كبيرتنشر السعاده والحب في كل مكان ما احلى قلبها حبيتها ربي يشفيها المشكله تكمن مع المجتمع الذي لا يقدر انه من حقك ان تعيشي بحريه وسلام فهلا المجتمع معاق ومعيق 
2378,@User.IDX ليست العبرة بالكثرة . فيقول ربكم (وان تطع اكثر من في الارض يضلوك عن سبيل الله ) 
2379,@User.IDX انا تعرضت للتنمر من هذا الشخص @User.IDX 
2380,مذكرة حلوة ومميزة صراحة،، حبيتها واكتر شي حبيتو الكاميرا الجديدة ههههه عن جد حبيتها 
2381,"انا جاي من المستقبل ,, ابشركم صار فيه شي اسمه ميموريز بالسناب يحفظ سناباتك هههه "
2382,في دقيقة 4:19 القطار كان رايح على جهة اليسار كيف صار بعدين عاليمين 🙂 
2383,بعض الخراف الميته في السفينه يثير حفيظه جمعيات حقوق الحيوان ....والاف من عمليات القتل والتعذيب والاف الشهداء في سوريا وفلسطين ...واطفال تقتل بالكيماوي في الغوطه وللاسف لم نجد من تحرك لسانه لنصرتهم..نسأل الله الفرج 
2384,انا بحب الحته بتاعت انا ايمان الامام و دى الاسبتاليه اكتر من الحلقه نفسها 😁 
2386,@User.IDX الله يكتب لهم الي فيه خير 
2387,@User.IDX جاء في الزمن الخطأ ،، يبدو انه تأخر عدة مئات من السنين 😅 
2388,بيقدروا يخربوا بيوت ويخربو بلدان ويخربوا بين العالم بس بتم في الفطرة السليمة والرحمة اللي زرعها رب العالمين فينا اللي بتخليهن يطلعوا خائبين وبيبقى الشعب وبروحوا 
2389,@User.IDX والى الان لا يفيدنا بشي 
2390,لاتنسو تكتبو بحلة فى جوجل 😂 
2392,اعرف انه السؤال جي متأخر .. بس لو كان لك الخيار انه ترجع تستخدم السوشل ميديا او لا...انك تكون جزء من هذا العالم كشخصية (مؤثرة) هل كنت راح تتخذ نفس القرار؟ 
2393,عمر حسين انت شخص تمتلك شخصية جدا جدا جميلة 
2394,صراحة نظام السريّة دا عجبني وأحس الكومنتات هنا روقانيّة 😅 
2395,نفس الشي في بكالوريا الجزائر و سيتم اعادة البكالوريا في المواد المسربة تحت تنظيم و حراسة الجيش 
2397,@User.IDX الله يصبر امهاتهم ويربط ع قلوب اهاليهم 💔💔💔💔 
2398,هو انا الوحيد اللي لاحظت انك قولت اروح اجيب الخياره ورجعت بتفاحه مش خياره ولا ايه ليه المزاوله دي طيب😂😂😂 
2399,@User.IDX @User.IDX إقتراح للإخوان بعد عمليه الدائري النهارده بقترح يدشنوا هاشتاج.. اطمن انت مش لوحدك.. الامن الوطني جاي ياخدك... 😂😂😂 
2402,@User.IDX ههههههههه شخصيات ادفع لي اعلق لك 😂😂 راحت فلوسك ياصابر 
2404,@User.IDX تتحارب امريكا وايران وسياتي الضرب على راس قطر 
2405, <url> من أولها (ممتنة)!! كيف حيصير بعد ماتعيشي باقي عمرك في كندا؟ 
2406,يا أخي كيف وصلت للفندق بالرغم أنو لسا في ساعة على الإجتماع و انت مطفر 
2407,الاغتصاب يعني ان الانسان تجرد من ميزته الانسانية وانتقل لمرحلة الحيوان ليتبع شهواته دون ادنى رحمة لذا يجب ان يكون قانون صارم لردع هؤلاء اغتصبو الاطفال فبالله عليكم يا شيوخ 
2409,كل يوم الاثنين وممتع ووقته بينتهي بسرعه 😥 ❌🚫🚫تحذير بيحتوي علي كميه كبيره من الابداع 😃😃ده اعلان الاسبتاليه 
2411,انا كان عندي مصدر دخل وكنت اتبرع لهم شهريا، الآن ما عندي مصدر دخل وبأذن الله لو يصير عندي دخل راح يكون لهم جزء من راتبي، لأن الدنيا دوراه ومحد يضمن أنه يكون بأحسن حال دائما.. شكرا عمر على التغطية ومشاركتنا مغامراتك المليئة بالعبر 👍 
2412,قبل ثلاث سنوات شفتك برمضان 
2413,الناس تتمني انها تموت وهي بتصلي تموت وهي بتحج مش وهو راكبه عجله أو في حمام سباحه من مات علي شئ بعث عليه ولكي ما تتمني أن تبعثي عليه 
2414,كلعادة .. حوار شيق و جميل.. الف كشر : ) لكن احس ان الخلط كان موجود في نقطة .. في مفهوم الشهرة .. اظن ان اللي عمرهم 15 و كذا حسب كلامكم .. قال يبغى يصير مشهور .. هو غالبا قاعد يقول انه يبغى يصير ناجح .. فالجواب يكون .. اشتغل على نفسك .. تصير ناجح .. تصير مشهور و بس 
2415,@User.IDX @User.IDX اولاً قص الله يد من كتب هذا التقرير الذي بصراحة هو بهدف تشويه صورة السعوديه وعاصفة الحزم وليس فررررررنسا ثانياً عاصفة الحزم اجبرت السعوديه عليها وبعد ان سد الحوثي كل الطرق الدبلوماسيه امام السعوديه ولان اصبيحت جريمه في نظركم الحوثي هو 
2416,كون كنت اخويا في المغرب كون راك شبت غير بالشمش ديال سير و اجي 
2417,ايش سناب صاحب الجم بليز 
2418,مابدك تمشط شعرك وتبين انشتاين ماشششي، اما انفك تاركو بدون تنظيف لييييش (الدقيقة  <url> ركز) انا بحبك ع فكرة وبمزح معك :D :* 
2419,ابي اعرف قصة أبو حجر 
2420,@User.IDX الاوربيين اول من بدا التعذيب والاعتقالات والسجون في العالم الجزائر بلد المليون شهيد قتلهم الفرنسيين والي يومنا هذا لم نري دوله اوربيه واحده وقفت مع شعب من الشعوب المضطهده والمظلومه بل العكس تماما يدعمون الحكام الديكتاتوريين الفاسدين ويساعدوهم وي
2421,أعانك الله أنت أفضل منى شخصيا فأنا سليم البنية و لكن أين ما حققته و أنجزته خلال سنواتى ال22 و من دواعى سرورى هذا الصدفة فأنا أدرس هندسة برمجيات أيضا سأكون سعيدا بصداقتك 
2422,للاسف حضرتك مش طبيبه وهاد الاشي خلاي طرحك للموضوع فيه نوع من النقص لمعلومات جدا مهمه الموت هوا فعلا موت الدماغ كما ذكرتي لسبب انو الخلايا العصبيه لا تتجدد يعني اذا ماتت ماراح ترجع في وضعيه ممكن يصير فيها الانسان الي تسمى بالعاميه ( عايش عل الاجهزه ) بكون كل الاعضاء شغاله عل الاجهزه واول ما تطفي الاجهزه الاعضاء خلال فتره قصيره وتنهار ... هاي المرحله والقرار صعب كثير عل الاهل وعل الطبيب ! لانو ما في امل وحتى لو ضل عل الاجهزه ممكن يقعد شهر مثلا بعدين مع الاجهزه بموت لكن فاتوره المستشفى راح تكون مبلغ وقدره!! الموت التعريف الحقيقي هوا انفصال الروح عن الجسد لكن هاد التعريف صعب نعرف متى تطلع الروح وعليه نعتمد التعريف الاقرب للحقيقه هوا موت الدماغ . او توقف القلب لمده ثلاث دقائق ( لانو بكون سبب موت الدماغ ) 
2423,ياحرام عليكم يعني ظالمين المطبخ اليمني ...عندنا الزربيان المندي المضبي ووووالخ. ..وفتات وعصيد وهريش وشفوت ومقلقل وماجبتم إلا السلته 😣 
2424,@User.IDX من استمسك بحبل الله فلا غالب له 
2425,هناك شيئ آخر ملفت أيضاً حول الأسماء هو أن الناس تميل عادة وبشكل تلقائي ولا واعي بكتابة أسمائهم عندما يطلب منهم تجربة قلم جديد مثلاً، فأول شيئ يكتبونه هو أسمائهم 
2426,الاثنين اجمل من بعض دون عنصرية هههه 
2427,@User.IDX تكبر الحكام دمر الأوطان . #حقيقة_مؤلمة 
2429,الاخ المسلم الي حكا عن مشكلة لباس المرأة بارك الله فيك ياأخي وغيرتك صعب على المهرج الي مفكر حاله انو مهضوم ودمه خفيف صعب يفهم معناها معذور لأنو مافي بقاموسك شيء اسمه الغيرة والشرف ملاحظة نيكولاس كان دمك تقيل بهل الفيديو ماظبطت معك هل المرة متراجع 
2430,في ديناصور عدا من وراك في الدقيقة 1:9 
2431,ثلاث ارهابيين. راحو يم المقبور محمد 
2432,"اول كلمة قالتها اختي هي نأنأ ههه عمرها سبع شهور,,,تحية من المغرب "
2434,مين يشوف عمر حسين من أكثر الأشخاص كيوتنسًا في الوطن العربي 🙈😄 
2435,هذا دليل على أن التطرف لا دين له 😂 حتى العلمانيين متطرفين ومتعصبين وهذا لم يسيء إلا لهم لكن مشكلة العرب عندما تطرفوا وتعصبوا أساءوا إلى الإسلام واظهروه بطريقة غير الطريقة الحقيقة الأولى التي جاء بها رسول الله عليه وعلى اله السلام والصلاة وذلك لأن الدول العربية لو أظهرت أن الدين من أقواله (لا اكراه في الدين ) و(لا فرق بين عربي واعجمي الا بالتقوى ).. الخ لعرفوا أن الدين الإسلامي هو دين المحبة و التسامح وتقبل الآراء المختلفة ولاجتهدوا ليجعلوا الدين الإسلامي من ضمن الحكم هذا مجرد رأي 😪 على كل حال أعجبني طرحك للموضوع ☺👍 
2436,ليه ما كان في فيديو اسبوع🤔 
2437,اعشق الامازيغ فهم احفاد ابطالنا مثل طارق بن زياد و الخطابي و ابن باديس و الامير عبد القادر و عمر المختار و........حفظكم الله 
2439,شي كتير هيك انا لبنانيه وجوزي سوري هات لا يصير حقد عندي بالبيت سوري ولبنانه روحو طبضبو بيكفي لبنانيرمتزوج من سوري والسوري كمان متزوج من لبنانه بعدن لبنانيرلما نزح على سوريا ماصارو يبزرو بالولد نزحو عيل بسربتحدا اي وواحد بيقول انو لرجال نزحو مع عيلون 
2440,@User.IDX إحنا كتابنا القرآن الكريم وما نعمل به مع أننا نعلم علم اليقين بأنه الكتاب الصحيح وآخر الكتب السماوية المنزلة والذي لا يأتيه الباطل. تريدنا نصدق كتاب محرف بشهادة القرآن الكريم وعندك كم نسخة كل واحده تختلف عن الأخرى وتقول هذا دليل؟🤔 هذا الدليل ما
2441,متى بدك تزور الاردن !😎😎 
2442,@User.IDX ع زق هذا ليست شغلك 
2443,@User.IDX والله ي انتم منقهرين من الامارات 😂😂😂 محاولت اخراج الموضوع بأفشل طريقة تقدرون عليها لاحول 😹😹😹 <url> 
2444,موضوع شيق وافكار قيمة حبدا لو يتم نشر متل هده المواضيع بنطاق اكتر واوسععلى وساءل التواصل ودبعدف الارتقاء بمستوى المستقبلين وليس اهتمامهم باخبار السوق التافهة 
2446,ارى ان الفيديو اراد ان يصل فكرة لشيء معين ولكنه وقع في الفخ من حيث لايدري وانقلب الفيديو لاثبات العكس . لقد تبين لي من هذه المعلومة امرين الاول ان الدول الالحادية استطاعت بالقوة ان تفرض افكارها فرضا وتسيطر على الشعوب وتشغلهم لصالحا مثل الروبوت .ولكن فشلت فشل ذريع في جعل المواطن يفعل الشيء من حافز داخلي ولا يخطأ ولا ينوي عكس ماتريد ولم تستطيع تقييم البشر لانه لاوجود لمن يقيم اعمال البشر وهنا ارادت ان تستعيض عن شيء جوهري في الدين وهو الدافع الشخصي للانسان واحساسه بالذنب او المعصية وطبعاً سوف يفشلون في ذلك وسنرى بعد سنتين فقط . والامر الﻵخر ان الفيديو عمق ايماننا بالله لامرين أيضاً وهما ان الايمان بالله هو ضرورة اجتماعية قومية على مستوى الدولة وليس الفرد وهو ليس مخدر للشعوب بل منشط للضمائر ...وثانياً اذا هؤلاء البشر التافهين الذين يظنون انهم من نتاج تطور خلية بلهاء استطاعوا ان يراقبوا البشر ويقيموهم اليس الله الذي نؤمن به قادر على هذا الفعل وبسهولة فائقة ..؟! ياليت مثال واحد مفيد للشيوعية والالحاد ..طبعاً سيقول العالم الصين يا اخي الفائدة ليس بالاقتصاد ولكن بالمستوى المعيشي للفرد ومقياس السعادة ..وشكراً 
2447,يجب ان تقلل لدول انتاج النفط 
2448,@User.IDX عاملين فيلم التأبين من الان 
2449,@User.IDX طيب ما دام هي مسؤوليتكم لماذا لم تلبوا نداء الثوار عندما استنجدوا بكم ؟؟؟ 
2450,والله اصعب سوال مر علي هذا الشهر يمكن السنه كمان 😂😂😂 
2451,بلد اتقسمت نصين جايه تتكلم في مدنتين حكوميه هشه و دوله ضعيفه 
2452,ماشاء الله الطبيعه عندهم جميله و فكرة النوم ٨ والصحو فجرا دا كل البركه .. حياة المدن كلها صخب و تلوث و life style دمر الصحه .. 
2453,ههههههههه اكبر تياسه بحياتي عملتها اني قصيت شعري 😣 
2454,@User.IDX أسانج له مدة طويلة في الدفاع عن حق الشعوب و كذالك في توعية الشعوب عن ماذا يقع خلف الستار من تجسس الدول على المستخدمين إلخ ... لكن الإعلام يحاول تشويه سمعته مثل مافعل مع إدوارد سنودن 
2455,@User.IDX رجال هددوه بمصادرة املاكه وهو يملك الكثير في قطر ومن مؤسسيها وعاد حفاظا على ممتلكاته والله يعينه ويحميه من شر المرتزقه فهم يتمنون إخلاء قطر من سكانها الأصليين 
2457,@User.IDX 😹😹😹 الله يعينكم يا المصريين 
2458,@User.IDX وايما امه ارادت العزه بغير الاسلام اذلها الله 
2459,ما تقدر تبسط لان انت اخذت جزء من القيمة 
2460,@User.IDX @User.IDX مازال الخير في الدنيا ..الله يحميها لاهلها و يبارك فيها 
2461,لمزيد من المعلومات حول ازدياد معدلات الحرارة في عام 2016 يمكنكم الاطلاع التقرير التالي : <url> 
2462,إيش انسب طريقة عشان احقق بيها احلامي مع إنو مافي أحد يشجعني او يساعدني حتى معنوياً وماديا اني احققها غير نفسي ؟ 
2463,مباااااااااااارك التخرج وعقبال الدكتوراه لك ولزوجتك لمى المهم انك طول الفيديو مصر تسميها كاتيدرالية بس هي كاتدرائية ،، :) السؤال هنا ليش ما تتخرجو في قاعة من قاعات الجامعة نفسها ؟؟ القانون عندهم ما يسمح ولا في سبب آخر؟؟ 
2464,@User.IDX مجرد تودد وتمسكن علي وعسي أن ترضي الأمارات عنكم 
2465,@User.IDX 😂😂😂 مقوّمينو من موته كمان تأكلو !؟؟!!!!! حاقه خزعبله خاالص 
2466,@User.IDX والله هذا الانسان ما أدري كيف يفكر ؟أمريكا فعلت أكبر مجزرة في التاريخ في هيروشيما ونجازاكي والان هي واليابان سمن على عسل ، طيب ياخي انت قبل أي واحد عارف إنه الدولة العثمانية هي المسؤولة عن ابادة الأرمن اعتذر وحطها في عنجهية العثمانيين وتعلم من ا
2467,@User.IDX 30 عام من نظام الملالي باشراف امريكي انتهت صلاحيته في نظر امريكا ووجب تغييره الان لما فيه مصلحه اسرائيل وكبح تمدد ايران في المنطقه امريكا لن تترك اي دوله في الاقليم تتمدد او تزدهر الا وتوقفها 
2468,السلام عليكم اخي عمر ارجو المعذره لكن يجب تصحيح بعض المعلومات مثلا قبه الصخره ليست الحرم الي عرضته بالمقطع و المنبر الذي احرق صنع في الموصل بزمن نور الدين الزنكي و نقله الي الاقصى تنفيذا لوصيه والده الذي اوصى بصناعته و وضعه في الاقصى و تم ذالك على يد صلاح الدين الايوبي و من المفارقات هي حرق المنبر بعد هدم حامع النوري غي الموصل . ملاحظه اسم جامع النوري تعود ل نور الدين الزنكي ز ارجو البحث و التصحيح و شكرا 
2469,@User.IDX الرئيس مستقيل مند 7 سنوات ، مالدي سيتغير إن لم تتغير حكومة الخفاء 
2471,حلقة عن فيزياء الكم بنت اللذينة يجامد 
2472,@User.IDX هذه العملية استمرار لشرعنة عملية تفكيك الأسرة و بإذن الله بداية انهيار الصنم الفرنسي 
2473,Hany Khalil افتكرت حضرتك بالموضوع فعلا زي ماموجود عندنا في المنطق في الذكاء الاصطناعي ! 
2474,@User.IDX الله يفرجها عليه مصيرو الحرية ان شاء الله وحسبي الله ونعم الوكيل على كل ظالم 💔 ... 
2475,مافهمت ايش دخل الفلوس في التحدي ؟! العلاقة بين التحدي والتبرع ؟ وضح لو سمحت 
2476,ما فائدة الترجمة إن كانت بنفس اللهجة ؟ ترجموها الى الفصحى لكي نفهم. 
2478,كمان عنا في سورية في عنا ساره اورفلي.. فتحت ملجأ للكلاب والقطط الشاردة في سورية 
2479,موها جالس على أعصابه من عبد المجيد ومؤمن وخاصه عبد المجيد 😂😂 
2480,ولو ان الأمر الذي تقوم به بسيط إلا أنه رائع و إنها فعلا تشارك بتعريف ثقافتها و الدفاع عن وطنها 😊 أعجبت بها فعلا . طبق الشكشوكة موجود عندنا أيضا بالجزائر و أتوقع بالمغرب العربي الكبير كله لكنه لمن الغبي أن أرى تعليقات بعض الأشخاص يهاجمون بعضهم لأجل طبق الشكشوكة قائلين ان هذا الطبق ينتمي لبلدي و الآخر يقول لا بل لبلدي !!! ما العيب في ان نتقاسم نفس الأطباق او نفس اللباس او نفس اللهجة او نفس الثقافة ككل ؟؟! ألسنا عرب ؟ السنا مسلمين ! صدق من قال اتفق العرب ان لا يتفقوا 😑 يوم ندفن يتحول الأكل الباقي في أجسامنا الى دود و يخرج من أجيامنا و بلتهمنا ، تذكروا هذا ...و عندما نسأل في اليوم الآخر لما تخاصمت مع فلان و علان ألن تستحي عندما تجيب من أجل أكلة ؟ او من أجل منشور في الفايس بوك ! عار علينا أينما ذهبت وجدت العرب يسبون بعضهم في المنشورات !! و كجزائرية مللت فعلا من كلام المغاربة و الجزائريين و مناقشاتهم التي لا فائدة منها ! 
2481,@User.IDX يارب رحمتك فعلا قلوب اشد من الحجارة 😔 
2482,اللهم صل وسلم وبارك على سيدنا وحبيبنا وشفيعنا محمد 😍✨ 
2483,@User.IDX باعوا دم ابوهم الشهيد.... لا حول ولا قوة الا بالله بس وين راح تهربوا من محكمة الله يا حكام السعودية 
2484,ما قصرت معلومات مفيده بس حبيت انبهك على نقطه خارج الموضوع ،، تراك نسيت تترضى على عمر بن الخطاب رضي الله عنه ،، وجزاك الله خير 
2485,@User.IDX حسب المعلومات المؤكدة أنه تم القبض على مراسلات الجزيرة رايان القطرية لدولة الموز بعد ان تحرشت بالكثير من الرجال . وفي النهاية اتضح انها من جمهورية شريفة وغاضبه بسبب وضع الحرس الثوري على قائمة الإرهاب . لا تحزني يا ست شريفة الست موزه معاك 
2486,يعني هيطرد مراسلين الشبكة دينا تكروري ؟ تطلب لجوء في قطر و كدا 
2487,ايه الظروف الي اتخلي البنت ماتسالش في والدتهادي اولا هناك تناقض في الكلام بيسالها عمر اديت في حد اغتصبك او في حد كهربك في السجن بعدين هي تقول انا ماتحبستش ومن خلال وجهها بيدل انها تعرضت للضرب والانتهاك حتى لساتدنها ثقيل على الكلام دي تمثيلية عملنها عشان يكذبوا اذاعة بي بي سي 
2489,السلٱم عليكم اوافقكم في كل ما قلتم،، و خصوصا تلك الافكار السيئة،، البشعة،، التي يزرعونها في العقل الباطن للفتيات و اعتبر ان هذا اول سلب لحريتهم الشخصية فتكون البنت مسيرة لا مخيرة كما تعتقد!! 
2490,بجد لو في حد زي الراجل دة حد يعرفو بس يكون يقبلك بكدة انا حلاق يكلمني داخل مصر وانا اروح احلقلو من غير مقابل بجد والله الناس الي كدة في مصر بتبقا طيبين جدا اي حدا يكلمني وانا تحت امرة وربنا يجزينا خير وشكرا ودة رقم تليفوني 01000680258 
2491,@User.IDX حسبي الله ونعم الوكيل، اللهم إنهم طغوا في البلاد وأكثروا فيها الفساد فاللهم صب عليهم سوط عذاب. 
2493,من طول عمرنا عايشين سوا وكنا أهل ، بس من لما أجو جماعة ابو جهل والثوار خربت بلادنا 
2494,سبحان الله ناس بس حلمها شي بسيط حمامات نضيفة وبرغم كلشي عايشين ومتفائلين بكلشي نحن عنا كلشي بس ماعنا السلام الحب الاحترام المحبة يعني شغلاتنا بتنحل عقلياً انا هنن مادياً لهيك الله يعطينا تفكير عقلن والمحبة 
2495,ويبين ناأنأا .. اشتققنالهااااا 💗💚 لايك الي بحبها 
2496,👎👎ليه اختلاط كذا عندكم صدق من سماكم لوس انجلوس السعودية بنات في في الشارع وفي اي مكان 
2497,@User.IDX طريقة احتفاله لا شأن لهم فيها وهذا ليس عذرا كافيا لتحميله الذنب الايطاليين و الفرنسيين معروفون من زمان بالعنصرية اتجاه الانسانية سواء كنت اسمر او ابيض فانت انسان لا اكثر ولا غيير اما لون بشره ومظاهر ما هيا الى جزء يتجزء من طبيعة الانسان الفطرية 
2498,@User.IDX عندي احسن حكم عادل بإذن الله، يتم جمعهم ابمتهمين بنفس المدرسة و إشعالهم لمدة دقيقتين ثم إطفائهم ثم إشعالهم مرة أخرة ٥ دقائق و هكذا إلى أن يتم القصاص . عليها رحمة الله 
2499,والله غالي أقل ثوب بي 300 ريال 
2500,@User.IDX رغم ان كلامه عن قديم .. ترامب تحدث عن المانيا وفرنسا و دول اوروبية آخرى وقال انه يحميهم .. ومن يهاجمون السعودية ليل نهار .. &gt;ترامب يعرف اللغة التي يتلذذون .. فيستخذمها مع البهارات قليلاً 
2501,@User.IDX التايمز دي على نفسها تقول إلى تقوله خلاص معتش ياكل مع المصرييين 
2502, <url> فطست على نفسي من الضحك!😂😂😂 
2503,ترى الفيديو إليه حطه مال العامله ماصار لهها شي😄 
2504,@User.IDX يا جماعة الخير اولا لايجوز شتموا لان الرجل توفى ثانياً نعم كان سياسي محنك انقذ السودان من صادق المهدي ورعونته واتوقع انكم تتذكروا زمن صادق المهدي والسرقات والمسخرة الي كانت في البلد ثالثاً كان لديه رؤية للسودان لولا حب البشير للسلطة والتفرد بها 
2506,بيعجبنا فيك اختيارك لموضوع الحلقة ... دائما متميز ، ومتجدد 
2507,"@User.IDX #غويدوا إنقلابي بدعم الإمبرياليۃ الأمريكيۃ . فنيزولا تواجه حصار إقتصادي و عقوبات إقتصاديۃ الغايۃ منها تغيير النظام. النظام الرأسمالي لا يهمه الشعب و لا الديمقراطيۃ. الذي يهمه, الهيمنۃ علی ثروات الشعوب. #مادورورءيس أتمنی الخير لشعب فنيزولا و أن ي"
2508,@User.IDX لنكون عادلين البنت الفرنسية من أصول سورية لم تنطرد بل انسحبت هي وسبب ذلك الهجوم عليها بسبب تغريدة للتفجيرات التي حدثت علقت عليها تعليق لم يعجب الفرنسيين وحذفت التغريدات 
2510,بحبك حلقاتك جدا ولكن لماذا لا تنوه عن خلق النباتات فى القرآن الكريم (18) وَالْأَرْضَ مَدَدْنَاهَا وَأَلْقَيْنَا فِيهَا رَوَاسِيَ وَأَنبَتْنَا فِيهَا مِن كُلِّ شَيْءٍ مَّوْزُونٍ (19) فَلْيَنظُرِ الْإِنسَانُ إِلَىٰ طَعَامِهِ (24) أَنَّا صَبَبْنَا الْمَاءَ صَبًّا (25) ثُمَّ شَقَقْنَا الْأَرْضَ شَقًّا (26) فَأَنبَتْنَا فِيهَا حَبًّا (27) وَعِنَبًا وَقَضْبًا (28) وَزَيْتُونًا وَنَخْلًا (29) وَحَدَائِقَ غُلْبًا (30) وَفَاكِهَةً وَأَبًّا (31) مَّتَاعًا لَّكُمْ وَلِأَنْعَامِكُمْ (32) وَفِي الْأَرْضِ قِطَعٌ مُّتَجَاوِرَاتٌ وَجَنَّاتٌ مِّنْ أَعْنَابٍ وَزَرْعٌ وَنَخِيلٌ صِنْوَانٌ وَغَيْرُ صِنْوَانٍ يُسْقَىٰ بِمَاءٍ وَاحِدٍ وَنُفَضِّلُ بَعْضَهَا عَلَىٰ بَعْضٍ فِي الْأُكُلِ ۚ إِنَّ فِي ذَٰلِكَ لَآيَاتٍ لِّقَوْمٍ يَعْقِلُونَ (4) وَالْأَرْضَ مَدَدْنَاهَا وَأَلْقَيْنَا فِيهَا رَوَاسِيَ وَأَنبَتْنَا فِيهَا مِن كُلِّ زَوْجٍ بَهِيجٍ (7) تَبْصِرَةً وَذِكْرَىٰ لِكُلِّ عَبْدٍ مُّنِيبٍ (8) وَنَزَّلْنَا مِنَ السَّمَاءِ مَاءً مُّبَارَكًا فَأَنبَتْنَا بِهِ جَنَّاتٍ وَحَبَّ الْحَصِيدِ (9) وَالنَّخْلَ بَاسِقَاتٍ لَّهَا طَلْعٌ نَّضِيدٌ (10) رِّزْقًا لِّلْعِبَادِ ۖ وَأَحْيَيْنَا بِهِ بَلْدَةً مَّيْتًا ۚ كَذَٰلِكَ الْخُرُوجُ (11) خَلَقَ السَّمَاوَاتِ بِغَيْرِ عَمَدٍ تَرَوْنَهَا ۖ وَأَلْقَىٰ فِي الْأَرْضِ رَوَاسِيَ أَن تَمِيدَ بِكُمْ وَبَثَّ فِيهَا مِن كُلِّ دَابَّةٍ ۚ وَأَنزَلْنَا مِنَ السَّمَاءِ مَاءً فَأَنبَتْنَا فِيهَا مِن كُلِّ زَوْجٍ كَرِيمٍ (10) هَٰذَا خَلْقُ اللَّهِ فَأَرُونِي مَاذَا خَلَقَ الَّذِينَ مِن دُونِهِ ۚ بَلِ الظَّالِمُونَ فِي ضَلَالٍ مُّبِينٍ (11) 
2511,تفتوفة هي مصروفة حتى في الجزائر نقولوها و دزيرية قاتلك لبسة 😑 لا أظن أنها من المملكة العاشورية 
2512,"Tarig Hassan Nesta Mazin Omar لاحول ولا قوة الا بالله,, السويد يا رجالة "
2513,لو قرأت عزيزي المشاهد عن جرائم اليابان في الشعب الياباني الآي راح ضحيتها ٧ ملايين صيني ستدرك انهم استحقوا النووي 
2514,ايش في على رقبتك ،،، 😈😈😈😈 
2515,@User.IDX واقف من نفسه بيعبش ل٢٠٦٠ و بيضل عالحكم 
2516,على كم ياذن المغرب في كندا 
2517,@User.IDX حسبنا الله ونعم الوكيل فيك ياسيس 
2518,"""عَنِ النَّبِيِّ صَلَّى اللَّهُ عَلَيْهِ وَسَلَّمَ ، قَالَ : """" وَاللَّهِ مَا الْفَقْرَ أَخَافُ عَلَيْكُمْ وَلَكِنْ أَخَافُ عَلَيْكُمْ أَنْ تُبْسَطَ عَلَيْكُمُ الدُّنْيَا ، كَمَا بُسِطَتْ عَلَى مَنْ كَانَ قَبْلَكُمْ ، فَتَنَافَسُوهَا كَمَا تَنَافَسُوهَا ، فَتُهْلِكَكُمْ كَمَا أَهْلَكَتْهُمْ """" . """
2519,@User.IDX سبحان الله و إن لم يعز المسلمون دينهم أعزه الله رب ضارة نافعة حتى الذي لم يسمع بالإسلام في نيوزيلندا قد سمع به الآن بفعل كافر متطرف 
2520,Murtatha Waleed املأ الفراغ التالي: قلتلكم........بس انتوا ما رضيتوا 😂😂 
2521,شاشة جوالي ٣:٥ انش ؛ لحد يدقق مطبعيا 
2522,اخر زمن اصبح القتلة و السفاحين ابطال منذ متى اصبح قتل الطفلات بالسلاح رجولة و بطولة .. مالفرق بينه وبين الدواعش .. قال سخروا منه على صلاته .. يعني انتهى من الصلاة و ذهب ليقتل الطفلات !!! عجيييييب 
2523,نريد حلقات اكثر عن الانقراض 
2525,كل بنت بتحكي الشكل مو مهم غالباً بتكون شبه عانس و بدها من الله واحد قبل ما يروح قطارها 😏 و كل شب بيحكي الشكل مو مهم بقلوه :كذاب بعينك 😜 و أهم شي صبايا لا تطلبوا مهر غالي بتلاقوا العرسان طوابير لأن الشباب العربي اكثر شغلة شاطرين فيها الزواج 😅 
2526,لقد كَيَّس ابو حجر 😂😂💔 
2527,حشرات المُلوخية ككعكعكعكع الملوخية ما في لها وحوش فيها حشرات كعكعكعكع بالمناسبه أنا اضحك بالعربية الفصحى كعكعكعكع 😂😂ههههههههههه كثرت ككعكعكعكع 
2531,سنعود الى ضفاف النيل يوما بإذن الله 
2533,@User.IDX مشايخ نجد الجاميه لا غرابه انهم حسب مايراه ولي أمرهم يقومون بما كان ينهون عنه بالأمس لا خير فيهم هم ما الانعام بل اضل سبيلا 
2534,اسمتعت وشوقتنا لعمان😍 اتمنى ازورها 
2536,الخروج من الوطن خطيئة لا تغتفر مهما كانت الايام قاسية فما من شيء اقسى من الحنين الى الوطن 💙 ويلكم باك تطلعوش منها لحديت ما تطلع منكم 
2537,@User.IDX الله يحميه هو وعائلتوا .. حسبي الله ونعم الوكيل .. صرنا في عالم بخوف 👎.. 
2539,@User.IDX مشان يحبوا السيسي ويصوتوا له😒🤣🤣 
2542,عندما يتم تحريك الدعاة والممثلين بالريموت عندها لا داعي لهيئة الأمر بالمعروف وكتاب السيناريست 
2544,@User.IDX لا تأخذوا بحديث سعد...لقد فقد الشرعية مذ جلس بالقرب من خاطفه مبس. 
2546,‏قمـة الأدب أن تُنصت إلى شخص يُحدثك في أمرٍ أنت تعرفة جيداً وهو يجهله .مرحبًا بكم 😊 
2547,كل سنه وانت طيييييب جدا بقى ❤ والحلقه دي من الماضي 😂 عايزين حلقه من المستقبل 😂😂 
2548,نيكولاس انت بتجنن اخيرا في حدا بيحكي عن جواتنا نحن الشباب وبعبرنا عنا وبيلمسنا من جوا شكرا الك 
2549,اقسم بالله اني دمعت ، الله يكتب لهم سعادة اضعاف البؤس اللي شافوه، و يعوضهم عن طفولتهم اللي ضاعت 
2550,❤اللهم صل وسلم وبارك على سيدنا محمد💙سبحان الله وبحمده سبحان الله العظيم💜استغفر الله العظيم من كل ذنب عظيم💛لا اله الا انت سبحانك اني كنت من الظالمين 
2551,@User.IDX والله انه لعيب كبير أن يحكم الجزائر رجل مريض مثل هذا..رجل محتط.. ونحن لا نشمت من مرضه..ولكن العصابات الحاكمة هي من تستغل هذا الرجل المغيب عن عالمنا..لذا يجب على هذا النظام أن يرحل وسيرحل عاجلا إن شاء الله تعالى. 
2554,وفرج قريب باذن الله على فلسطين 
2557,IOS ليش اختصرت سالفة عبد الله السبع ؟ صوته لحاله يذكرني بشرحه لتطبيقات ال 
2558,الحكاية بختصار الانسان في اغلب حالاته هو سيد الموقف فهو من يحدد ان يكون خير او شرير طبعا هناك عوال تلعب دور أيضا من اهمه التنشئة 
2559,اسم العالم فيلهيلم غونتجن 🙄 .. والحلقة روعة جد 👌🏻😍 
2560,مختصر قصة دراسه لمى ( وراء كل امراءة ناجحه رجل عظيم يدعمها ) الف مبروووك لمى حبيبتي الله يوفقكم دائما و يخليكم لبعض و يبعد عنكم الشر ياااارب تستاهلو كل خير 
2561,@User.IDX كانه معهم فئران تجارب!! ولكن بعد الكوارث الي صارت مابعرف كيف يركبوا هذه الطائرة 
2562,عنر ابغا اسير صاحبك السري مع اني جديد فالقناه وشفت ثلاث ارباع الفديوهات 
2563,كنت متوقعه انزل اشوف التعليقات كلها سب في محمد سال ليييييييييييييش كلو زق كلكم 
2564,كلم يا بلحة بيقولك نسبة مشاركة ٣٠ في المية.. بيغلط فيك😂😂 ميعرفش ان محدش نزل اصلا 
2565,@User.IDX انت متأكد يا كرف ! محمود عبدالعزيز فى فيلم الكيف 
2566,"""تعقيب صغير بس عن فكره اللغه العربيه مفهاش ادق واليابنيه فيها ادق ربنا قال """"وعلم ادم الاسماء كلها"""" ربنا علم سيدنا ادم اسماء كل حاجه قبل نزوله الارض ودا كان سبب مهم جدا لسهوله الاتصال ما اعرفش اللغه اللي نزل بيها سيدنا ادم بس اكيد مدام نزل القرأن بالعربيه فهي لغه مش ناقصه زي ما انتي بتقولي هو بس فقر علم مننا باللغه ودا فارق مهم جداً بدليل انك لو فتحت المعجم في كلمات كتير ما بتقدرش تفهمها """
2567,واخيرررااا لاقيت سبب منطقي وعلمي لحالة الاكتئاب المزمن الي صايبتني !! اثاريه الاكتئاب هو رؤية الواقع على حقيقته ... لنا الله لكان :( 
2568,تحية من فلسطين للشعب المغربي الأصيل والطفلة أمجون ووالديها. بارك الله لكما في التربية الصالحة ورزقكما برها وبر إخوتها. 
2569,7سموات وانا اخذ الأدوية النفسية عندما قررت التوقف عنها ذهبت إلى طبيب نفسي آخر فقام بتشخيص حالتى على أنها تشيزوفرينيا والطبيب الأول شخص حالتي على أنها اضطراب ثنائي القطب(بيبولار) الآن انا بخير والحمد لله 
2570,@User.IDX @User.IDX الله يكون معه ويفك كربه..حسبنا الله ونعم الوكيل 
2571,@User.IDX اقولك ياحسن لا تحشر انف على الجزائر نحن الشعب الجزائري لانقبل ان يتذخل أحد فينا عندك مشكل مع اي بلذ خليك فيه 
2572,@User.IDX احسن تستاهل ماحد جبرها معاها عقل تفكر فيه مين ياخذ سلفي مع نمر واحد نفسيه نفسيته في خشمه خلو عنكم الهياط بالله 
2575,@User.IDX #الإدماج_أوالبلوكاج نحن اساتذة المغرب نعلن عن اضرب لمدة اسبوع احتجاجا على التهديدات التي نتعرض لها من طرف الحكومة لأننا طالبنا بالإدماج الذي هو من حقنا #Intégration_or_blockage 
2576,تتزوجيه ويتزوجك وتتزوجوا بعض 😂😂😂😂😂😂😂😂😂😂😂😂😂😂😂😂😂😂😂😂😂😂😂😂😂😂😂😂😂😂😂😂😂😂😂😂😂😂😂😂 
2577,‏ببالغ الحزن والأسى ننعى ضحايا حادث قطار رمسيس في القاهرة ونسأل الله العلي القدير أن يلهم أسرهم وذويهم الصبر ‏والسلوان قلوبنا مع الشعب المصري 💔🇪🇬 #اردني 
2578,@User.IDX وتركيا وايران وش اخبارها يا قطر ؟!!! 
2579,@User.IDX هجوم مبارك وشرعي .... الى الأمام 
2580,سلامات يا نيكولاس ما ع البك شر ...خالدي اعملو كاسة ليمون وزنجبيل 🍵😇 
2581,تعا لعنا عسورية ....نحن مناخدك ومنفتلك 😅 
2582,@User.IDX ترامب كانوا بقول يلا نولعها حرب عالمية ثالثه عمى بعيونوا تافه 😷 .. 
2584,@User.IDX اتخذوا آيات الله لهو ولعبآ أبشروا بغضب الله وعقابه حسبي الله ونعم الوكيل #المغرب 
2585,اطلع على سيرة صاحب موقع علي بابا 
2586,أنا أول مره اعلقلك بس انا متابعك من زمان السوال ؟فين الإله من معادلاتك ؟؟ 
2587,@User.IDX مسئول إسرائيلى قال قبل كده إن ما يحدث بيننا و بين الحكام العرب فى الغرف المغلقة مختلف تماما عما يخاطبون به شعوبهم 
2588,فيه نادي رجال ونادي نساء بشارع عبدالله سليمان حي الفيحاء 
2589,وانا صايمة سايبة الفيديو و الكلام اللي ف منتهي العمق والفايدة و مركزة ف الخيارة 🐸😢💔😂 
2590,ههههههه يوجد بحر كبير٩:٤. وفي بحر بركه 
2591,الى ماذا يهدف هذا التلميع لهذه الشخصية.. بينما سجون الاحتلال مكتظة بالمناضلات و المناضلين الفلسطينيين؟؟؟؟؟ 
2592,البنزين فى مصر كل يوم سعره بيغلى مش بيقل 
2594,المراءه حتى ولو كانت قويه تجد انهامبرمجه بشكل او باخرى ع مايردونه اعداءها منها اي تجلس وتمثل العهر والفساد ع اساس انها امراءه معاصره وقويه وشتئ بين القوه والانحلل وبس 
2595,ياخي كلما اتابع قناتك يجيلي ابتسامة بشكل تلقائي😁 
2596,انتو سيبين الموضوع الاساسي ومسكين في الجزيره عرفين ليه الحكومات وحكومات الانقلابات ضد الجزيرة لان بتفضحهم ومع كل التضليل والتدليس الي وصلوله هي الحكومات لسى خيفين من شوية الحقيقه الي بتنشرها الجزيرة. عرفين ليه الجزيره في فطر؟ عشان الراجل معندوش الي يخاف منو مش الجزيرة اي ممنبر اعلامي اي حد يخاف منو بيكون ع دماغو بطحه بعدين احنا مش عيشين وشيفين الانظمه والحكومات والرئساء ولاد الحرام هي الجزيرة بتغيب خبر من عندها ارحمونا يا لما ضحكت من جهلها الامم 
2597,نعم الدعوة للاسلام لابد ان تكون بكل الطرق والوساىل الحضارية وخاصة بالتمسك باخلاق الاسلامية التي يحث عليها ديننا الحنيف وان نكون احسن قدوة 
2598,بتمنى تعمل حلقة عن السيسي وهو يحكي عن موضوع اعمار سوريا😂😂😂 
2599,@User.IDX الحلقات الي شفتها خلتني اتجنب الباقي بس اخوي يقول في معضمها موجود الصوت . وفقكم الله للخير . محب في الله 
2600,ليش تكتب بل انجليزي اكتب بل عربي انت عربي واحنا عرب سهلها علينا وعليك واكتب بل عربي 😠😠😠 
2601,"ماشاء الله فيديو جميل وضحكني شكلك الحزين ,, وعجبتني إنو نختار الناس اللي نبيهم يكونو معانا فعلا "
2603,"الضرائب تصل ل ٥٠٪ , والنظام الصحي مجاني لكن غير قابل للاستخدام حيث تحتاج اشهر لتقابل طبيب , تكاليف المعيشة مرتفعة نتيجة الضرائب علي كل شيء وقد تنتظر لسنوات لتجد سكن , بالاضافة لانقسام المجتمع الداخلي عرقيا وطبقيا ودينيا "
2604,"تقرير السعادة العالمي لا أعتقد انه مرجع ثقة ويمكن اعتماده كمرجع علمي... ولكن يمكنك الأعتماد على تقارير مثل نسبة التقديم على هجرة, نسبة الأمراض النفسية المسجلة (بالرغم من انها غير دقيقة في بلادنا والدول الفقيرة) ونسب الجريمة والتحرش واللأغتصاب... هاذي هي المؤشرات وغيرها هو فعلا نسب السعادة وليس انك تسأل شخص ماشي فالشارع هل انت سعيد ام لا... حتلاقي شعوب مطحونة وبتبكي دم اخر الليل وفالآخر لما تسأله الصبح سعيد ام لا يقلك طبعا سعيد "
2605,@User.IDX من امن العقوبة اساء الادب 
2606,يارب فرجك علينا يا الله 
2608,@User.IDX مافي تحدي كلهم مشاءالله رشيقات وضعاف ، لو عندنا جان الزوج اصبح جباتي😂😂😂اخخ 
2609,ياخي عمر حسين يتكلم كلام حقييييييقي 🔥🔥 زوووبد بس 
2610,طيب ما كدا هيبقى الأجنة الناتجة نسخة مطابقة من الأميعني تكاثر لاجنسي 
2612,@User.IDX @User.IDX ...لا حول ولا قوة الا بالله و بنته الصغيرة؟... 
2613,لانها نجت .... ممكن تبقى فراخ مشوية لكنها نجت 😂😂😂😂😂😂😂😂😂😂😂😂😂😂😂😂 
2614,ملحد ....ويجب على المسلمين ان يتخذوا من قادتهم المؤمنين قدوة وليس شخص لايؤمن بالله وتاريخنا ملئ بالشخصيات العظيمه 
2615,@User.IDX @User.IDX اللهم فرحة في قلوبنا التي جافاها الفرح كفرحة ذلك الطفل الذي لم يعد في قلبه مكان فائض لفرح آخر من شدة فرحه يا الله أجب بحقك العظيم 
2616,"""و الغريب أن """" الدول السبعة """" التي سيعلق ترامب منح التاشيرة لمواطنيها و هي العراق , اليمن , ليبيا , اللسودان , الصومال , سوريا , و كلهم لم يبدوا أي رد فعل ( و من متى هذه الخرب تهتم لأمر مواطنيها ؟ ) باستثناء إيران التي أبدت رد فعل حين تعاملت بالمثل على هذا القرار . """
2617,دخلت اتبرع وعبيت كل البيانات لكن للاسف ماعندي رمز بريدي، ساعدوني فضلًا ايش الحل؟؟ 
2618,ارهب انسان في الحياة :) 
2619,@User.IDX ترا اغلب المتابعين لك سعودين لاتقعد تشغلنا انت والتركي هذا لانقفل حسابك بكبره 
2620,@User.IDX حسبنا الله ونعم الوكيل على السفهاء وتجار الدين يبيعون دينهم من أجل المال 
2623,ظهر الفساد في البر والبحر بما كسبت أيدي الناس ليذيقهم بعض الذي عملوا لعلهم يرجعون 
2624,جديا احب فديوهاتك مره ممتعه و مفيده وبنفس الوقت عفويه جدا وبسيطه وبعيده كل البعد عن التكلف ، ربنا يسعدك 💛 
2625,مافي بعد المنسف البلدي والجميد الكركي ترا الشاوراما عنا بسلكو فيها مع قلايت كبده عاى بين ما يجهز الغدا وان في جاج لنقرشه ما بقولو لاء ههههههه جماعتنا حطو ياجوج وماجوج مداليه شوف كرت المنسف تقول صخرة منجنيق ولا كرة ثلج تدحرجت بل لفوق ضد قانون الجاذبيه 😈 
2626,السودان معـلم الشعوب لذلك لايهمنا من يسـئ الينا بجـي وقت نرد عـلي كلامهم السـودان-ارض الجمال والنيل حضارة ممتدة يكفــي عندنا نيلـين وجيــش قــوي جــدا يقاتـل داخل السودان وخـارجها 
2627,@User.IDX الزياده برواتب المصريين تقتل قناة الجزيره و تبكي قطر فلا يفرح ابليس بخير يصيب المسلمين 
2628,@User.IDX حقيقة يراد بها باطل الان اصبحت الحرب عسكرية وتدخل مباشر لبسط النفوذ وتقمص هيبه القوس المحتل وما يحدث في #اليمن اكبر دليل على ذلك 
2629,@User.IDX كانت مظاهرات سلمية راقية ، لا تضللوا الناس ، هذه الصور هي فقط عندما وصلوا إلى قصر الرئاسة لكن سرعان ما عاد الشعب والأمن سلميين معا . الدولة والشعب خاوة خاوة . كفاكم تضليلا للشعوب وتزويرا للأحداث . انقلوا الأخبار بكل مصداقية وأظهروا الحقيقة . الم
2630,عمر طريقتك تحسسني ان القصة كلها كيسسسس 😂😂😂😂❤️❤️❤️❤️❤️❤️ 
2631,عمر .. هل تشاهد قناة هدى الإنجليزية في بريطانيا و تدل الناس عليها .. ممكن تشاهد القناة عبر تطبيق القناة على منصة أندرويد و آبل ..huda tv .. و أتمنى أنك تنشره يا غالي 
2632,@User.IDX يعني حلال عليهم ك سلاطين وحرام على الشعب الأولى ان تقطع يدهم التي سرقت اموال بروناي وتم واستثمارها في اروبا هم من يعيشون حياة البذخ وذلك بأموال الشعب 
2633,@User.IDX لماذا لم تنقل الجزيرة تصريح النائب الامريكي كراهام الذي كانت تنقل عنه كل تصريح آبان أزمة مقتل خاشقجي؟؟ الرأي والراي الاخر يوضع جانباً عندما يتعلق الامر بشؤون ايران وتركيا ولاة أمور دويلة قطر. <url> 
2634,@User.IDX طيب والمسيحيات اللي في الدير عندهم محجبات وشلون يفكرون هذولا 
2635,واو لاول مرا ما افهم 
2636,ياليت يكون في نفس البرنامج بس يكون للمتابعين 
2637,@User.IDX الحمدلله.. لم يأتِ الشتاء حتى الآن.. الأجواء مابين.. مغبرة وحارة ولطيفة إلى مائلة للبرودة 
2638,ماسم الاغاني الذي عرضها في الفيديو 
2639,انا أسمى سميرة سعيد أعتقد يجيب فلوس كتير اوى بس انا مش هبيع عشان يكفينى أن أى مكان أدخله و يتذكر أسمى محدش بينسانى عشان لازم اخد تعليق بما انى منتقبة و ف نفس الوقت أسمى كده ع اسم سميرة سعيد بس شكرا يا بابا ع اختيارك لاسمى 
2640,@User.IDX @User.IDX اللهم اغفر له و ارحمه و تجاوز عن تقصيرنا 
2642,افااا عليك عمر تروح قناتهم وتمدحهم قبل ثلاثه اسابيع قناة دين اسكوااد نزله كليب وبسبه اهل سنه مذهب اهل السلف الصالح وانت ماخذها عادي؟!! دولا اتهمونا اننا تكفريون وارهابيين ما ظننت منك كذا افتركت على حترد عليهم لاكني خاب ظني بيك ؟ :( ما اقول الا حسبي الله ونعم الوكيل على كل شخص ماعنده غيره بدينه ولا بمذهبه . 
2643,@User.IDX يجب ان ينتصر الحق عاجلاً غير اجلاً 
2644,خسارة ياليتني اتصلت داك اليوم 😕 
2645,مؤثر .. الله يحمي لبنان 
2646,@User.IDX تتباكون على الحرس الارهابي طيب خل تميم العنز يتجراء ويطردهم من قاعدة العديد اذا له سطله اصلا 
2647,@User.IDX من حقه يرفض 🙂 لان ماكان باقي الا البلنتيات بسس . 
2648,بالنسبة لرسمة اشواق المقصد نقدر نختار اما يكون عقلنا ابداعي او منطقي الجانبين ممتازين هذا راي اما اشواق اظن انها حابه الملون اكثر 
2649,@User.IDX @User.IDX @User.IDX كل ما يحدث الآن بظل الأنظمة الحالية القائمة من جميع الأطراف هي إنتصارات قصيرة المدى. وأجزم أن مهندس هذه الإنتصارات لا يعرف شيء عن المجتمع العربي الا من خلف الحاسوب،وممولها قائد عربي مخمور. نعم يمكن أن يحدث تطبيع وإندماج وشراك
2650,@User.IDX #الاتحاد_النصر إذاعة🎙 #البيان نشرة📰 أخبار الدولة الإسلاميـ،ـة🏴 السبت 22 شعبان 1440 هـ🔻 <url> 
2651,برنامج الصدمة يقلدون برنامج أمريكي في اليوتيوب 
2652,فقط للتصحيح، مدة الاحتكار حسب إتفاقية تريبس تبتدأ فور تسجيل الدواء كإختراع ملموس ماديا و ليس من وقت بدأ الابحاث، يعني العشرين سنة مضمونة لا وممكن تزيد لأكثة من عشرين سنة هدا ما يطلق عليه تريبس &quot;TRIPS PLUS&quot; 
2653,كل انثى في مصر يتم التحرش بها،حتى مصر. 
2655,@User.IDX الجزيرة تطلع اجرامكم وغدركم ومؤامراتكم وحربكم الخفي والمعلن على كل شعب عربي يطالب بحقوقه المسروقة وحريته المسلوبة من حكام ظلمة طغاة على شان هذا تحاربون الجزيرة ، الجزيرة قناة كل احرار العرب والمسلمين 
2656,@User.IDX بابا ترمب قائد اممي 😍 حاكم فيهم كلهم الله عليه <url> 
2657,@User.IDX الحكومة وعلى رأسهم ختيار الجن #السبسي 
2658,صبري على روحي ولاصبر الناس عليا نداوي جروحي بروحي ولامن يعلم بيا #مثل_تونسي 
2659,لقد اخطأ حين قال كأنك انت الدهر لو انصف الدهر فلم ينزه في كلامه بل مثل المخلوق هنا بالخالق واكمل بيته بمسبة انا الدهر لم يعدل حدثنا يحي بن بكير حدثنا الليث عن يونس عن بن شهاب اخبرني ابو سلمة قال قال ابو هريرة رضي الله عنه قال رسول الله صلى الله عليه وسلم قال الله يسب بن آدم الدهر وانا الدهر بيدي الليل والنهار. والله ورسوله اعلم 
2660,احبج مروة بس ستايلج القديم احلة احبج مروة😂😂😂 
2662,انت انسان اكثر من رائع لانك تقول الاشياء التي اريد ان اقولها و افكر فيها لكنك تعبر بشكل رائع و عفوي ارجوك لا توقف لان حبنا لك شيئ غير مادي شكرا ( متابع من الجزائر ) 
2663,يا احمد عاوزين حلقه عن ضرر الاشعاعات النوويه 
2665,@User.IDX قال تعالى (وَمَا كَانَ جَوَابَ قَوۡمِهِۦۤ إِلَّاۤ أَن قَالُوۤا۟ أَخۡرِجُوهُم مِّن قَرۡیَتِكُمۡۖ إِنَّهُمۡ أُنَاسࣱ یَتَطَهَّرُونَ) [سورة اﻷعراف 82] 
2666,شو اسم الأغنية إلي بتحكي عن المصالحة في الدقيقة  <url> الرد 
2667,شعب المورتاني شعب متواضع جدا 
2668,عمر حسين شعرك صار يشبه كابتن ماجد والله عن جد وانت كمان تشبه 
2669,@User.IDX نتوقع تحرك بطولي من ملك الاردن وطرد السفير الاسرائيلي واغلاق السفارة الاسرائيليه وما دون ذالك هو اسهلاك اعلامي <url> 
2670,0:56 اللي يعرف اسم الاغنيه يعطيني اياها تكفون 
2671,من الاكتفاء الذاتي إلى الاستيراد = الغزو الامريكي 
2673,@User.IDX ديما العرب ينبهرو بتصرافت الغرب وان كانت غير لائقة انا اتحدى رئيس المفوضية الأوروبية ان يترك هاتفه يرن في اجتماع على المستوى العالمي او حتى في اوروبا وانما هو استهتار واستصغار للمنطقة التي يوجد فيها،المسألة ليست احترام المرأة او زوجته وانما في ع
2675,انا منتظر تعملوا حلقه ع الفساد في اليمن و الظلم من الداخل و الخارج ع اليمن ..؟! 
2676,ذهب العرب لتحرير فلسطين .. فخسروا سيناء ..!؟ ذهب العرب لتحرير فلسطين وسيناء فخسروا الجولان أيضاً !؟ ذهب العرب لتحرير فلسطين وسيناء والجولان فخسروا غور الأردن أيضاً !؟ ذهب العرب لتحرير فلسطين وسيناء والجولان وغور الأردن ؟! فخسروا الجنوب اللبناني أيضاً !؟ ثم قررت الشعوب العربية أن تقوم بثورة على حكامها الخونة وأعلنوا عن الربيع العربي .. فحولوا كل أيامنا إلى صيف حارق !؟ نادوا على الجهاد والفوز بالجنة .. جعلوا كل أيامنا جنهم وسعير وسقر !؟ نادوا على تطبيق الشريعة الإسلامية .. جعلوا الناس تكره الدين !؟ 
2678,@User.IDX حزين جدآ ان تكون بلاد الحرمين البقره الحلوب حق ترامب 
2679,اذا كانت الرويا فيها خير علئ كل انسان عايش علئ هذه لارض الله يوفقهم 
2680,@User.IDX وقوف قناة الجزيرة وقطر مع هذه المظاهرات هي دلالة بأنها ستكون إيجابية للسودان والجزائر لأنكم انكشفتوا للعرب ياخونة العرب وأصبحت الشعوب واعيه بعد تحريضكم بالربيع العربي 
2681,هيئة تحرير الشام ليست النصرة فقط ولكن تريدون اختزالها بالنصرة لكي تقولوا انها منظمة ارهابية ! 
2682,@User.IDX احذر السعودية قبل ان تصب عضبها .. 
2683,@User.IDX المسكين هو كان مخطف من طرف هذاك سلمان . إذا هو لا حول ولا قوة 🤕 
2684,هاي كل كم يوم اروح اسبح هناك اني من حمام علي😁😁✌🇮🇶 
2685,@User.IDX كل هذا عشان نامق انطرد😂 <url> 
2686,داليا ضهرت في فيديو المذكرة حقت سوف نركب القارب 
2687,@User.IDX قوات الاحتلال التركية في قطر مع من ستقف ؟ 
2688,كنت ما اتابع مذكراتك ويمكن هذي اول مرة جداً عجبتني ما توقعتها كذا او يمكن حظي حلو 
2689,عمر يعطيك العافيه بس في شي ما فهمته اول الفيديو تقول ما بتجيب حزام عشان التوفير اللي تكلمت عليه في فيديو سابق وانه بتجيب قميص واحد اهم من الحزام ولما رحت جبت 3 قمصان بس لانك محتار في اللون ؟؟؟!!! (احترم عقلي ) 
2690,فيديو على الجرح شكراً عمر حسين كلماتك غير🌹🌹 
2691,أشكر لك جرأتك على طرح الموضوع، وعن تجربة لمن كنت في عمر المتوسط وطرأ على بالي تساؤلات كيف وكيف.. لقيت صد من امي واعطتني اجوبة غير محددة واضطربت ألجأ لصديقات الدراسة وأعطوني معلومات اكتر من الي كنت احتاجها.. انا الان عمري ٣١ ومقربة من اختي ١٥ سنة ودايما بحاول اني اكون معاها عشان لا يسير معاها زي الي سار معايا.. 
2693,الاسلام بعيد كل البعد عن مثل هذه الافعال المنافيةلتعاليم ديننا الحنيف اضن ان فرنسا تدفع ثمن افعالها وتحريضها اثناء مايسمى بالثورات العربيةوحقدها على المسلمين فالعرب هم صنعو داعش لتدمير وسوريا وليبيا وتونس وحتى الجزاير لكن ما صنعو سيدمرهم (ويمكرون ويمكر الله والله خير الماكرين) 
2694,عربي +AJ #نيكولاس عامللي بلوك ع صفحتك الشخصيه ليش 😂 بتذكر مره كتبت كومنت و من بعده بطلت اشوفك 😅 شكله الكومنت ضايقك 😒 
2695,@User.IDX كم حجم الصادرات من الغاز القطري للصين 
2696,الله يصبر السوريين الذين لم يدخلو الحرب امثال هذا العم ويريحهم من هالهمجية وينتقم من كل ظالم 
2697,مشكلة بسيطة تاتى ايام معدودة وتزول اشبه بالهجمة وتنتهى 
2698,اهمشي الطحلبي ذاكك انجلد وعنده ثلاثه دوري لا اشويه تحسنت حالته😂😂💔 
2699,@User.IDX نعم انها المغرب الاذان بلموسيقى الى اين وصل الجهل المغربي 
2700,شنو يعني كل بنت يعني مومنة ترا اشوفون بلواطن العرابي اصبح الحجاب للاسف مودة 
2702,انت رحت تجيب تفاح مالقتش ولا ايه 😂 
2703,@User.IDX وش عرفكم بالاتفاقية الا اذا كنتم مشاركين فيها 
2705,عزيزي عمر إذكر معك في المقطع الجاي حلب تحترق 
2706,تخيلوا كده لو انا رئيسه دوله تقولش دولتى هتبقى جنه على الارض 😂😂 
2707,@User.IDX ههههههههههه اجل ٥ سنوات من اكتفاء الخضراوات... ياسلام على التخطيط بعيد المدى ... الآن بدأ التفكير... ولكن المدة السابقة الم يكن هناك تفكير اكتفاء... هههه دولة تبني تخطيطها على ردود أفعال فقط أحلق شنبي لو تم 😁😁😁 
2708,يعني هالفيديو وقلته واحد مش فاهم وجهة النظر ع رأي احمد مساد 
2709,ودي اعرف شخصية خالدي الحقيقية 😂 
2710,يعطيك العافية وكلامك صح الصح والي بسمعلك عارف هالحكي نفسي انظر بنظرة متفائلة واحكي رح يتغير اشي 
2711,@User.IDX @User.IDX يعمي قوله خليه يحرر اللي عنده ويوقف استعمار افريقيا وبعدين يتكلم هزلت والله كافر زي كذا ويحكم فينا 
2712,الي بيلعب ببجي يخبط لايك 
2715,@User.IDX رباطة الجأش نصر أو شهادة✌ 
2716,والله المقطع ماش 😂😂😂 و البورغمات ينحط فالكبة 
2717,التـعميم لـغه الجهــلاء يـآ بـن حـسين. فكلمـة (الرجـآل) كلمـة تنميطيـه تعميميه لآ يقولهـآ الا جـآهل أو صاحـب نـظره قـآصره. سـآره لم تـذكر واقـع أن المرأه معلمـه ودكتوره وباحـثه واستشاريـه وفي البنوك ويـوجد وظائف كثـير تنـآسب المـرأه وبعضها لا يناسب الرجـل ، فساره اولاً منفصله عن الواقع او بمعنى تسمم الـبئر او خلـطت الاوراق. اولاً عممتو ثانياً لم تذكرو نقـطه الرئيسيه وهي ان المرأه تعمل لـكن انـت قلتهـآ وهي اعترضت أن (بعض) النساء اللي طبـق الاصل من ساره ، وساره نفسها ( هم اعداء انفسهم) وهم اعداء المرأه وهم السبب الرئيسي لتخريب سمعت عمل المرأه وتعطيله وايضاً سبب لي ردات الفعل المعيقه (لبعض النساء) معنوياً واحياناً عملياً بسبب الاعمال الشاذه الممارسه في بيئه العمل التي لا يرضى فيها من لديه نسمه من الخوف على بناته. عنمـآ تـأتي وحده متغربه منسلخه من ثقافتها ودينها يارجل الحرام تعرفه وتفعله وهي تعرفه يفرق حتى عن الشخص اللي يقع في حرام ولكنه ساهي عنه او لم ينبه عليه او حتى لم يصحح له ما قام به او قامت عليه الحجه. هل بيئـه لها ضوابط وشروط وكونتراكت اجتماعي في بيئه عمل اجتماعيه نعمم ويجب ايضاً .. لان العمل اللي بضوابط لا اختلاف عليه ، ولكن ساره ومن هم على شاكلتها ومن يطبلون لها عن جهل هـم يريدون عمـل بدون اي ضوابط وشروط لا تحط من قيم نساها البعض. فالي يعمل وناسي ان عنده دين و وجابات لازم يطبقها في عمله هو المشكلة الرئيسيه وهو المتمرد الاساسي. العمل الذي لا يوجد فيه قيم. في هاذه الحاله العاهره هـي أخلص النـآس بعملهـآ. العمل هو للمحافظ وليس لي الفوضوي والمنسلخ من هويته. ساره اذا راضيه بانها تعمل وهي سفور وهي (مسلمه) (ومتحرره) فانها ستعمل باخلاص ولكـن باعت القيم اللي دينها امرها فيه. فاتمنا انو تفتح كـــل فرص العــمل للمــرأه الشريفه ولكـــن هـذا لن يتحقق الا بعـد ان ينتهــي امثـآل ساره. -- 
2718,هل ما زلتم مقتنعين ان الحج حلال في هذه الايام؟ 
2719,ياريت تزودونا اخباره يهمني اعرف اذا كان نجح في نقص الوزن شكرا 
2720,الله يرحمه ويغفر له ويدخله الفردوس لاعلي 💖💔 
2721,@User.IDX الاخوة هذا الفديو مهم وهو الرجل المطلوب للسلطات السعودية لانه 75صفة من صفات المهدي <url> 
2722,@User.IDX واذا اعدمهم ظلم ! حسبي الله 
2724,إطلالة رائعة لمروة؛ لباقة وتلقائية وخفة دم.. استمرارها إضافة للبرنامج في مواسمه القادمة إن شاء الله.. 
2725,@User.IDX هاد الشخص من أحسن الموجودين عندكم ترا.. 
2726,الصراحة انا علقت متأخر بس بيكفي بيكفي انك بتحكي اللي بنفكر فيه وبتقوله بالزبط متل ما هو حابين نحكيه بس بنكهة حلوة....وبالنسبه الي انت أو الخالدي أو نأنأ كلكم احلى من بعض وبتكملوا بعض،....انا بتابعكم حتى من ايام العصر الحجري. 
2727,@User.IDX نجح الطواغيت في خداع شباب المسلمين ، فجعلوا جهادهم في ساحات الملاعب : ولاء وبراء ، نصر وهزيمة ، فرح وحزن ، جموع ودموع ، هدر للطاقات والاموال والاوقات من أجل كرة مطاطية ! <url> 
2728,ما تشرب سوائل لان يوسع البطن 
2730,الصحراء مغربية اما البوليساريو فهو لا يمثل الصحراويين كما انه متواجد بالجزاءر و هي حكومتها هي التي تدعم جبهة البوليساريو التي تقوم باعمال لا انسانية.اما الشعب الجزاءري فشعب شقيق و احبابنا.انما المشكلة بالحكومة و هاتة الجبهة 
2731,@User.IDX الاعلام العربي عيب عليكم انتو خليتوا نص الشعب العربي لاجئ لازم تشتغلو تفهموا الناس ان هذي الخطه في مصلحتهم مو تحرضوهم 
2732,😡😡😡😡 وين نأنأ و اليابانية 
2733,@User.IDX الشخصيه لهذا العام وليس الاسوع هي انهيار الاخوان ومثلث الشر : قطر و تركيا وايران وانهيار العمله القطريه 
2734,في كمان رواية يسمعون حسيسها بتحكي تعذيب من عشرين سنة..وكله اشي بخوف مش طبيعي فما بالكم هلا 
2735,@User.IDX اروع مافي حبنا انه ليس له عقل ولا منطق، اجمل مافي حبنا انه يمشي على الماء ولا يغرق. 
2737,@User.IDX الله يوفقه هالولد الايراني ما شاء الله تبارك الرحمن الرحيم 
2738,@User.IDX نظام قطر مثل ورعان الحارة اللي يلعبون كورة وينهزمون. 
2739,انا كجزائري لا تهمني هذه القضية 
2740,اه لازم شفافية عشان نفهم 
2741,شو عم تقول عيب ب2016 احكي هيك ! ليش مستغرب يعني !اصلا من 1400 سنة كانت المراة معززة مكرمة اكثر من هلا 
2744,هنا في البرازيل انبهرو في البنت المصرية ازاي محجبة وبتلعب اللعب ده بيقولو مش حر مش مش وواقفين جنبها وبيساندوها ضد الامريكية اللي لابسة البكيني بس احنا اللي دايما بناخد المجريات على مقاسنا وبالنقد دائما وبتقول نحن شعب الله المختار لا حول ولا قوة الا بالله العلي العظيم 
2745,الغوطة مو بس مواجهة بين النظام والفصائل المسلحة حسب تعبيرك. وإنما قصف روسي ومن طيران النظام للمدنيين بشكل يومي عم يقتل عشرات ومبارح تم توثيق مية شهيد، غير الحصار اللي صرلو خمس سنين واشتد من سنة وجاية 
2746,احس ان الله عز وجل حرم الانتحار لانه عز وجل يمتحن الانسان المؤمن يبغا يشوف العبد يرفع يده ويبكي في الثلث الأخير من الليل يبغى يشوف عبده عز وجل يشتكي له من ظلم الحياه وقساوه البشر عليه فيقول يارب ارحمني انا مريت بهذه الحاله وحاولت انتحر مره بس لما فكرت ليش حرام عرفت ان ربي يحبني لاني في ابتلاء وامتحان من الله عز وجل ولا يبتلاء الا المؤمن انا الان احس اني مكتئبه لاني مافي مستشاره آسريه الا وكلمتها مافي ولا دكتوره الا ورحت لها واحكيلهم عن مشاكلي صدقوني نصحيه لوجه الله لا احد يتصل على مستشار ولا مستشاره بالمجان انا جربتهم كلهم نفسيين يزيدونك على الحاله الي انت فيها والله العظيم وممكن يحسسوك بتأنيب الضمير ومع الاكتئاب والحالة الي انت عايش فيها تخيل بالله انتحار على طول واهلك يشوفوك مافي منك أمل صدقوني مالكم الا الدعاء وقول لا اله الا انت سبحانك اني كنت من الضالمين وخذ شاور كل يوووووم وحاول تقول في نفسك انا عايش عشاني وماابي شيء من احد وكلام السلبي لاستمعه وتجاهله سوي الشيء الي تحبه اذا تشوف نفسك طيب والكل قاسي معك قول الحمدلله معناته الدنيا باقي بخير لاني انا كذا طيب حاول لما تشوف رجال كبير تساعده ولا حرمه كبيره تساعدها وتصدق لو بريال واحد بس صوم الان الصوم فيه دعوه مستجابه ممكن تدعيها واستغل أوقات الاجابه بالدعاء في الثلث الأخير من الليل وبين الاذان والإقامة وعند المطر وياحبذا لو في مطر تطلع وتدعي بين المطر بتحس براحه بعدها اثناء السجود ابكي وطلع كل الي في قلبك ترا البكاء اثناء الصلاه فيه راحه حاول تجمع طاقتك للبكاء اثناء الصلاه اشرب مويه بارده وتوضأ بمويه بارده كمان او شيل كوب فيه مويه بارده وامسح فيه في وجهك وصدرك حتى مويه زمزم بنيه انها دواء للضيقه الي بتشعر فيها اقراء قران لانه فيه طمأنينه وفيه آيات بها بشرى مثل وبشر الصابرين اعتبر نفسك انت من وجه له الحديث اقراء وكان الايه الي فيها بشرى كأنها لك وهي فعلا لك وحط في بالك بكرا احسن بكرا احسن وكمان شفت فيديوهات عن قانون الجذب مره جميل بس لماتطبقه لاتكتب مثلهم المعجزة الكونيه مثلا عندهم تمرين عن أشياء بتسويتها اليوم واشياء تستناها من الكون حط بدل الكلمه هذي الله زوجل بيحققها انا كمان بسويه حسيته جميل وممتع بس لازم تستمروا فيه ونصيحه مهم جدا لوحسيتوا نفسكم ابغى دكتور نفسي روحوا لدكتور نفسي رح يعطكم حبوب الاكتئاب وهذا حل وانا كمان جربته لا يجي احد يقلك افرش سجادتك وصلي ويروح الاكتئاب قله على طول فرشوك في قبرك ان شاءالله لان الله يقول اعملو بالاسباب اولا وبعدين نفرش السجاده لأنو كيف بتفرش سجادتك زي مايقولو وانت تحس نفسك بتموت غير الخوف الي يجيك والله ماحد يحس فينا الا من عاش التجربه نفسها وانا عشتها وراحت ولكن رجع ياناس هذا المرض يعرقل على الانسان حتى في قيامه لصلاه لازم تثقفوا نفسكم مو معناته انه كافر لا يحتاج لعلاج عشان يتقوى ولما يتقوى بيقدر ينجز مهامه وأهمها الصلاه أتمنى قدرت افيد كل شخص بيعاني مثلي اخيراً افرح نفسك لنفسك عيش لنفسك وبس ابتسم لنفسك سوي شيء الي تحبه كل شيء تحبه سوه مو عشان فلان ولا فلانه عشانك وإذا حسيتي او حسيت اهلك متسلطين بشكل جنوني في حقوق الانسان موجوده ع تويتر اما تموت نفسك عشان اهلك في الأخير تموت ولا فكروا كمان فيك بيقولو ايش ضعيف ايمان وبينسوك حط الفكره هذي برأسك ان حزنو حدهم ثلاث ايّام اذا كانو مره يشوفوك انك منت مؤمن عشان كذا حب نفسك لنفسك وكلامهم في الهواء ولاننسى فأن مع العسر يسرا إن مع مع العسر يسرا وفيه تأكيد في الايه زي منتو شايفين وتأكيد من مين من الله عز وجل في احسن من ربي سبحانه والله يشفيني ويشفيكم من كل هم يارب ويجعل لنا مخرجاً من حيث لانحتسب ويفتح علينا يافتاح يارحيم وينصرنا على من ظلمنا يارب العالمين امين 
2748,مكانش الرايس كاين تصويرة  <url> 
2749,لازم يوجهولك دعوة للسفرة السعودية 🤣🤣 
2751,الطبخة رائعة بس الكلام ما عجبني الزواج نعمة بس العادة الاجتماعية و هذا الكلام في مواقع التواصل الاجتماعي موجهين ضد هذه النعمة و تسخيفها ربي يهديكم يارب 
2752,ياجماعه الزلمه عامل جهد وعم يحكي عن مشكلاتنا كعرب بين بعض ولحد هلئ نحنا بنتخانق وماعم نعتبربالنسبة للمبدع نيكولاس ماحدا بيطلعلو يحكي ولا حرف وحياة الله ما في برنامج موضوعي قد برنامجه وبيحكي عالكل لدرجة انو عم ينتقد حتى حالو من الاخير كوميديه خفيفة الضل وشخص مهضوم كتير وأهم شي مثقف وعرفان حالو شو عم يحكي 😘 
2754,عمر حسين برامجك افضل من مذكراتك ....🤗 خليك على اللي يعجب الناس 😎 
2755,هم الحكومة هو تجميع الضراءب 
2759,@User.IDX دليل علي عدم اكتراثه بمن أمامه 
2760,حبيبي يلي عم تتمسخر للملاحظة انو يلي بدو يشارك بالاولمبياد العالمية لازم يكون من ال6 الاوال من كل دولة بالعالم يعني هاد الترتيب 528 عالعالم بعتقد شي كتير منيح وانجاز بحد ذاتو وجب التنويه بس 
2761,تسكتوهم بلقمت عيش عن حقهم واراضيهم وقتلهم ولاكن لا يستطيعون محاسبتكم الله الوحيد الذي يحاسبكم 
2762,@User.IDX واشنطن وحلفائها ، يمسحون بشريفة وجارتها الأرض . 
2763,عايزين حلقة عن مثلث برمودا و ياريت ياعنى ترد 
2764,"""@User.IDX رفض أعضاء الاتحاد الأوروبي الـ28 اليوم الأربعاء القائمة السوداء للدول التي تشكل تهديدا للتكتل بسبب """"تهاونها في تمويل الإرهاب وغسل الأموال""""، وتضم السعودية. انقهررررروا """
2766,@User.IDX ستكون مرحلة إنتقالية بإشراف الحراك الشعبي 
2767,لو تعدل إعدادات كاميرا +S8 وتشوف هل هذه أعلى جودة تصوير فيديو أم لا ؟ وشكرا لك 👍 
2769,تصدقي بالله.......انا بستني يوم الاتنين يبجي علشانك😀 
2770,حسبى الله ونعم الوكيل على اللى كان السبب فى نكبه الشعب السورى العربى كنا فى الوطن العربى بنكبه واحدة وهيا نكبة الشعب الفلسطينى والان اصبحت كل بلاد العرب والمسلمين منكوبات يعنى اصبحنا فى بحر من النكبات دمرو الامه الاسلامية العربية باسم الربيع العربى بل هو الخراب والدمار العربى دمرونا باسم الدين والدين براء منهم هل ديننا يسمح بتشريد وتهجير المسلمين الامنين فى ديارهم ... حسبى الله عليك يا قرضاوى وعلى فتاويك الى دمرت بلاد المسلمين انت وحركتك الاخوانيه باسم الربيع العربى هذا هو الربيع الى دعوتم له ..دماء المسلمين فى سوريا وليبيا واليمن وتونس ومصر كلها فى رقبتك معلقة يوم القيامة انت وعلماء المسلمين رابطه الفتوى الخبيثة اين لك المفر من يوم عصيب تقف فية امام مالك الملك ولسوف تسئل عن كل فتوى حللت بها دماء المسلمين ...انا لست مع الحاكم الظالم ولا الحاكم الفاسق ... ولاكن الخروج عليه بسفك الدما ءوتشريد الامنيت وتخريب البيوت والديار وتقسيم بلاد المسلمين وان يصبحو طوائف واحزاب يتقاتلو ويسفكو دماء بعضهم البعض هذا ما نها عنة رسولنا الكريم وانت تعلم ولاكنك اصم ولا تريد ان تعلم انك تعلم عليك لعنة الله ايها الشيخ الكذاب الضال......... 
2771,بيع المخدرات افضل تجاره لكن لاانصح بها 
2772,@User.IDX هو ما حدد انه للمحجبات بس الحساسية الي تتمتع بها فرنسا خلتهم يظنون انه للمحجبات لانهم يكرهونهم 
2773,انت الي زيك المفروض متكونش على الفيس بوك او يوتيوب المفروض تكون في محطه محترما .. لكان حسبي الله ونعم الوكيل في العسكر.. أحمد جموس وابو ميار ومتخلفين قاعدين في العلام 
2774,الله يحفظك ويحميك من كل شر انت علمتنا ما لم تعلمنا اياه المدارس والجامعات الله يوفقك بحياتك 
2775,الله يرحمهم اليمن أصبحت مقبره لابنائها💔💔 
2776,@User.IDX ليش محتارين في الجواب اسالو حميدان عندكم يعلمكم 
2777,@User.IDX ماشي بالقانون هو في قانون في البلد دي 
2778,يا جماعه الخير فيه عالم ما عندها سكن وماعندها اكل ولا تعليم ولا مستقبل انتبهوا يا جماعه الخير كلنا بشر والله واحد والحمد لله على كل حال واي حال 
2779,@User.IDX المنشار يا حبيبي كفيل بتغيير المواقف 
2780,قتلتني ضحك لما جريت كان طفل بيضرب عليك 😂😂😂 
2781,ذيب ذيب ما ينخاف عليه 
2782,@User.IDX هههههههههه مفكر نفسه هيفضل رائيس مصر لغاية ٢٠٦٠ حد يصحيه يا جدعان ويقوله الشعب قادم ولن نتركه حتي لفترة رائسه جديده. مصر كل يوم ف مشاكل بسببه حسبي الله ونعما الوكيل #اطمن_انت_مش_لوحدك 
2785,@User.IDX ازمن لنا والقرارات نحن من يصنعها في العالم من ارد ان يكون صديق لنا فاهلا وسهلا به ومن اراد ان يكون عدو سوف نجعله كلب ينبح من قوة الوجع الذي ذاقه منا وايران وقطر وتركيا عبره نحن نهندس السياسة ع كيفنا وبي مزاجنا والعالم ينظر في ذالك SA <url> 
2786,@User.IDX نعم الي مسلم او فيه ذرة عروبه راح يقاطعهم 
2787,@User.IDX قولكم طب حديث وعلاج تقليدي هي تسميه خاطئه، لان الطب هدفه واحد هو علاج الامراض سواء طب اعتمد على انتاج الادويه في المخابر او انتاج الادويه من الاعشاب الموجوده في الطبيعه، لانه في الاخيره هو عباره عن كيمياء 
2788,هو انت عبارة عن نافذة تطل على كل شي محروم منو انا 😔 بس هادا الشي يبسطني لانو مشاهد الاخرين لي متعة 👍😃 
2789,@User.IDX الله أكبر الله أكبر الله أكبر ولله الحمد نصرا من الله وفتح قريب والصلاة والسلام على سيدنا ونبينا محمد وعلى آله وصحبه أجمعين اقترب الوعد الحق 
2790,عمر حسين ممكن اقولك شي ؟ 
2792,@User.IDX والشفي اللهم المصابين وداوي جراحهم وردهم الي أهليهم سالمين غانمين وكفي أخواننا في مصر شر الفتن والمحن ومكر الأعداء وكيد الفجار وبطش الضالمين والطغات المجرمين وكشف زيغهم وكذبهم ونتقم منهم فإنهم لايعجزونك ياحي ياقيوم 
2793,كالعاده بطل .. بس ياريت ترجعو الموسيقى 
2795,"@User.IDX دمج مُتقن في أغلبِه .. ليت المُصمّم دقَّق في تفاصيل تصميم الفِيَلَة, أو بالأحرى في الرجل الذي أضافه فوق الفيل, حيث أنّه نسِي إضافة الظِّل تحتَه مِمّا أثّر في واقعية الدمج "
2796,@User.IDX الجزيرة بعد مايجي خبر الهجوم على ايران 😂 <url> 
2797,يا اخي مش عم يكفينا حلقة بالاسبوع 😑منحبك يا اخي😐 
2798,@User.IDX الجزيره لاتدافع الا عن عملائها 😜 
2799,@User.IDX إنسانية العرب اصبحت في إعدام المعارضين والمتهمين؟ 
2800,الفراق الحقيقي ليس فراق الدنيا وحياة البرزخ الفراق الحقيقي هو ان يكون احدهم في الجنة والاخر غير موجود فيها🤕اللهم ارزقنا واحبتنا جناتك يا رحيم 
2801,لو عملت دولتي هسميها دولة الأمين 
2802,والله تستاهل لايك على الخاتمة ههههههههههههههههههههههههههههههههههه 
2803,@User.IDX ادينوا بقتل النائب العام وليس اتهام يعني؟ 
2804,قديمة من زمان عنا اياها في غزة 
2805,@User.IDX تَتَظَاهرُ - حينَ أُحِبُّكِ – كلُّ المُدُنِ العربيَّهْ تتظاهر ضدَّ عصور القَهرِ، وضدَّ عصور الثأر، وضدَّ الأنظمة القبليَّهْ.. #نزار_قباني 
2806,اخيرا عرفنا اسمك تشرفنا يا احمد الغندور 
2807,محلات الكشري خياراتها قليله كشري وطاجن عشان كدا عمري ماشفتها فاضيه ، دايما مووت ماشاء الله ، بالعكس بقا عند باقي المحلات اللى فيها اصناف كتير 😂 
2808,@User.IDX غريبه ماكتبتوا بحر فارس ترى شريفه بتزعل عليكم 😱 
2809,أنا أتابع السليط الإخباري من الحلقة الأولى فالموسم الأول الله يصلح أحوال العرب العنصرية فالحكومات ليست فالشعوب كلنا قلب واحدة لك كل الإحترام من الجزائر الفلسطينية ❤ 
2810,@User.IDX مشروع الترابط الأخوي الذي يحرص عليه النظام القطري ومن كان على شاكلته لهو أكبر من أعظم مشرع تنموي <url> 
2811,@User.IDX هذا وهم السعودية لاتهزة قضية صحفي كان على وشك ان ينطلق باكبر خيانه لوطنة بقناة واموال قطريه . علاقات الدول لاتحددها عمليه قتل علاقات الدول تحددها حروب بدات وشعوب قتلت ياخونة الصحافة وفجورها تركتوا الشعب الكردي يموت من اجل خاطر وعيون اردوغان فاين
2812,@User.IDX #ترمب_يرفض_استقبال_تميم أهم شي السيادة لحد يقربها ياجماعه 😂 <url> 
2813,@User.IDX زيارات ولي العهد اتفاقيات وعقود وصفقات باكستان الهند الصين خادم الحرمين الشريفين الملك سلمان بشرم الشيخ لحضور القمة العربية الأوروبية اوامر ملكية وراتب شهر لأبطال الحد الجنوبي وتعيينات والمراقبة من الشبك والنباح في انقره 
2814,فكره جميله. يا ريت تزورونا في الرياض في الديره في وسط الرياض عند الصفاه. 
2815,كأنه حاطط مكياج على عيونه 
2816,الامريكان والغرب اجمعو على الحرب ضذ الاسلام. هذه هي الحقيقه فقط. 
2817,@User.IDX حسبنا الله ونعم الوكيل ارهاب مستمر تمارسه السلطات السعوديه ضد من يعيش على ارضها، لم يسلم منه شيخ مسنّ ولا طفل ولا امراة ولا شاب!! 
2818,@User.IDX يا ريت عندي اخت توأم تروح عالدوام عني 
2820,خالدى دايما شغلك مميز بس بدءت تسمن ارجع للدايت مبسوطه انك اخدت وضعك بالبرنامج 
2821,بسم الله الرحمن الرحيم وَقَضَيْنَا إِلَى بَنِي إِسْرَائِيلَ فِي الْكِتَابِ لَتُفْسِدُنَّ فِي الأَرْضِ مَرَّتَيْنِ وَلَتَعْلُنَّ عُلُوًّا كَبِيرًا {4} فَإِذَا جَاء وَعْدُ أُولاهُمَا بَعَثْنَا عَلَيْكُمْ عِبَادًا لَّنَا أُوْلِي بَأْسٍ شَدِيدٍ فَجَاسُواْ خِلاَلَ الدِّيَارِ وَكَانَ وَعْدًا مَّفْعُولاً {5} ثُمَّ رَدَدْنَا لَكُمُ الْكَرَّةَ عَلَيْهِمْ وَأَمْدَدْنَاكُم بِأَمْوَالٍ وَبَنِينَ وَجَعَلْنَاكُمْ أَكْثَرَ نَفِيرًا {6} إِنْ أَحْسَنتُمْ أَحْسَنتُمْ لِأَنفُسِكُمْ وَإِنْ أَسَأْتُمْ فَلَهَا فَإِذَا جَاء وَعْدُ الآخِرَةِ لِيَسُوؤُواْ وُجُوهَكُمْ وَلِيَدْخُلُواْ الْمَسْجِدَ كَمَا دَخَلُوهُ أَوَّلَ مَرَّةٍ وَلِيُتَبِّرُواْ مَا عَلَوْاْ تَتْبِيرًا {7} عَسَى رَبُّكُمْ أَن يَرْحَمَكُمْ وَإِنْ عُدتُّمْ عُدْنَا وَجَعَلْنَا جَهَنَّمَ لِلْكَافِرِينَ حَصِيرًا {8} [.صدق الله العظيم 
2822,@User.IDX جميلة أوي و روحها حلوة اللهم بارك❤ ربنا يحميها ويبارك فيها ويزيدها قوة 
2823,انا متابع لصفحتك ولفيديوهاتك ، بس انت دخلت الاسلام والدين بالموضوع ، انا بدي اطلع من صفحتك بس قبل ما اطلع حابب اقلك ابعد عن الدين والتهي بالسياسه تبعتك ،وبشرين عبد الوهاب وبالبلهراسيا ، واخر اشي ( روح يا شيخ كرهتونا بالعروبه الي انتوا منها ) 
2825,تنفع تصير مدرس جامعهة 😭😭 وقسم اقلك ليا كم ابغا اعرف ماهوا الجاستا والحين فهمتني ياها في ثلاثة دقايق والله انت معلم 👍🏽👍🏽❤️ 
2826,@User.IDX وانتم جايبين لنا البابا حقهم تقولون ايش حريه كشششش عليكم 
2827,هذا نوع نادر جدا من الانسانية ،مشاء الله عليه وربي يكرمو كما كرم هاذي الحيونات ربي يجزيه خير من خيرات الجنة 
2828,اعمال خيرية في رمضااااااان ...يييييي و احسن تبدا مشروع مستمر لحدي بعد رمضان كمان ..يبقى رمضان نقطة الانطلاق ..دحين ييييي من جد ! 
2829,عمر البمبي ، يوم ميلادك 21/ ابريل؟ 😢😢 
2830,العرب هم ع رأسهم العراق ومن ثم سوريا ولبنان و اليمن و مصر 
2831,@User.IDX هنا الحقيقة .. افتح اذنك و اسمع كويس <url> 
2832,انا اتابعكم من ليبيا تحية لكم 
2833,@User.IDX انتم ياقطر معترفين قبل ترامب انتم سوسه اذا تركت اكلت الأخضر واليابس لاكن الحمد لله تم وضعكم خلف الشبك 
2834,ايه بقا علاقة الاصمعى وابو جعفر المنصور بنظارات الشمس 
2835,هههههه حلقة جميلة وكذلك أسلوب شيق لكن من اجمل الحقائق التي تكلم عنها كثير من الذكور غير مهمين بيولوجيا خليني اكون صريح معاك ومع نفسي 😂😂 احييك على الروح الرياضية 😁 
2837,كان عندي هواوي في بصمة الوش من 3 سنين. اوبشن قديم ايفون عملته 
2838,منوره ماشاء الله عليكي بتعرفي باللغات هههه بس طالعه احلا من العسل هههه Saja Al-Turman 
2839,@User.IDX جلالة الملك عبدالله الثاني بن الحسين المعظم ربي يطول بعمره 
2840,في معلومة غير صحيحة في الفيديو عن تكساس رود هاوس ان اللوز ما ينرمي بالارض. باقي الفيديو جميل و شكرا 
2841,ذكرتنا بالقذافي الله يرحمه والله ان كلمته في محلها (قد تندموون يوم لا ينفع الندم) الحين ليبيا وكر للدواعش والنفط حقهم يضيع قدام عيونهم الله يكفينا شر الفتن ويحمي بلادنا من الحروب 
2842,ي جدعان مفيش مانع ان الرفق بالحيوان مهم بس في انسان عايز أطراف صنعيه دا اهم😔😔 
2843,@User.IDX كل انتخابات تركية يهرتل كدة 
2844,نيكولاس 😂 ليش حاقد ع خالدي 😂😂😂😂 اول اشي بشع و بعدها صوتو مش حلو حرام 😂😂😂 
2845,ايتها الهرة ما الذي اتى بك الى هنا 😁😂اذهبي بعيدا عن صندوق القمامة 😂😁😀 ههههههه 
2846,كلنا معكن ياخواننا نحنا والله نحبكن كثير او زعلانين كثير على اوضاعكم هي سواء اهل سوريا او فلسطين انتو اخوانا او حبابيبنا نطلب من الله ينصر كلمة الحق او يحميكم او دمر اعداء الدين او الوطن هيدا الشئ لي بنقدر عليه الدعاء 
2848,@User.IDX تحذير إيراني بعد مشاركة الإمارات في تحريض الولايات المتحدة على إيران. 
2849,ع فكره اناا بصيت تحت رجلي😂😂 
2850,@User.IDX وانا بقول ليه جسمي بينمل بعد ماباكل الطبق ده 
2851,Asmaa Khalaf هوا كل الي ياكل خيارة وهو بيتكلم يبقي الدحيح لا يا نيكولاس سورى😂😂😂 
2852,انا كنت فى واصلى خلف أمام سعودى وكل صلاه يقرأ الفاتحه بالخطأ وكنت عايز اقوله مش عارف تقرأ الفاتحه خلى حد غير يصلى بالناس لحد ماجاء رجال مصرى وكان يصلى فى غاية الروعة والصوت جميل جدا 
2854,فالنهاية: شفتي؟ شفتي مين 😕؟ تحسب بنت 😂 
2855,@User.IDX واين اصحاب التسامح والتألف وحرية الاديان واصحاب استضافت البابا وغيره يشوفوا لنا التسامح هذا والحرية.. 
2857,معليش بس الزواج بيض ... جيبو مزمار وخلي الخشب يندار 
2858,يعني رميتو الاف السنين في الزبالة نسيتو قبل كم ألف سنة لما حميناكم من الحيوانات المفترسة وخضنا الحروب وانتو في البيت ياه ياخسارة ما توقعتها منكم يا xx 
2859,"""قال تعالى : """" فاستخف قومه فأطاعوه """" الشعب المصري ( الا من رحم ربي ) عاشق للاستعباد ولو كانوا غير ذالك لآمنوا بموسى ورحمهم من استضعاف فرعون لهم ، وها هو السيسي يطبق اجندات فرعون بحذافيرها """
2861,صايم .. والله فاجأتني 😍 
2862,@User.IDX لا يمكن أبداً لدول مستبده انت تنتقد استبدادا ودول الحرية(كما تقول) تنظر لمصالحها اولا ودون اي اعتبار 
2863,و إحنا بنختار هناكل إيه 💔😂😂😂 Eman Ali Ahmed...الراجل دا مبدع أووى ما شاء الله 💙💙 
2864,@User.IDX لا و الف لا يا روح ما بعدك روح 
2866,سوي درس كيف تعلمت انجليزي 
2868,وااااو توحشناك بزااااف نيكولاس 😍😍😍 
2869,@User.IDX نصف هذه الاتهامات كيدية وخصوصي انكن مبعوصين منه لانو باع السعودية اسلحة 
2870,انا اخر مرة واول مرة اروح صلالة قبل 3سنوات 
2871,الله يعطيك العافيه ❤️❤️لو فديو بدون موسيقى 
2872,منتاز بدال مااسافر واصلن مافي زلط اتابعك واتفرج ف الخارج الحين عرفت تص لندن وعرفت سياراتهم باقي المزز والا الكلام مافهمت شي ههههههههه 
2875,عاشت ايدكم الحلقه تجنن ومن نجاح لنجاح😍😍😍 عندي ملاحظه الي موعاجبه نيكولاس وفرقته ليش تابعهم وتغلط عادي.... لاتابع تراها سهله😏 
2877,@User.IDX لماذا لا يبوس اقدام من يقتل اطفال سوريا واليمن ؟ 
2878,@User.IDX ترامب بيقولك ياتميم هانزود 50% تمن حمايتك انت وامك عالقواعد العسكريه والجنود . 
2880,@User.IDX ههههههه ماشافت ماما ماعندها الا تلطيش😂😂😂او حرمان كيف لو احلق لخواتي والله لغير تحطني تمثال😂😂😂😂😂😂😂😂😂 
2881,حكاية تجميع علب البيبسي منتشره كثير في الاردن ..وانا شفتها بعيني ..تخيل كان اخوي يكب الزباله في مكلنها و يرجع و ينام و اهلي ينامو و كل الناس تنام 😪و في هذا الوقت و كل الناس نايمين وقفت على الشباك المطل على برميل الزباله كنت افكر بحياتي ليش هيك زباله ؛ مو عاجبتني الى ان جا ولد صغير و فتح كيس الزباله الخاص فينا و فتش فيه و اخذ منه علب البيبسي و كان يتأكد انه مافي احد بيطلع عليه و انا في حاله من الصدمه و اليأس و الحزن يالله يالله ايش الي مو عاجبني في حياتي الي فيها كل احتياجاتي الي فيها اهلي و كل شي مو متوفر لهذا الطفل . من الصدمه واصلت للفجر وانا واقفه نفس مكاني على نفس الشباك الى ان جا عامل النظافه الي ما معاه اي وسيله مساعده تساعده على التنظيف .. عربه مكسره اصلا هو الي عاملها و مصممها من اشياء بسيطه علشان تساعده ، ملابس مقطعه و مقشه قديمه ..و بدأ يجمع الزباله عامة و خاصة الي طاحت من الكيس اثناء اخذ الطفل حاجته كنت مركزه على كيس الزباله الي طلع من بيتنا قد ايش فيه اشياء مكبوبه يالله رحمتك . مش بس هيك بعد بشوي اجا رجل و بدأ ينظف كل سيارات الشارع و من بينها سيارة ابوي ، سياره بعد سياره ماكنت عارفه متى رح يخلص و ماكنت عارف ليش بعمل هيك بدون مقابل ....رحت انام و لما صحيت سألت ابوي حكا علشان المره الجاي اعطيه مبلغ على جهده و هيك' بس الصدمه انو في ناس كثير ما بتدفع له حقه و مرات ببهدلوه علشان نظف سياراتهم 😔 صرت كل يوم اسهر علشان اشوف الطفل بس في صدمه اكبر اكتشفتها بعد مراقبة 6ايام انو مش نفس الطفل بجي كل مره بل في رجل و مره ولدين و مره مجموعة اطفال يتسابقو مين يجمع اكثر ومره اجا الطفل و اخذ حاجته و اجا بعد ه الرجل و ما لقى شي الظاهر انو عرف انو في احد سبقه . و مارح احكيلك عن الي بجمعو خرده كيف من صباح الله و قبل لا يصحا الناس بلفو على الشوارع وبياخذو الخردة مع اهتمام بعضهم انو ما حدا يشوفهم . انتهى . كلها اشياء صدمتني كإنسانه مقيمه في السعوديه مابطلع من البيت الا الى المجمعات و المنتزهات و غيرها .. الحين منجد انتهى 
2882,@User.IDX اخواننا العرب هل عرفتو الحين ان الجزيره تابعه لليهود وان قطر وتركيا وايران سلاح لسرائيل لتقسيم العرب والاخوان منظمه اجنبيه انتبوه 
2883,كم انت رهيب يا عمر حسييييييين و الحب فين 
2885,على بالي التشييك دولة التشييك😂😂😂 
2886,صور مع احمد الشقيري لوحده 
2887,مع إني بنت بس ما بحبها في نفس الطريقة إللي بعض البنات بحبنها فيها... يمكن تجي ع بالي مرة في السنة... 
2889,شكرا على الموضوع الجديد الذي يهتم بالصحة الرجاء المزيد من هذه المواضيع التوعوية وشكرا 
2890,كل عام وأنتم بألف خير أتمنى تعجبكم الحلقة بحبكم كلكم نفر نفر بلح بلح ❤ 
2891,واللهي أنا لما بروح محل اشتري شنطه بفضل اقعد ساعه مش عارفه اختار وكنت فاكره إن دي مشكلتي لوحدي 
2892,@User.IDX اللهم اغفر لهم اللهم ارحمهم 
2893,@User.IDX اغرب حدث رياضي في عام ٢٠١٩ لحد الان !! حسيته محترف في نادي النيل الحصاحيصا ههههههههههه لاعب يرفض تبديل مدربه هاذا وهو محترف في تشيلسي !! هزلت 🤷🏻‍♂️ 
2894,الأردن جابت ميدالية ذهبيه بدون أي ميزانية 😊 
2896,الحين الفلورز ١٩٩ الف و ٧٠٠ قريب يا عمر 
2897,اليونان بلد جميل جدا بس شعب زبالة بدك تنتبه منو كتير ابوي عاش باليونان خمس سنين وانا رحتلا سياحة بنصحك تروح على جزيرة كريت 
2898,اول فيديو اشوفه لك بس عجبني موضوعك 👍🏻والنهايه.. 😂💔🙇‍♂️ 
2899,بغض النظر عن حبها للخيل الذي قد يجعلني اغبطها لالتحامها به وهو من أعلى طموحاتي ولكن مظهرها ما كان يجب أن يأخذ منحى رجالي حتى يتقبلها المجتمع. المحافظة على المظهر كانثى هو أيضا يحتاج منها لإعادة تفكير. لانو كل ما كبرت أكثر كل ما راح تندم على هذا المنهج. مع كل الحب والتقدير لها 🌸 
2901,@User.IDX ما همنا العالم ما يقررة القضاء المصري سينفذ رغم انف العالم 
2902,رحتى ما عنده مهارة الحوار 
2903,كل الكلام الي اتقال ده. كويس بس فكرتو مين . يدير. هذه العصابات. هم من. يصدرون. القوانين الدولية. التي. ذكرتوهاااا. في الفديووو. وشكرن وعلي فكره هذه التجاره تعمل علي زيادة ميزانيات الدول التي زيها زي المخدرات والسلاح. تقدر تقوالي مش ممنوعة ليه وهما عرفين مين الي بيصنع وبيبيع وبيوزعها هتقوالي الدول بتحاربها وحطين قوانين تعاقب عليها بس ده بيتم تحت إشراف الدول واصحاب القوانين العالميه . 
2904,@User.IDX مين شاف المقطع ذا عن شلال النار 😱 <url> 
2905,@User.IDX والله قضية جمال خاشقجي وضياع حقه بعدم محاسبة المسؤولين عنها بس عشانهم اصحاب مناصب امر مخزي ومحزن للبشريه اجمع...حسبنا الله ونعم الوكيل. 
2906,"""@User.IDX اجمل خطأ عند يكتب """"النائبة فلانة في البرلمان الفلاني"""" كلمة نائب لا تؤنث النائبة هي المصيبة """
2907,ي ليت كل واحد يتكلم في مجال تخصصه 
2908,Doda Heba Gehad واحنا اللي قاهرين نفسنا في الماجيستير وأدي العلاج الحديث لكل حاجة التخصص اتضرب يا جدعان احنا نقفل القسم والعيادة ونفتح منحل 🐝🐝 
2909,قلة ادب أهل اليمن شرفاء انتي ماتمثليهمالحجاب وماأدراك مالحجاب 
2910,تقاريركم رائعة استغرب من قلة المشاهدين 
2911,@User.IDX دي مشكلتهم مالنا دخل نحنا اللي فينا كافينا خاشقجي اللي هنا ده البقتلو منو ؟؟ 
2912,@User.IDX الموسيقى مو مناسبة أبدا لفكرة المشهد @User.IDX 
2913,حبيبي نيكولاس هاي لايك وتعليق قبل لاحضر الفيديو متابعتك من الجزائر و بحبك بزاف يزلمي بتجنن ❤️💚🇩🇿 
2914,ستيفن هوكينج صار عالم ؟ غريبة بعضلة خده استطاع ان يكتب عشرات الكتب وانتم مصدقين؟اذا بيدي بكتب في قوقل حقعد سنة 
2916,الضريبة هو سرقة الاموال من الشعب 
2918,"اهم شي صورة المغربية اختلفت عن الصورة النمطية الشائعة خارج المغرب في هذا الفيدو ,, "
2919,@User.IDX اللهم يصومو ولا يزدقو ني تأهل ني صيام ( لا دنيا ولا اخره) 
2920,برضو ليه الحرامية مشهورين بالتيشرت المخطط؟؟ مش هازهق أسأل نفس السؤال 
2921,لازم يكون في وعي للناس يلي بتابعكم كمان لانو لهلا مابيعرفو انو كل اخباركم مفبركة وكذب 
2923,@User.IDX مادام يعزف #النشيد_الاسراييلي_في_الدوحه فلا غرابه بان تقتل اسرائيل اهل غزه وخاصه ان من يحكمها صهاينة العرب <url> 
2924,تقريرك ناقص جدا وحتى ربط الامثله غير موفق. خلاصة قولك هو ان المهووسين نتيجة افعالهم هرمونيه او جينيه وليست نتيجة تنشئة اجتماعيه او مسالة اختيار. 
2925,هل من مبادرة لتبادل الارض مع مصر لتحرير فلسطين مدة عام واحد عذرا فلسطين لو جينا جيران لما كان الحال أفضل بعون الله تعالى 
2926,اهم شي الاصرار اهنيك 👏👏👏 
2927,تخيل الشباب و الفتيات المسلمين عندما يرون شاب يخطب فتاة ويحضنها في الشارع سيسوء أخلاقهم لذا أنا ضد 
2928,راى سطحى من فريق العمل لان الغابة ديت معروفة جدا فى اليابان والى بيتابع انمى يبانى بيبقا عارف الغابة ديت و كمان الغلط منو فى حد يروح غابة معروفة بحالات انتحار دا تقريبا بينتحر فيها 5 او 6 كل يوم يعنى اكيد هيلاقى حد منتحر فيها 
2929,ياعمر انت انسان عاقل وفاهم كيف فاتك ان الاتصالات عمرها ماراح تخسر لو قعدت عمرك كله مقاطعهم لا راح تفلسهم ولا هم يحزنون بالعكس هم مفلسين الشعب ولعلمك دخلهم يفوق دخل ماتجنيه الجوازات والحج والعمره وحتى المرور...كلها حركات منهم يتظاهروا لنا انهم راح يخسروا ...انسى مامعك إلا اس تي سي. 
2930,لا باه تعال نتكلم انت بتقول مصر وحشة عشان وافقت علي مشروعين لقرارين املا في انهاء ازمة حضرتك تركيا عاملة اتفاقسات مع روسيا و بتدخل سوريا برضه عادي بسلاحها و بطيرانها الطرف التاني بيقتل الناس العادية زيه زي روسيا مفيش مبرر لضرب عزاء او تفجير عزاء السياسة بتتكلم مع الكل .... و انت عارف كده كويس و عادي اذا جايب شكري واقف مع لافروف .... فالسيسي قعد مع هيلاري و ترامب ...... مش هاتكلم عن لبنان .... انت فلسطيني اسما يا نيكول ..... 
2931,حكيتوا عمصيبة العريس ببلاد الشام ماحكيتوا عالعروس و كم الاختبارات اللي بتتعرضلها من قبل بيت الحماه حتى قبل ما توافق ما بيضل لا عمة و لا خالة و لا كبيرة و لا فهمانة الا و بتجي لتعاين العروس و تبدي رأيها فيها و هي ياريت بتكون راكزة و لا خرج تفتح تفتح تمها ليتم الموافقة بالاجماع و تنعطى شهادة الايزو لتكون مؤهلة لتكون شريكة ابنهم عنا العروس بتعاني قبل الموافقة و بعد الموافقة بتحسوا الزواج معركة مصيرية الرابح فيها خسران بسبب هالعادات و ممكن يفشل هالمشروع بسبب تعنت احد الطرفين و تمسكه بشي عادة بلا طعمة 
2932,@User.IDX هذا انتقام الله منهم بما فعلوا ويفعلون بالمسلمين السنه في كل مكان. وما فعلوه بالشعب السوري المسلم. سيدمر الله اتباع الخميني كما دمر كسرى واتباعه ونزع ملكهم اللهم لك الحمد. 
2933,@User.IDX نزاع على الكرسي لاصحاب البطون الوجه المرعب من الحرب والسياسة 
2934,@User.IDX الغرب يصنع التناقضات ، حفتر و غيره كلهم مسلمون يقتتلون فيما بينهم من اجل حكم ازلي وما من شئ،ازلي انما البقاء لله وحده 
2935,اول شئ اول موضوع اكرهه من القناه .الجيش الاجبارى لتربيه جيش احتياطى لحمايه الوطن .والفساد والحمد لله متفشى فى ربوع الوطن العربى ودائما القناه تتجنب الخوض الكبير فى مواضيع هامه فى بلد صاحب القناه .ونسأل الله أن يأخذ كل الفاسدين فى الوطن العربى 
2937,فكرت تيجي اليمن؟ في لاجئين هنا داخل وطنهم ... فكر 
2938,احس (الصالحون ) <اسم عائلة 
2939,حيا الله عمر في فكتوريا انا ساكنه جنب محطة القطار حيا عمر في حارتنا. 😆بس معلومه جديده اول مره اعرف جوجل عندهم مكاتب في فكتوريا..بالتوفيق في انتظار الفلوجات الجديده 
2940,@User.IDX الله يرحم جميع المسلمين يا رب 
2942,الحاجة ام الاختراع تحياتي لهالناس...الله يرزقهم يارب بلاستيك وطين وبيتك عامر ان شاء الله مع العلم بيوت زمان كانت عبارة عن طين وانا بيت جدي القديم بعدو موجود للحين من طين وصامد وكمان دافي رغم انو مهجور ومسكرينو الطين مادة قوة للبناء للي يعرفلو 
2944,العرب جربوا كل طرق الانحطاط الانساني والاخلاقي ، حتى وصلوا قمة الانحطاط والغريب انهم يجرون العالم معهم الى هذا الانحطاط 
2945,"""""""نوبل؟"""" اي ان يتساووا و دونالد ترامب بفرص نيل الجائزة. لا أعتقد بانهم ينتظرون جوائز فلا شيء يفي المنقذ حقه اكثر من فرحته بانقاذ روح. """
2946,يا لطيف ألطف بعبادك استغفر الله العظيم واتوب اليه لاحول ولا قوة الا بالله العلي العظيم انا اتمنى يرزقني الله بطفل وناس ترمي في فلذات اكبادها يارب ارزقني بالذرية الصالحة برحمتك يا مغيث برحمتك أستغيث يارب طال صبرى وجفت دموعي وتغيرت احوالي لما اشوف طفل يبكي قلبي يتمزق وتنزل دموعي 
2947,عمو عمر نبغاك تتكلم ضروري على كيونت لانه في ناس بيقنعوني انها آمنة وتجيب فلوس وجالسين يقولوا اني غبي، #انقذني_عمو_عمر 
2948,@User.IDX أُولَٰئِكَ الَّذِينَ اشْتَرَوُا الضَّلَالَةَ بِالْهُدَىٰ فَمَا رَبِحَت تِّجَارَتُهُمْ وَمَا كَانُوا مُهْتَدِينَ (16) 
2949,@User.IDX وإذا قاومتهم حماس قالوا عنها ارهابية البركة في السيسي واللي يدعمون السيسي . 
2950,@User.IDX ما أحلاهم 😍 نحنا ما بيتركوا الأم تعتب باب الجامعة هي وطفلها 
2952,كارثة بكل ما تحمل الكلمة من معنى منتج نفيس ينتج في بلد غالي يباع لأعداءنا ولأصدقائنا بعملة أعدائنا وعدونا هذا يتحكم في سعره فتارة يخفض قيمته وتارة يبدله ببضائع زبالة وتارة يأخذه بتصاريح كلامية لقد أصبحنا ملطشة 
2953,وين عنوان المشفى ؟؟ مع انو مافي احلى من التكنولوجيا طالعتنا من هلواقع البشع 
2954,أنا ودي افهم يعني هو عربي والجمهور أغلبه عربلي وفي دولة عربية لللليييييييييشششششششش يتكلم بالانجليزي ليييش 
2955,بما انني مغربية فانني لاول مرة اعرف انني لست عربية رغم انني اتحدث العربية الاخت سميرة هل انت من الاعلام المصري السيساوي فهو الدي يقول الغرائب 
2956,اللوحة كتير معبرة وجميلة للغاية👍👍 
2957,صدقوني سوف تبكي وأنت تقرأ... سألت السيدة عائشة رضي الله عنها رسول الله عليه الصلاة والسلام عن نزول هذه الآية: { يَوْمَ تُبَدَّلُ الْأَرْضُ غَيْرَ الْأَرْضِ وَالسَّمَاوَاتُ } أين سنكون؟ قال الرسول صلى الله عليه وسلم: سنكون على الصراط، وقت المرور على الصراط لا يوجد إلا ثلاث أماكن فقط: #جهنم #الجنة #الصراط يقول الرسول صلى الله عليه وسلم: ’’يكون أول من يجتاز الصراط أنا وأمتي‘‘ أول أمة ستمر على الصراط هي أمة محمد. #تعريف_الصراط: ’’يوم تبدل الأرض والسماوات‘‘ لن يكون هناك سوى مكانين الجنة والنار، ولكي تصل إلى الجنة يجب أن تجتاز جهنم ينصب جسر فوق جهنم إسمه ’’الصراط‘‘ بعرض جهنم كلها إذا مررت عليه ووصلت لنهايته وجدت باب الجنة أمامك ورسول الله صلى الله عليه وسلم واقفا يستقبل أهل الجنة (يا رب جنتك). #مواصفات_الصراط: 1- أدق (أرفع) من الشعرة. 2- أحد من السيف. 3- شديد الظلمة تحته جهنم سوداء مظلمة ’’تكاد تميّز من الغيظ‘‘. 4- ستكون تحمل ذنوبك كلها مجسمة على ظهرك فتجعل المرور إما بطيئاً إذا كانت كثيرة والعياذ بالله أو سريعاً كالبـــرق إذا كانت خفيفة. 5- عليه كلاليب (خطاطيف) و تحتك (شوك مدبب) تُجرح القدم وتخدشها (تكفير ذنب الكلمة الحرام والنظرة الحرام... إلخ). 6- سماع أصوات صراخ عــالي جداً لكل من تنزلق قدمه ويسقط في قاع جهنم. الرسول عليه أفضل الصلاة والسلام واقفاً في نهاية الصراط عند باب الجنة يراك تضع قدمك على أول الصراط يدعو لك قائلا: ’’يا رب سلم، يا رب سلم‘‘ (حبيبي أنت يا رسول الله ❤) يرى العبد الناس أمامه منهم من يسقط ومنهم من ينجو ولا يبالي، وقد يرى العبد والده وأمه لكن لا يبالي بهما أيضاً فكل ما يهمه في تلك اللحظة هو نفسه فقط. يروى أن السيدة عائشة رضي الله عنها تذكرت يوم القيامة فبكت، فسألها الرسول صلى الله عليه وسلم: ’’ماذا بك يا عائشة ؟‘‘ فقالت: ’’تذكرت يوم القيامة فهل سنذكر آباءنا ؟ وهل سيذكر الحبيب حبيبه ؟‘‘ قال الرسول صلى الله عليه وسلم: ’’نعم إلا في ثلاث مواضع: عند الميزان و عند تطاير الصحف و عند الصراط‘‘ أخي الحبيب أختي الحبيبة .. إصبروا ثم إصبروا على فتن الدنيا، إن فتن الدنيا سراب، فلنجاهد أنفسنا ونتعاون على أن نلتقي جميعاً في جنة عرضها السماوات والأرض. #يــارب_حسن_الخاتمة ولا تنسوا أن تعقدوا النية على جعل هذه الرسالة صدقة جارية لكم. اللهم اجعلنا ممن يعبر الصراط بسلام. فهل تعتقد بعد هذا كله أن هناك أحد يستاهل منك أن تحقد عليه وتضيع أعمالك بسببه؟ إسأل نفسك كم عمري؟ وكم تبقى لي في هذه الدنيا؟ بل هل تضمن العيش بعد ساعة او بعد دقيقه ؟! أو بعد ثانية؟! يقول إبليـس لله عـز وجل: {وعزتك وجلالك لأغوينـهم مادامت أرواحـهم في أجسادهم}. فيقول الله تـَعالى: {وعزتي وجلالي لأغفرنّ لهم ماداموا يسَتغفرونني}. أستغفر الله أستغفر الله أستغفِر اللّه .. أكثروا من الاستغفار .. اللهم اجعل تذكيري صدقة جارية لي ولوالدي وأهل بيتي وكل من أرسلها ولم تقف عنده ❤ ساهم بالنشر ليستفيد الجميع، والدال على الخير كفاعله ❤ لمزيد من المنشورات الراقية تفضلو بزيارة بروفيلي ، فضلا وليس امرا ، وشكرا لعقول الراقية التي شرفتني بزيارة او متابعة او اضافة 
2958,@User.IDX المقطع يحسسك بأنه على قناة إسرائيلية تسخر من العرب. اذا كان مقدمي البرنامج لا يعرفون كيف يلبسون الشماغ و العقال فليستعينوا بخبير أزياء، مع انهم أردنيون و الشماغ جزء من ثقافتهم. <url> 
2959,اجمل واحلى قناة. ..شكرا .واصلو ي ابطال 
2960,الله يوفقك ويرزقك وان شاءالله رب العالمين يفرجها على العراق وسوريا 😔 🙏 ✌ 
2961,والله العظيم انت افضل انسان عربي رايته بحياتي 
2962,عايزين اسبتالية زمان وحلقاتها مش دى وجو القناة اللى ضافتهولك دا ممل اوى بجد مبدأش الحلقة ولو بدأتها مبكملهاش طرح الموضوع سئ جدا مش زى زمان لو كنتى كدا من الاول مكنش جرا حاجة لكن من الاحلى للاوحش يبقى بتكملى غلط ياريت الاسبتالية القديمة ترجع 
2964,سوي حلقه عن ليش بعض الناس عندهم معلومات بس ما يقدرو يعبرو عنها او يشرحو ها للناس 
2965,حلقة جيدة .. بس بالنسبة للهروب مو شرط معتقل او سجن لكن اغلبهم يهربو عشان يشتغلو في مكان ثاني براتب اكثر من المتفق عليه بينهم وبين كفيلهم الرئيسي يعني هروب بدافع الطمع 
2967,عشانك يا نيكولاس بن اشترك بالقناه و ابشر بعزك ايه و صح سلامتك 
2968,ما اسم المقطوعة في نهاية المقطع التي كانت تعزفها الفتاة؟ 
2969,السيسي سيدعم السياحة بوجه صلاح غصبا عن صلاح مسر محتاجتلك يا صلاح انت مش عارف انك نور عينينا ولا ايه طب صبح عاى مسر بوجهك يا صلاح 
2970,"اعصر الصابون في اكياس, افاااا تستسلم بهذه السهولة ياعمر؟ ولا شكلك سويتها بعد ماقفلت الكاميرا صح؟ "
2971,تعليقي ليك ارجو اخذه بطريقة ايجابية تمنيت لو موضوعك كمل وكملت الشرح ازي نتعامل مع الاشخاص دول او تعمل حلقة بتشرح طريقة التعامل معهم متابعك من فلسطين 
2972,الان لما اخته ولا وش وضعها ؟ 
2973,بالنسبة لتساؤلك حول هل الارهابيين بيشوفو الاعلان انا حاب انوه لنقطة انه الارهابيين كانو يوما ما بشر مثلنا يشوفو التلفزيون ( شي غريب صح !!!) ما طلعو من بطون امهاتهم وهم ملفوفين باحزمة طاب عمرك ؛ ايش دراك مين شاف الاعلان منهن و كانت نقطة بداية لظهور بصيص أمل لانقاذ شخص يمكن بكرا يصير ارهابي ؟ 
2974,حابة اقول قناة بداية استمري ولا يهمك وفقرة كبار السن جميلة استمرو 
2975,عمر حسين لو سمحت أبغى نظارة سناب شات 😁❤👌 
2976,أرهب واحد في العالم: عممممممممممممممر حسسسسسسسسسييييييييييين 
2977,@User.IDX الحمدلله مفهمناش أي حاجه 😂😂😂 
2978,@User.IDX البني ادم بدون جلد قوي ... علطول لحم طبعا المفترس اذا شاهد المفطح الجاهز ما يوفر 
2979,@User.IDX تبين تتحجابين تعالي بلد مسلمين او لو في فرنسا خلاص غطيه ب كاب ولا بلوفر فيه الف طريقه وطريقه ما جت ع الحجاب يعني اهم شي يستر وبس 
2981,هي هاكدا ماتحتاج حد احسسها .انها طبيعتها .لانها تعيش راضية فارضاها الخالق واسعدها .لا تعرف ماهو القلق على المسقبل ولامواضيع تطوير الدات ولامواقع التواصل فهي تشتغل طول اليوم بحب وتفاني ولما تجي تنام لاتحس بالارق .وتنام كطفلة بريءة لا تحمل الحقد في قلبها لاحد .انه سر الحيات السعيدة .وتنام نومة هنية وفي الصباح الباكر .تقوم كدالك ومتال بجد ونشاط .كيف لا تكون سعيدة وهي لا تهنم بنطويل ادافرها وبالمكاب .وتعيش يومها بكل تفاصيله واستمتاع هادا هو اكسير الحيات الجميلة بلا عقد .احببتها وبدا ينقرظ متلها للاسف ... 
2982,احسن و افضل برنامج على يوتيوب تحيه كبير من <b><del>موريتانيا</del></b> 
2984,@User.IDX هذا المتمشيخ #وسيم يوسيف يتطاول على الإماراتي رجل الأمن ضاحي خلفان الذي يحب دينه ووطنه ويشهد له الجميع بالصدق والاخلاص المشكلة انه يقرأ وإذا قيل له إتق الله أخذته العزة بالاثم فحسبه جهنم -----الايه 
2985,"""روايتك خاطئة !! اطلق عليه اسم """"جبل طارق""""نسبة إلى الفاتح الأمازيغي طارق بن زياد"""" الذي اتخذه معبرا الى الاندلس بعد ان استنجد الاسبان بالمسلمين لرفع اضطهاد وظلم الكنيسة التي كانت تحكم أوربا ككل!! بعد سقوط الأندلس سنه 1492 حافظ المضيق على نفس الاسم وليس العكس """
2986,اللهم ماقسمت في هذا اليوم من خير وصحة وسلامة وسعة رزق فاجعل لنا منه أوفر الحظ والنصيب وماكتبت فيه من شر وبلاء وفتنه فاصرفه عنا وعن المسلمين 
2987,@User.IDX لا يوجد ناشطات بل خارجات على القانون ومتآمرات على الوطن 
2988,اشتركو في قناتي و اعطيني لايك مردوده من ٣ حسبت بس اكتب تم إن شاء الله اوصل 1000 مشترك بأقل من شهر 
2989,@User.IDX الكفر ملة واحدة رحمهم الله وتقبلهم مع الشهداء والصديقين والشهداء والصالحين إنا لله وإنا إليه راجعون 
2990,الهدف تسلل ويلّي صار شيء متوقع يعني تبلغ قيمة الجائزة اكثر من مليوني دولار وبهذا الهدف غير الشرعي انسحبت الجائزة منه وما احلاهم لاعبي الفيصلي ما ضاربين الحكم هاد اقل شي ممكن يساوا إن شاء الله مفكرين اللعب بأوروبا 
2991,@User.IDX @User.IDX هذا سلوكهم المعتاد خااصة في مدن و احياء مصنفة عندهم كاماكن خطيرة 
2992,لوجين الهذلول طالعة كأنها ام ثلاث عيال ماادري كيف كنت خاق عليها زمان جدتي لوجين 
2993,يوجد تأثير متبادل بين الروح والجسد وعادة أمراض الروح تؤثر على شكل الجسد.... 
2995,تحمست ..كمل حكاية هتلر ☺ 
2996,شباب عندي مشروع ..بالاصح بداية تدعموني ...؟ 
2997,اليوم اتعلمت كلمة جديدة ... ELASTICITY كتبتها بدون تصحيح اللي اتعلمها زيي لايك :) 
2998,@User.IDX كلام جميل و تمثيل كويس للثورة❤️ 
2999,@User.IDX لاحول ولا قوة الا بالله 🙏🏻❤️ 
3000,@User.IDX قناة الجزيرة مصابة بمرض وداء اسمه خاشقجي 
3001,بس خالدي يقول Bonsoir... بفرط ضحك😂😂😂😂😂 
3002,@User.IDX اللهم أعنه وكن معه ومع والدته 
3003,الكيروس اليوناني يختلف كلياً يتكون من لحم الخنزير والعياذ بالله وبهاراته تختلف وحجمه اصغر ويشك بشكل غير منظم لكن القاسم المشترك مع الشاورما انه فقط يشوا عامودياً 
3004,والله السوري اقنعني انو تونسي من الزعم انا قبل مشوف الفيديوا بشوف مع وجوه الصحفيين وبقول هذا من بلد دا ودي من البلد دا ويكون اعتقادي صحيح ... 
3005,@User.IDX وين العلمانية؟ التي تعطي الحرية للجميع 🧐 سبحان الله 
3006,يا ناس اللي أخترع سالفة السفن دوة إذن انه انا لما كنت صغير مرضت واتذكر كنت دايم اصحوا الليل عشان آكل وعلى فكرة انا دب المهم كنت اشرب سفن وتعالجت دون ما أروح المستشفى يعني بالمناعة المهم وعشان أمي تعطيني دايم سفن قلت لها اني انشفيت بالسفن أمي ما صدقت خبر وخبرة كل احد تعرفة والناس اخبرو الناس اللي يعرفونها الخ أعتقد انو انا اللي مخترع هاذي الكذبة لي انو ما قد سمعت عن هاذي الكذبة إلا بعد ما خبرت امي😂😂😂 
3007,هههههههههه حلوين سودانين منورين 😍 سودانيه تهوي عاشق ود بلد... في عيونها المفاتن ما ليها حد... 
3008,@User.IDX شيء جدا طبيعي، كل رؤساء العالم في جميع دول العالم يختارون طاقم ادارتهم بكل حرية ومن الأمثلة كوشنير احد طاقم تراب في الإدارة وهو زوج ابنته ... مثلا .. وهذا امر جدا طبيعي فلم الاستغراب ...!! 
3009,@User.IDX خطوه حلوا شويه شويه ربنا كريم 
3010,تعالى الا بلدي لترى ان بعض الناس في ساعات لقو مصرعهم بل هناك من مات و هو في طريق الا المستشفى الوحيد في العاصمة و الحالة حرجة بل هناك اطباء يتناولون العشاء بينما مرضى يصارعون بين الحياة و الموت هنا مات ضميرهم بل قنطو من مرضاهم بل و بل و الحديث يطول .....لا حولا ولا قوة الا بالله 
3011,@User.IDX يكفيها نظرات الصغيرة لها . 
3012,اصلا القرار ماراح يطبق الا بعد انتهاء فترة أردوغان الرئاسيه يعني أردوغان ما راح يستفيد من القرار المستفيد هو الرئيس القادم والقرار هذا وضع للتصدي لأي محاولات انقلابيه مستقبلاً 
3013,@User.IDX لعلمكم الهجوم على المقطع الهدف منه الهجوم على الاسلام الذي لم يبق منه الا القليل .#الشواذ #الماسونيين يعارضون 
3014,انت قناة على اليوتيوب وهم برنامج 
3015,@User.IDX الغيرة في بعض المواطن تولد الحسد و الحسد في الأصل ناجم عن النقص فمن البديهي أن تتعرض هذه الدول للطعنات و ربما السب و الشتم كتنفيس منكم عما تشعرون به من غيره و حسد تجاهها و مذمة الناقص للمبدع هي الشهادة التي قال فيها الشاعر : و إذا أتتك مذمتي من 
3016,دي بتشتغل وهي مغمضه 🙈🙈🙈 ده احنا ما بنعرفش نعمل حاجة بقاااااا ونبطل هبل 😂😂😂 
3017,من أجمل ما سمعت تختلط المشاعر بين حزن وشموخ وعزةة وإباء لكن يبقى شموخنا أقوى من كل الأعداء الصاغرين ✌ 
3018,الدول العربية كانت متقدمة جدا جدا في وقت ما ولكن الغرب تحالف ضدها الى ما نحن عليه الان 
3019,أحب اوضحلك يا أستاذ ياصاحب الفيديو الأخ بلحة اللي بتتكلم عنة دة راجل مجبتهوش ولادة ف العالم والفيديو اللي بتتكلم عنة عن جزيرة الوراق دول عاملين زي المستوطنين اليهود دية املاك دولة والدولة محتاجها ومش واخداها غصب منهم هما مستموتين عليها عشان عايشين فيها حياتهم وقت الرخاء وقت ما كانت مصر صحراء وهاتلي واحد مسجل فيها اي قطعة ارض باسمة واللي ببتكلم عليهم دول أصلا متعديين علي املاك دولة يعني محتلينها زي ما القدس ما محتلة بالظبط منتظرينكم تيجو تحرروها . الفيديو الثاني اللي بتتكلم عنة عن تيران وصنافير انت جبتلي نقطة ووضحتها لي كويس القانون انها في سياد مصر الموجودين أصلا فهموها غلط احنا واظن المستشار ملحقش يكمل كلامة وفية كلام اتقال ومتسمعش ساعة الهيجان خد دية . ان الجزيرتين تظل في سيادة مصر وليس ملكية مصر . أظن انت متعلم وهتعرف تفسر الفيديو علي مزاجك مش علي مزاج الناس سلام يابو عيون خضراء 
3020,@User.IDX @User.IDX حسبنا الله ونعم الوكيل...اللهم ارنا عجائب قدرتك في من كان السبب.💔 
3021,@User.IDX اعتقد انه كل الصحافيين احسن شي يروحو جزر القمر ..بدل القمع يلي بيحصل في بلدانهم 
3024,ههههههههههههههههههههههههههههههه 1:27 ياريت تكثر من المقاطع الي مع ربيع حافظ 
3025,تدرون حتا انا اسمي عمرو حسين😍 
3026,@User.IDX اي شرعيه اين القوه اصلا حتي تستعيد الشرعيه القتلي جميعهم من المواطنين اليمنين بينما الحوثيين يدخلون في حدود جيزان ويقتلون قوات سعودية لا أحد يستطيع ايقافهم فهل مثل هؤلا يستعيدون حتي قريه في اليمن /أنس هجو /فرنسا /الأصل سوداني 
3027,@User.IDX لا تضرب رقاب الا قاتل عمداً لم يقبل له الديه او خائن يعرض امن البلاد واهلها للخطر وينقاد لقيادات معاديه بالرغم من انه موفر له الامن والعمل وكامل الحقوق يمارس عبادته كما يشاء يمتلك المصنع والمتجر والمزرعه له حق بالتعليم والخدمات الصحيه له حقوق وع
3028,وربنا منور بصيرتو وربنا بيفقد حاسه بعوضها بحاسه ثانيه قوى حاسه المس. سبحانه وتعالى 
3030,انشاءلله اذا كنت صاحي وتذكرتك 
3031,Bakour Abdeh محمد كربوج Jawad Hasan Nadeem Totonjy يعني معقول مشان اروح اجيب سنورلكس او بوكيمون تاني اروح كفرناها مشي احلى شي مناطق نظام بتلاقي بوكيمون بفرع امن سياسي 
3032,@User.IDX لاحول ولاقوة الا بالله. الله يرحمه ويرحم حال الشعب اليمني. حسبنا الله ونعم الوكيل باللي وصلنا لهذا الوضع. 
3033,"""Abdallah Khidr سلامة ومصلحة المواطن الإسرائيلي جنبا الى حنب مع سلامة ومصلحة المواطن الإسرائيلي :"""""""" """
3034,@User.IDX الله يرحمك يا عمر . 
3035,@User.IDX @User.IDX بارك الله فيك يا ابن الأجاويد #مرزوق_الغانم 
3036,يااخي حسيت بشي يتحرك بقلبي بس ماقدرت ابكي.....ههههههههه 
3037,تفاهة .. ألغوا هي الفقرة الناس مابتتحمل هيك تفاهات وخاصة ام محمد وابنها دمهم أتقل من برميل الزفت 
3038,@User.IDX نرى الأمل في هذا الشباب 
3039,عندنا بالمغرب هناك أطباء يمارسونها ايضا فهي لا تقتصر فقط على من تعلم كيفية العلاج بها وهناك إقبال كبير عليها لانها مفيدة جدا للامراض وخاصة في معالجة عرق النسا 
3040,ياريت كل الدنيا سمعتك 😪 انسان رائع وتفكير مختلف و جديد 
3041,@User.IDX شي مؤسف لا حول ولا قوه الا بالله العلي العظيم 
3042,@User.IDX اعسل ناس ،، مسالمين وخلوقين ويدعون للسلام ❤️ ولكن في المقابل هناك اشخاص ردودهم سلبية تهجمية كلها بغض وتعصب ،، اتمنى تكون عندنا ثقافة التقبُل للتعايش مع كل الاختلافات سواء الدينية أو الثقافية ،، الاختلاف جميل! عموماً كل عام والجميع بخير 😍 
3043,الله ينتقم من المقصرين والمتمادين في إزهاق الأرواح البريئه في هذا اللبلد اللهم احرق قلوبهم في أعز مايملكون.. قولوو آمين 
3044,@User.IDX إن كانت هي بريطانية تعرضون قضيتها فمن يعرض آلاف القضايا السوريين المتهمين بالإرهاب فقد يكفي ان تقول انا من سوريا ليرد عليك السأِل تقطعون رؤس البشر 
3045,الجزائر تقريبا مثل المغرب انا من أقصى غرب الجزائر نقول الوحدة مور الفطور. الوحدة و خمسة. الوحدة و عشرة. الوحدة و ربع. الوحدة و عشرين. الوحدة وخمسة و عشرين. الوحدة و النصف. الزوج قل خمسة و عشرين. الزوج قل أو غير عشرين أو الزوج قل ربع. روج قل عشرة. الزوج قل خمسة و الزوج مور (بعد) الظهر. قل يمكن استبدالها ب غير ههه 
3046,كتر من الكلاب في الفواصل الكيوت او عالاقل اعدل نص كلاب نص بسس 
3047,لو في اكثر من لايك عطيتك .يعطيك العافية عمر 
3048,@User.IDX الله يرحمه ويغفر الله .. قد يكون عنده بعض الإجتهادات الخاطئه لكنه استريح لكلامه وأشعر بالصدق في لهجته ومحاضراته في اليوتيوب أكثر من رائعه 
3051,يا ريت لو تعمل حلقة عن بعض الدول ليه بيستقبلو الماهجرين و الاجئين باعداد كبيرة و دول تانية صعب جدا تستقبل حد 
3053,@User.IDX أليس هذا هو التسامح والإعتدال في نظر الغرب؟؟ أم هو مجرد عمل إجرامي في نظر العرب؟ يقول آخر 
3055,@User.IDX مقتل رجل الاعمال الفلسطيني في سجون الارهابي اوردوغان 
3056,طيب عم تعرضو الناس يلي بتقطع القلب سؤال هل من الصعب عمل منظمات عن طريق الفيسبوك لجمع تبرعات من أجل هدول الناس بالوطن العربي وكل شهر ممكن يقدم الواحد يلي بيقدر عليه يا أهل الله شبعنا حكي بدنا افعال 
3057,"""@User.IDX """" إِنَّ رَبَّكَ لَبِالْمِرْصَادِ """" حسبنا الله ونعم الوكيل وكفى """
3059,@User.IDX البشير يسعي لتقسيم الشعب السوداني والإعداد للثورة المضادة واعتقال المعارضة السياسية للبقاء في السلطة . 
3060,@User.IDX كلمته لا تختلف عن كلمة اي ديكتاتور مستبد فاشل فا سد كلامه فض مجالس اي كلام كسب وقت فقط ان شاء الله الشعب السوداني مش هيضحك عليه بهذا الكلام وسيستمر في ثورته وسينتصرون وسيتنحي هذا الديكتاتور عاجلا ام اجلا #تسقط_بس #مدن_السودان_تنتفض 
3062,في بنت تحولت لرجل في مصر في 2014 تقريبا او 2015 
3063,كنت بدي &quot;بص بصة عالمصادر&quot; بس مالقيت مصادر 🙊🤷‍♀️ 
3064,@User.IDX وهذا الرجل شجاع ومااقدم عليه شجاعه رجل ظهر من بلاد الحق ويطالب بالعدل لان اغلب ابناء قبيلته يقطنون في قطر ولابد له ان يتبع من مصلحة ابناء قبيلته والسعوديه سمحت له لانها دولة حق سمحت ان يتبع مصالح قبيلته فلاتضللي يالجزيره وكوني محضر خير ومحضر صدق
3065,اكبر خطا يقوم به الرجل او المراة ان يفشوا بخلافاتهم .. اولا هذا اعلان فشل وقلة حيلة يعني لما الرجل يحاول الاستعانة بامه او ام زوجته او ابوها او ايا كان فهو يرسل رسالة انا ضعيف انا مب قادر عليها النتيجة الزوجة بيقل احترامها له .. من ناحية ثانيه راح هي بعد تتكلم وتقول عيوبه .. هما الاثنين جدام اهل بعض راح تنزل مكانتهم وتصير امه وامها ينظرون له بشكل سلبي وممكن يكرهونه .. لان غالبا اللي يصير انه يروح لامه مثلا ويشكي من زوجته ومايذكر باقي مميزاتها وكذلك الزوجة ماراح تتقول انه باسطها ويفسحها ويدلعها بتركز على نقطة الخلاف مع بعض المبالغات فمثلا لانه رافض موضوع الحفلات وشراء هدايا المجاملات .. صار بخيل رغم انه مب مقصر معاها فصاروا اهلها يحتقرونه ويعتقدون انه مجوع البنت .. فلما يحتد الامر لاتفه سبب طبيعي الاهل يشجعون على الانفصال بناء الصورة السلبية عن الطرف الاخر .. اضف الى ذلك ان لما تروح بيت اهلك راح يذكرونك بسلبياتها اللي وصلتها لهم ويزيدون عليها ويشجعونك تتزوج غيرها او تطلقها .. خلاصة القول لما تبدا تفشي اسرار بيتك فانت بدات تحفر قبر لحياتك الزوجية 
3066,ياو عند ربي تشوف 6اشهر حبس تعرف الحقيقة 
3067,@User.IDX الشعب السوداني يعتبر الذي حصل عباره عن مسرحيه هزلية كتابها خونه، المفروض ابن عوف أول من يعتقل بعد البشير ؛ مطلبنا واضح وهو اقتلاع المؤتمر الوطني التابع للإخوان من جذوره و ان لا يحكمنا العسكر بعد الان. #تسقط_بس 
3068,احد يعرف شلون التقى بيها ؟ ❤❤❤ 
3069,@User.IDX ماكفي التويتر اسماء صناع القرار في العالم مع سمو سيدي صاحب السمو الملكي محمد بن سلمان 
3070,القصيمي لاايك لعيون ممشهور 💛😭😭 
3071,انت رائع ...محتوى خرافي استمر شكرا 
3072,عمر حسين يلي قال لفظ الجلال 😍بيرفع الراس .. أثر فيي كتير 
3073,انت فصيل اقسم بالله 😂😂😂😂 
3074,@User.IDX لو يستحدثون وزارة عدم التدخل في شؤون الدول الاخرى مثل اليمن وسوريا وقطر وغيرهم 
3075,ركزو بكلمه دقس بقس ونسو موضوع الحلقه😕💔 
3076,@User.IDX لا حول ولا قوة الا بالله 
3077,للعلم ليس من بئر خادم -الجزائر العاصمة كما أشار الفيديو هذا الإنسان من ولاية جيجل الجزائرية 
3079,@User.IDX الله محيي اصلك😍 مافعلتيه او قلتيه😘 لم ولن يجرء احد من.............. قوله🚫 
3080,<b>ااااخ لو بس شوي تطول وقت الحلقه يا نيكولاس</b> 🌚💔 
3081,عمر كلامك كويس بس مو كويس والله يبعدنا عن الدقس بقس هههههههههههههههههههههههههه 
3082,@User.IDX ياعم طرقنا..وعلي قول الخالة نوسة : أنا في حاجة بتجري في دماغي مش عارفة ايه هي..يلا اتكل علي الله وطرقنا بقي..يلااااا 
3085,@User.IDX ليه حاط قطر كبيره تراها جزيره واخت نص مساحت السعوديه عشان تحط علمها😂 
3086,@User.IDX لا يجتمع متضادان....ما هكذا التسامح....ولكن نسأل الله لنا ولكم العافية. 
3087,ياريت كل مصرى محترم يدخل الصفحة يقدم بلاغ فيها انا فاكر هتجيب اوباما وفريقه وهما بيتهزقوا من الصينين اول ما وصلوا المطار زي الاخبار المنتشرة في كل وسائل الاعلام ... ولا لما الرئيس الصيني طنش اوباما وراح اول يوم للقمة بيتمشي مع بوتين وسايب اوباما ورا فقام اوباما عشان يخفي إحراجه جري يسلم علي ولي ولي العهد السعودي ... بس تقريبا انت بتدور علي مواقف معينة وبتطنش اي حاجة تانية 
3089,تقلد Casey اعترف الا الا تقلده. فنان هو صراحة 
3090,"""@User.IDX """"يمكرون ويمكر الله والله خير الماكرين"""" """
3091,@User.IDX اعتراف ضمني بانه لولا امريكا لاستطاعت تركيا احتلال شمال سوريا بلا حول له ولا قوة ليس فقط كنظام وجيش سوري بل وحتى كتحالف ايراني روسي 
3092,@User.IDX عشان معاه نمر ...لو كلب كان عجبكم 
3093,ذكرتني في اختيار التخصص 😂 كانت اوقات صعبة 😵 
3094,على فكرة كل اللى احنا بنعملوا من سنين بنشتكى بس اننا اتهجرنا و غرقنا و اثرنا و أجدادنا و بتاع و محدش اخد موقف محدش اتظاهر يعنى تمام طلبتوا حقوقكم ماتنفذتش ف سكتنا طب ليه يعنى نفرق ايه احنا عن المصريين اللى عملوا ثورات هم احسن مننا في ايه ده على الأقل احنا الأصل و احنا اقدم منهم احنا لينا حق! و من سنيين كتيير اوى المفروض نفضل نطالب بيه لو حصل ايه. 
3095,@User.IDX اظن ان اسرائيل لعبت دورا مؤثرا في قضية ملر ولذالك جاء دور رد الجميل وأخشي ان تكون قصف غزة ضمن الإتفاق 
3097,@User.IDX فيديو تعليمى رائع تشكر عليه جدا 
3099,@User.IDX هالوقت المفروض يطلع وزير الخارجية السعودي او مسوؤل كبير يتكلم بصوت و صورة ويطالب فرنسا بحل مشكلة السترات الصفراء ويضغط عليه ... عشان يتأدب ويتأدب غيره 👍 حان الوقت يالسعودية ليحترمك الجميع ويضرب لك الف حساب 
3100,الله يعطيكي العفي بدل ما تبق في السهل والسهل شمال يا عمه وانتي يا مخترمه اقل رد علي عمك تقليلو انا بيطلعلي من شغلي كده ييشفلم سغل مناسب ييقعدك في البيت ويديكي نفس الفلوس 
3101,@User.IDX عنصريه مقيته. ساهم فى انتشارها ضعفنا و خيانتنا لديننا و عروبتنا. 
3102,@User.IDX @User.IDX حسبنا الله ونعم الوكيل لك الله یا مصر ارضا وشعبا يرحمك برحمته 
3107,كنت اتمنى لو حافظ القران لينفعك في دنيتك واخرتك وتكسب رضى الله 
3108,@User.IDX شكله كان يبي بروح للصراف يشوف راتب التقاعد نزل او باقي😢 
3109,ليس كل التطورات تحمد عقباها ولكن في العلم لا يوجد شي غير ممكن...هالشي عباره عن علم هائل ويحتاج الى الكثييير من الابداع فبالتالي يحتاج وقت ولكن سلبياته اكثر من الايجابيات خصوصا لدى العرب 
3110,@User.IDX الرياض وضعت نفسه ف تابوت و القت نفسه النهر له سدود حرز النهر ع ظن ان الفراعنة سوف تحميها وتجلبهم إليهم وهي لا تعرف ان التيار النهر ليس متجه الي قصر و بيت احدهم وليس متجه الي سد يحتويهم بل متجه سد منهار و الي مصب شلال يحطم اشلاء أنظمة صنعت سد أغر
3111,@User.IDX لن تطول ..ستموت كما مات حفيدك شارون...وستبق فلسطين حرة عبر السنين 
3112,خيطي بيطي و ليست خيطي زيطي 
3113,@User.IDX لاحول ولا قوة إلا بالله العلي العظيم حسبنا الله ونعم الوكيل الأم مدرسة إن أعددتها أعددت شعبا 
3114,@User.IDX هي دي مكانتكم عند الناس 
3115,كل التقرير خطأ ! ان كنت مشهور تستطيع ان تصبح رئساً! ان كنت مستقلاً تستطيع ان تصبح رئيساً ! ان كنت VP تستطيع ان تصبح رئيساً! والشئ الاخر لا تهين نظام الاخريين لان نظامك ساقط. نظام أمريكا جعل أمريكا أقوى دولة بالعالم وهي الان تحكم على عديد من دولكم ! 
3116,امثالك لازم في العلالي.. ✋✋ أول مره اتفرج ع مقاطعك وللأمانه محترم.. محترم.. محترم.. واصل 👌 ماشاء الله تبارك الرحمن 
3117,@User.IDX عدو غاشم لا يفهم الا لغة التهديد و الردع .. ليت العرب يفقهون 
3118,بقول لأمي كدسوا ذهب للأزمة القادمة تقولي أصلا في خطة ممنهجة لقتل الفقراء كلهم والإبقاء على الأغنياء هذا الكائن خير دليل على ذلك،، جاي يصنع مدن مقفولة ومرفوعة الأسوار ومحصنة للأغنياء ويقتل الفقراء بنشوف الي يطبل له ايش شعوره لما يجي دوره في طابور الجوع 
3120,ولهذا شرع الشرع للمراة ان لا تسافر مسيرة يوم وليلة الا مع ذي محرم المراة ان لم يكن معها محرم ليحميهافهي معرضة لاي خطر لانها ضعيفة، اللهم الخبز والما؛ في بلادي خير لي من غيره ومعرضة للخطر وانتهاك للعرض. اللهم ارزقنا القناعة ياربنا. 
3121,العالم قاعد يتطور واحنا ...... 
3122,موضوع مميز وذكي طرحه هالفترة ماتقهرني الا العينة الي تعلن بشكل مبطن فمندري عن مصداقيةراي الملعن ولا المنتج المعلون عنه 
3123,@User.IDX هاذي قناه الحين؟ والله ما أصدقكم لو تقولون في سمك فالبحر و تميم السبال ولد موزه شكله يدفع حقكم عشان تنشرون مثل هالاخبار 
3124,رائعة جدا موضوع رائع مبدع أتمنى أن تستمر في حلقات أكثر 
3126,النهار بهدلو بينا الله يذلكم 
3127,@User.IDX 😂😂😂😂😂😂😂🤣🤣🤣🤪🤦🏼‍♀️انتو لسه واقفين هنا كوكب مارس ظهر وانتم مازلتم عالقين في مستنقع عقولكم الغبيه 
3128,@User.IDX دائما شخصية جلالة سيدنا مؤثره وليس هذا الأسبوع فقط. من كان والده المغفور له جلالة الملك الحسين رحمه الله فلا مثيل له. بروحي واولادي افدي جلالة سيدي ومليكي 
3129,@User.IDX الحمد لله على نعمة تونس. كانوا يكفروننا و اليوم يرضخون للواقع و اصبحوا يعملون العقل في تاويل النص القراني بعيدا عن العنجهية و التعصب. 
3130,التبادل التجاري الايراني الاماراتي ٢٠ مليار دولار قال نزاع قال 
3131,اللي قفط ادوارد الريك ثانيه 0:28 لايك😉 
3132,انا من الاردن يلي من الاردت يعطيني لايك يلا يا نشامى وينكم ؟؟ 
3133,دي حالة microcephaly بيحصل فيها ان المخ وزنه وحجمه اقل من الطبيعي جدا كذلك الدماغ ككل وده طبعا بيصاحبه للاسف تدهور في الوظائف العقلية غالبا بيكون بسبب ان الام تناولت دواء ادى لهذا الموضوع او اصيبت بامراض خاصة اثناء الحمل ادت لهذا التشوه... للاسف مش فاكرة حاليا ايه الادوية اللي بتسببها لكن هراجعهم ان شاء الله 
3134,الخيول تحارب الموت مع تميم، والفنون أيضاً تقاوم في لوحة+ <url> 
3136,كل الاحترام لشعب السودانى .حلايب مصريه ولو رجعت لتاريخ وشوفت هويه جدك هتعرف ان حلايب وشلاتين مصريه 
3137,يعني روتر بطيء وقلنا نستحمله إنما يتجسس علينا لا دا اللي مش ممكن ابدا😂😂😂 
3138,كل ما يسمع حلقة ليك قديمة او جديدة بيتثبتلي اكتر اننا شعوب عمرها ما هتتصلح😑وهنفضل نتكلم عن اديانا وحضارتنا ومش هنعمل اي حاجة احنا من الاخر بق بس🗣 
3139,Rehab Redwan أم علي 😂😂😂 تعو شوفو الفحسه vs مفركة الكوسا 
3140,@User.IDX لمجانين طهران في حال قصفكم عليكم بقاعدة العديد تجمع الجيش الأمريكي الله يعين شعب قطر على الصواريخ الخاطئة 
3141,تبحثون عن زريعة جديدة لتأجيج الفتن مصرى سودانى....كله بيشرب من نفس النيل. طول عمرنا بلد واحدة و اهل و احباب......استعصموا بأهليكم و إلا هلكتم كمن حولكم. 
3142,@User.IDX أعرف أن حديدة تم سرقته من الجزائر 
3143,الله يحميك انت و كل الكاست كلامكم جاي على جرح👏👏👏 
3144,كلامك في اخر المقطع غير منطقي ابداً انا ما افهم في التقنيات واالشبكات والحاجات ذي لكن ليش كثير من الدول مثل اليابان وكوريا الجنوبية و هونج كونج وامريكا وبريطانيا وغيرها يملكون نطاق شبكة وسرعة انترنت دبلنا خمس مرات وهم اكثر عدد مننا خصوصاً امريكا واليابان ، يارجل حتى اندونيسيا افضل مننا !! طيب على الاقل اذا كان فيه ضغط على الشبكة وفر انترنت ارضي زي الالياف البصرية الي صار لها 8 سنوات ومعظم احياء الرياض ما تتوفر فيها هالخدمة ماعدا الاحياء ( الفخمة ) ، هذا غير الي في القرى والمحافظات بعضهم مو قادر يتصل حتى ! معظم مستخدمي الانترنت في المملكة والرياض كلهم يعتمدون على شرايح البيانات وليس الارضي لان الارضي بعضهم مازال عنده DSL وبطيئ جداً جداً مايتعدا 500 كيلو بايت 
3145,موضوع رائع يا دحيح مستني الحلقة بقالي نص ساعة بس يا ريت تعمل حلقة عن نظرية الاكوان المتعددة 😍😍 
3147,ليش ما تتكلمون عن العراق ابدآ؟معقولة العراق ما بيها مشاكل🤔😐! 
3148,@User.IDX تصدق حتى انا ما سافرت السعودية من العزله اللي هم فيها 
3149,@User.IDX في الوطن العربي تعددة السبب والموت واحد الله يرحمهم ويصبر اهلهم 
3150,تعليق خارج سؤال المذكرة . من الاشياء الي تعجبني في مذكراتك استخدام للتاريخ الهجري،ربما يكون امر بسيط وطبيعي لكن حاب اشكرك شكرا عمر حسين 
3151,يعني اللي بندرسه في الكلية دا حمادة😂😂😂 
3152,@User.IDX أخطائكم اللغوية كترانة ي AJ+ بالعربية 😂😂 
3153,@User.IDX ضنك في قطع علاقات مع فرنسا مثل كندا :) @User.IDX 
3154,@User.IDX يا ولاد عنا مشكلة عام! 3010 شو الحل يابا؟ يلا كل واحد يعطيني ١٠ دنانير عشان أحللكم إياها ههههههههه مصخرة 
3155,في فلسطين بنقول خيطي ميطي 😂 
3156,كلام فاضي حرام مايدو خطوه 
3157,@User.IDX @User.IDX اتكلموا عن احمد اتكلموا عنه هو واللي معاه #راجعين_التحرير <url> 
3158,@User.IDX # واضح بينكم وبين مخابرات اوردوغان خط ساخن قلتم إماراتيان اعترفا بالتجسس ثم غيرتم الجنسية لان شكلهم فضحكم فقلتم فلسطينيون وربما تغيرون الجنسية مستقبلا ويطلعوا ليس لهم علاقة بالتجسس. ماتستحون من الكذب والافتراء كل ذلك يأخذ من رصيدكم عند الناس ويا
3159,(ودي مش أخت ستيف جوبز) هههههه يخرب بيت ام افيهاتك التافهه الحلوة 
3160,اللهم صلي علي سيدنا محمد وعلي ال سيدنا محمد ياريت كل من تقع عيناة علي هذا التعليق يصلي علي البشير الهادى 
3165,ايه عندي الصورة الي انت مع كيكة الشوكلاته أخذتها من السناب 😅😅😅 الصورة رهيبه والله 
3166,اشترك بقناني انزل فلوقات جميلة في مدينة فكتوريا كندا والي يشترك يكتب تم 👍👍 
3167,الله يحمي مصر و شعب مصر و يكون معكن يا رب 🙏 
3168,نسألكم الدعاء للمتوفي محمود عبد العزيز بالرحمه والمغفره وللاهل بالصبر اللهم اغفر له وارحمه وعافه واعف عنه واكرم نزله ووسع مدخله واغسله بالماء والثلج والبرد ونقه من الخطايا كما ينقى الثوب الابيض من الدنس وابدله دار خيرا من داره واهلا خيرا من اهله وزوجا خيرا من زوجه وادخله الجنه واعذه من عذاب القبر ومن عذاب النار اللهم عامله بما انت اهله ولا تعامله بما هو اهله اللهم اجزه عن الاحسان احسانا وعن الاساءه عفوا وغفرانا اللهم ان كان محسنا فزد في حسناته وان كان مسيئا فتجاوز عنه يارب العالمين اللهم ادخله الجنه من غير مناقشه حساب ولا سابقه عذاب اللهم آنسه في وحدته وآنسه في وحشته وآنسه في غربته اللهم انزله منزلا مباركا وانت خير المنزلين اللهم انزله منازل الصديقين والشهداء والصالحين وحسن اولئك رفيقا اللهم اجعل قبره روضه من رياض الجنه ولا تجعله حفره من حفر النار اللهم افسح له في قبره مد بصره وافرش قبره من فراش الجنه اللهم اعذه من عذاب القبر وجاف الارض عن جنبيه اللهم املأ قبره بالرضا والنور والفسحه والسرور 
3169,@User.IDX اذا كانت فعلا كما تدعون الخزانة المصرية تعاني من أزمة كبيرة فأعتقد ان السبب هو دعم #قطر للجماعات الارهابية ومحاولت إثارة الفتنة بين ابناء الشعب المصري . 
3170,..نسأل الله الهداية لمن ضل..ارجو الإطلاع على رد الدكتور هيثم طلعت بشأن مغالطات وأخطاء الدحيح 
3171, <url> هلاء ليك خيِ نيكولاس هني ما بايعين ضميرن حاش ذكر الله هني مأجرينه على 99 سنة وبعدين بيرجعوا يستردوه 
3173,اخر المقطع في اثنين هم وش قالوو الزكرت مرفعين 
3174,عاجل الحقوا شركة ابل تقوم بتوزيع هواتف أيفون 7 الجديدة مجانا بمناسبة عيد ميلادها الـ 40.. الكمية قليلة و اقتربت من الإنتهاء، أطلبوا هاتفكم بسرعة من هنا <url> 
3175,Malek Zai اكدلي علا مع اللخر 😂😂 البرنامج السياسي الوحيد لي نحب نشوفو ❤💪😍 
3177,من المغرب كيف تحفظ كل المعلومات دي هههههانت واااااو 
3178,انا انا بلعب حتى لو بتجسسوا عليا خليهم اقلها ممكن انشهر والله ماهم مستفيدين شي هههههه 
3179,@User.IDX انا من عشاق السامسونج بس ما تقلبت مثل الإصدار الطي 
3180,@User.IDX حتى في اخباركم كالطفيليين على موائد الآخرين فهم لا يقيمون مأدبة ولا هم يحضرون بدعوة..!! نشاطكم هذا المحموم لن ينسي العالم لحظة #الهروب_الكبير لإبن العاق..!! 
3181,من جنسيه اخرى اوك ليش لا بس يكون مسلم وحتى كان اوربي ويدخل الاسلام نزيكه بكل منها نكسب من وراه اجر ومنها نتعرفو على عادات وتقاليد بعضنا😁 
3182,انت أحسن يوتيوبر لانه بعد ما طلع على التلفزيون مل ترك قناته وأهنئك على البرنامج الجميل الناجح 
3183,start up : ينشأ ...يؤسسcompetitors:منافسينapplication: تطبيق هاتفgps:نظام تحديد المواقعmarket research:دراسة سوقapp developer:مطور تطبيقاتco-founder:شريك مؤسسcto:مدير تقنية المعلوماتshareholder:مُساهمagreement:اتفاقيةBootstrapping:التكلفة التمهيديةceo:رئيس تنفيذيbusiness incubator:حاضنة أعمالcoworking space :مكان للعمل الحرmentors:موجهينlean model canvas:مخطط او نموذج للعملprototype:نموذج مبدئيvalidation:تفعيلearly adopters:البادئين بالاستخدامacclerators:الداعمينevaluation:قيمة _تقييمrevenue:إيرادround of investment:جولة إستثماريةseed round: تمويل أوليangel investor:المستثمر الملاك)، هو شخص ثري يقدم رأس المال للشركات الناشئة غالباً مقابل سندات قابلة للتحويل أو حصص في المشروع)angel group:مجموعة استثماريةseries a round of investment: سلسلة جولات إستثمارية venture capitals: مؤسسات استثمارية مجازفةscalable:قابلة للتطورbillboards :اعلانات لوحيةunicorn company:شركة ناشئة بقيمة بلغت مليار دولارindividuals:افراد 
3184,"""ما أعرفه جيداً أن تكلفة إعداد هذا التقرير يكلف أكثر بكثير من كلفة العملية ، عندما تترزق الجزيرة من آلام البشر في """"قصة إنسان"""" ، يجب أن ترد الجميل لهم و تدفع ثمن آلامهم . """
3186,@User.IDX فضيحة قطر وتركيا وقناة الجزيرة شاهد وانشر <url> 
3187,@User.IDX لاحول ولا قوة إلا بالله... على أساس أن المدنيين ملائكة.. 
3188,عجبني عنوان الفلوق وايد 😄 رسالة للي دايما يحبطونا فالعيد ويقولو انه ممل 
3189,"""@User.IDX البصه """"النظره"""" اللي بتبقى في عنين اللي بيقوموا من الموت دي بصة نصّاب مش بصة واحد رجعت له الروح ابدأً #خلصانه_بشياكه """
3190,@User.IDX والله من يوم ماطلع القيز والفمنست عرفت ان القيامه قربت 
3191,والله البلح أكبر من كل العجائب مجتمعة! أتمنى تكون الحلقة عجبتكم. لوف يو اول بيبول ❤ 
3192,@User.IDX الست ست و الراجل راجل 
3193,ياعمي زيد وقت الحلقة والله بلحقش أفرط على حالي من الضحك بنصدم انها خلصتراعي مشاعري هيك رح تعملي اختلال بالتفاعل العاطفي بكون اضحك ومبسوط وفجأة صدمة زعل لان الحلقة خلصت 
3194,ياعيال ما كن عمر سحب علينا بموضوع هدايا 200kمشترك 😑😑 
3195,@User.IDX عندما يُقتل 100 مسلم ....... <url> 
3196,Ahmed Elbahy ما تيجي نجرب الحكاية دي 😂🙆🏻 
3197,انا كنت بجاملك وببكي بس يوم تكلمت عن السعوديين المشاركين ضحكت😂😂😂😂الله يرزقنا بمشاركة سياحية للاولمبياد القادمه واودعكم المركز الاخير مضمون😌 
3198,يجب تطبيق مثل هذه أفكار في كل البلدان العربية والإسلامية حتى يكون بمثابة أختبار لمدى إيمان الناس وتطبيقهم لشرع الله. 
3200,إذا كان تتكلم على المهاجرين التونسيين موضوع فارغ ناس ما تحب تشتغل و يحبو البطالة و ماسكين المقهى يتذمرو كالنساء ، عروض الشغل موجودة و ناس تدلل وبخلاء و مو راضيين برواتب عادية ، يحبو رواتب عالية و الشغل يجيبو ربي. أنا عندي عروض شغل و عايش هذا. للأسف الهجرة الغير شرعية تتكلف عليهم بين الخمسة و العشرة ألاف دينار ، حلم أوروبا يتخيلو فيها جنة ناس فاشلة !!!! لما يروح عندهم يصير يشتغل غصبا عنه و إلا يموت. 
3201,@User.IDX تنظيم ارهابي نسال الله ان يهديهم أو ان يكفي الناس شرهم وبلاهم العمه علي ابن تيميهً وابن كثير والابانيً الذين احلو ما حرم الله سبحانه 
3202,أجمل شيء بالحياة التحدي والأهم انك تنجح فيه ..... 
3203,@User.IDX الصين بالنسبه لهم كابوس .. ثورة صناعية هائله وتجارة عالمية تجتاز كل الخطوط 
3204,@User.IDX تجار الدين حسبي الله ونعم الوكيل عليهم .. 
3205,@User.IDX شكراً لكِ يارئيسة الوزراء النيوزلندية ❤️ 
3206,"اللي يقولو لما ما غارت ولا عمر ما نسيها, من جدكم انتو؟!! البنت دي صغيرة جدا! "
3207,الى الرئيس الامريكي دونالد ابن ترامب.ان لم تتراجع عن الاعتراف بالقدس عاصمة للكيان الصهيوني سوف نأتيك بجيش اوله في الفيس بوك واخره في تويتر ولنأتينك بقوم يحبون تغيير صورهم الشخصية بصورة القدس كما تحبون انتم تغيير صورةالواقع على الارض. 
3208,@User.IDX المعماري يصمم مبنى على شكل دمعة والمدني يقعد يبكي 
3209,أكثر ما يحسب للامريكيين رغم سياستهم الخارجية القذرة حرية الاستهزاء و الضحك على رؤسائهم في الخفاء و العلن و على البرامج التلفزيونية دون الاحساس بأدنى خوف من الاعتقال يعني شيء و الله يحسب لهم و اتا شخصيا انفطرت ضحك من مشاهدتي لفيديوهاتهم اللتي تقلد و تنتقد ترامب بشكل ساخر . مصر في عهد مرسي كانت سائرة على نفس المنوال و لكن لسوء الحظ العسكر عند العرب يعشق الانقلاب . 
3210,@User.IDX شي حلو عبرو عن مشاعرهم تجاه المسلمين 
3211,انا بقيت افتح الفديو اقفلوا من كتر مهو مش في المستوي بتاع ايام زمان عاوزين حاجة احسو من كده 
3214,في مراكش وصلت الى 56 درجة و مجبرين على الخروج نحن اشعة الشمس لكل منا انشغالاته و عمله 
3215,اول مره اعلق على حد في اليوتيوب .... انت رائع بصراحة 
3216,@User.IDX @User.IDX تغيير جو ،تعارف،تسوق، وضرب مناسف ب الخمس(اهم شي)... 
3217,لا تنسى بان لهجاتنا تطغى عليها اللغة الأمازيغية اكثر 
3220,😂😂😂😂😂😂😂😂😂😂😂😂😂😂😂😂 مافي اهضم من هيك 
3221,@User.IDX @User.IDX لا تاجوو وتكبرو الموضوع وهم قد اتفقوا اصلاً لا بارك الله بمن يزايد على الفتنة والمشاكل حبوا الخير يا عرب للعرب ولو لمرة واحدة 
3223,@User.IDX لو نفترض ان كل رؤساء الدول العربية والاسلامية مع هذا الكائن ... يعني ٥٧ شخص .. يعني ولا شي احنا اللي اصحاب القضية .. ليس الحكام والرؤساء 
3224,مصر و الوطن العربي يفتقدون مصر حسني مبارك 
3226,ههه ممتع يا نيكولاس لكن طلب من صديق تونسي أن تذكر أحدث فلسطين أو كما نقول بالتونسي إتنبر على اسرائل دوماً (يعني تستفز ) و شكراً 
3227,@User.IDX @User.IDX البحرين والعراق اخوان والأحزاب السياسية ستدمر وسيعود العراق لاخوانه العرب 
3228,@User.IDX طيب وبعدين ... هذي القناة ماعندها شغله غير السعودية ... انا ماادري ليش . ممكن عقدة النقص .. الحسد .. يااخي تابعوا السودان أو تشاد .. انتم ماعندكم مشاكل تابعونها .. انا لله وانا اليه راجعون. وحسبنا الله ونعم الوكيل 
3229,اعتقد انك نسيت اهم حاجة  <url> 
3230,@User.IDX الان تقرير الجزيرة بيحرر الجولان 🙂 
3231,اشتركو نفسي اوصل 500 مشترك الله يدخلكم الجنة 
3232,اسم المدينة Chapecó بسيطة جداً في ريف ولاية سانتاكاتارينا التي تقع في البرازيل منذ يومين الماضيين لقد حصلو على المركز الثاني في الدوري البرازيلي. و في البارحة كانوا مسافرين فسقطت الطائرة بسبب الأمطار و الرياح القوية الرحمة لكم .. اسأل الله العظيم ان يجعل لكم نصيب في الجنة .. و يرحم جميع شهداء سورية و العالم بأسره .. 
3233,اقسم بالله طول عمري بحترمك و و جد بنبسط بس احضرك و اشوف نزلك فيديو او اشي لاول مرة يا رجل هيك غصيت بال الواحد انه خلص ، لازم لازم نحشر الاسلام بكل اشي مش عارف ليش ، الرجل محرور و مخنوق من الي بشوفه قدامه و بحكي انه معتبر الكل خواته ، يعني حتر نا جاب سيرة شهوة او انها بتثيره ، بتيجي حضرتك عشان بس تبين انك الشخص ال modern و الانسان صاحب حقوق المراة و المدافع الوحيد عنها بالكرة الارضية بتقعد تنتقده و تتمسخر عليه اشي جد بدايق و رب الكعبة هاض كيف لو كان بغلط عالمراة او حاب سيرة انها اثارته او اجا فيها بالعاطل ، كان حضرتك ساعتها طالبت باعدامه كل واحد اله دينه ، و كل واحد حر بدينه ، طالما هو مسلم ، فالاسلام امر انه لبس المراة يكون ساتر و محتشم و بديش افوت بهالتفاصيل حاليا فكونا عاد 
3234,كنت هزعل لو ما كنتش شوفت نيكوﻻس خورى السليط وحشنا و فين السليط فى رمضان 2017 
3235,Semoo Alsharef عطيه شوية مصاري يدفع ضرايب بلا ما يتبهدل وينسجن 😢😂😂😂 
3236,@User.IDX كل اولاءك الدين استضفتموهم ويتكلمون هم الطامعين والمفسدين واللصوص اكثر من الدين بدءو يخرجوا واعلمي سينتهون يعني الدين يتكلمون معك للشعب سينتهون بانتهاء بوتفليقة اتعلمون لمابقى بوتفليقة ليريح الجزاءر منه والمحيطين به والطماعين وابناء فرنسا ويموة 
3237,عندكم انحياز رهيب لقطر ؟ اين الحياد الي تقوله الغاء اشتراك 
3238,@User.IDX @User.IDX قتل بسببه 2.5 مليون إنسان من شمال السودان وجنوبه في الحرب الممتدة من 1989 إلى 2005، التي حولها إلى جهاد بين كفار ومسلمين، مات فيها الشباب مقطعين إلى أشلاء، أو بداء اللشمانيا بسبب مستنقعات الغابات، أحرقت القرى وهجر الملايين. 
3240,@User.IDX @User.IDX يموت الإنسان في بلاد العرب الف مرة. 
3241,حكومة الانقاذ في السودان قامت بعمليات ابادة في دارفور راح ضحيتها قرابو 300الف شخص معللين انهم يردون تطهير السودان من غير العرب 
3243,عمر لم شعرك تطلع وااو 
3244,@User.IDX امر من الله الذي اباح التعدد بأن يكتفي الرجل بواحدة ان خاف عدم العدل٠ وهذا هو الذي قصده شيخ الازهر٠ فعلا٠٠ معظم الرجال يضرب بعرض الحائط عائلته وهو عايش في العسل مع البيت الجديد٠ 
3245,اول مرة اشوف عرس سعودي شكرا 
3246,@User.IDX خلوكم بعيد عنهم وهم سيكونون بخير. توقفوا عن الإيحاءات التي كثيرا ماتشبه دس السم في العسل. 
3248,@User.IDX سبحان الله.الله القوي ذي العرش المتين .امريكا لم ترحم الدول الفقيره ولم ترحم المسلمين وتثير الفتن والحروب في بقاع الارض .بلحظه من رب كريم يهلك ويدمر مايشاء ويرحم من يشاء وينزل غضبه علي من يشاء .الاتكفي عن الضعفاء يامريكا .اللهم الاشماته ولكن الل
3249,الآن سوريا حقل تجارب للأسلحة 
3250,@User.IDX الحرس الثوري آخذ وضع الصيصان حاليا 🐥 
3251,هناك حي في الصين إذا دخل أي شخص غريب عربي او اوربي او.... لا يخرج منه أبدا..ربما يأكلونه 
3252,الدحيح يجمع بين العلم والترفيه .ابداع 
3254,هاي اول حلقه ما بحبها من السليط بسبب المقدمه لجديده 
3255,حمود الخضر كأنه خكري شوي. 
3256,عفواً عمر بس لما تكلمت عن الكتاب قلت محمد حسن و هو إسمه محمد الحسين 😁 
3257,كمغربي متابع منذ مدة ليست بالقصيرة لبرنامج الدحيح وبحرصٍ شديد على أن لا تفوتني حلقة واحدة من حلقاته .. أقول وأنا أعي ما أقوله أن &quot; أحمد الغندور &quot; ببرنامج &quot; الدحيح &quot; هو رهيب وفي مرتبة أعلى من أي يوتوبرز ثاني . 
3258,@User.IDX الحمد لله أن الأخبار وصلتكم.. 
3259,@User.IDX @User.IDX جميل واحترافي جداً التصحيح والإعتذار.. الشكر لكم لهذه الروح الجميلة.. 🌹 
3260,والله يا نيكولاس بدك الف سنة لتفهم شعور الشب الي ببكي وحزنان على العاريات😌😌 هاد الشعور أنا جربتو😊 وبعرف شوي يعني تحزن على حد لانو بيعمل شي بغضب ربنا وتحس انه هاد الانسان عم يئذي نفسو ومش سائل بيوم القيامة ولا وقت الحساب !!!! 
3261,@User.IDX انت والعريفي عندما بدأت الثورة السورية كنتم من اصحاب الجهاد بالشام والخطابات بالمنابر استغليتم الثورة السورية اكبر استغلل شيوخ فتنة شيوخ صفحات سوداء شتان بينكم وبين العودة 
3263,@User.IDX @User.IDX للن يغركم الكلام . مضاهر خداعا 
3264,@User.IDX اذا فيفي عبده الام المثاليه جت على هذي 
3265,@User.IDX كل هذا عشان يشلون اسمهم من دولة العنصرية 
3267,لا تنسوا أنها تعيش في بلد متفتح 
3270,@User.IDX شكرا لانكم م غطيتوا ع صور الجروح وسببتوا لي بأذى نفسي❤️ 
3271,يااا أبو نتاشه ماجاش من زمان وحشانا 😂😂 
3273,طب هما جماعة ارهابية لية هما كانوا قتلوا حد؟ ومين العالم سعيد النورسي؟ 
3274,هى دى الحقيقة اللى مش عارفها غير القاده .. القاده اللى عارفين الحقائق .. لكن الشعوب مضحوك عليها بشعارات وهميه ان حماس هى البطل العربى ... الخ ... كفى ان تشاهد ما فعلته حماس من قتل لاعضاء حركه فتح لتنفرد هى بالمقاومة المزعومه 😉 
3275,@User.IDX لن تنجح قطر وكشنر بتمرير صفقة القرن 
3276,بحث هارفرد ابو 75 سنه عن سر الحياة السعيدة ، لمن كنت بتصور صورة جماعية بنص ال3 دقائق 🚶 
3278,@User.IDX مافعلته الأخت أعلاه، سد اذنيها وإكمال حلمها وشوي شوي سيعتاد الناس وسيفهمون الأمر اذكر انه قديما كانت هناك حملات تكفير لمن يشتري التلفاز وانظر الآن كيف اصبح التلفاز، اصلا الي كانو يكفرو من يشتريه هم الان اكثر من يجلس قدامه الناس بطبعها تحارب اي ش
3280,كانوا يعيشون معنا يهود وماكانوش كيفطروا قدامنا حتى جاء المني الفرنسي و الاسباني 
3281,تر يسلكلك يا عمر حسين 
3282,الكلمة المفتاحية اللي تكلمت عنها هي BOT (بوت) و هي أساس تفكير الأجهزة بصفر و واحد او ما يطلق عليه في البرمجيات if statement ، فمثلاً معظم مشاهير السوشال ميديا كانت بدايتهم ب(بوت) فكانوا يجمعون اللايكات و الإشتراكات الوهمية لصفحاتهم مما جلب لهم مشتركين حقيقيين لركوب الموجة بأن هذا الشخص مشهور فيجب ان نتبعه (بالعقلية البدائية الساذجة) فأصبحوا بالفعل الآن من أشخاص لا قيمة لهم في مجتمعاتهم لأشخاص مؤثرين جداً ، و اعتقد انت عارف الأزمة في اليوتيوب بسبب هذا الموضوع و رجاء مني انك تتكلم عن هذا الموضوع لأن هناك تأثير مباشر علينا من السوشل ميديا من أشخاص أصبحوا مشهورين بسبب الإفلاس الفكري و انتشار مطاعم البرقر اللي دائماً يحبون يقدمون النصائح عن افضل برقر 😬 
3283,اتكلم عن موضوعان ازاي اللغات اختلفت مع ان احنا من ادم وحوا وكانوا بيتكلموا بلغة واحدة 
3284,يعني على أساس فرنسا قلعة الحرية وحصن اللاجئين نسوا المخيم يلي حرقوه من فترة؟ فعليا هزلت ! 
3285,لهجات دول المغرب العربي بعدها لغات مو لهجات .. لان اللهجة هو اختلاف كلمات قليلة او اختلاف بموسيقى الكلمة .. اما تونس المغرب وخاصة الجزئر كلامهم لا يمدت بأي صلة للعربية .. لان جربت كتير مع اصدقائي ما حسنت افهم الا كلمات قليلة جدا . حياكم الله أخوتنا رابطها الدين لا اللغة 😘 
3288,@User.IDX @User.IDX قالوا لفرعون ليش قال محد يقدر على! 
3289,مع احترامي ليك ثوره يونيو ثوره حقيقيه وفي حاجات مينفعش تكلم عنها اللي بمعلومات او انك تكون عارف احداث السنه السوده اللي عيشنها مع الاخوان واللي وصل الاخوان للحكم منه لله طنطاوي وهو اللي عامل الفيلم دا كله من اول ما خد الشباب في ثوره يناير ونيمهم وعمل كل اللي هو عوزه وطمع الاخوان في الحكم لحد ما وصل تليميذو السيسي الي الحكم ومش معني ان السيسي ادانا علي قفانا وعمل كل الاخوان كانو هيعملو ان احنا كنا معا بالعكس كل الثوار يناير ياللي ثارو وقومه الاخوان بعد الحكم اول حاجه عملها حبسهم علشان ما يثوروش علي القرف اللي احنا فيه ثوره يناير ويونيو حقيقيه ميه في الميه فعيب اللي انت قولته مش علشان السيسي تهين شعب نزل في كل مكان في مصر اتاذو من الاخوان فعيلا 
3290,@User.IDX ياريت التعليقات تكون بصلب الموضوع 
3291,الجزائر شعبها واعي ليست كباقي الدول الدليل تنضيف الاحياء بعد المضاهرات شيئ و الله قمممة 
3292,@User.IDX ستاد مدينة الوكرة في قطر 
3293,@User.IDX ما هذه الأخبار الهشك بشك؟! 
3294,الله يمهل ولا يهمل الدور على الجميع ! 
3295,واضح انك كنت تعاني من الكرسيدا😂😂 
3296,عمر من متى صار لوليكون؟ 
3298,حسية تشبيك بنات كان ودي اتعلم 
3299,كنت بتسال هل زمان كان عندهم التكديس القهرى ولا لا .. ايه رايك لو بصيت على مجموعة كنوز (توت عنخ امون)؟ هتلاقى انه محتفظ حتى بالهدوم الداخلية بتاعته من وهو لسه ف اللفة ..اعتقد ان فكرة التكديس دى مش بس ف العصر الحديث ولكن موجودة فى العقل الجمعى للانسان من عصر الكهف زى ما قولت ..احييك على الحلقة الهايلة دى :) 
3301,@User.IDX اللهم ارحمه و اغفر له كان أحد مفجري ثورة تحرير الوطني 
3302,@User.IDX @User.IDX اخبار ابرياء اسرائيل ايه؟ الغرب علمك تكوني تابعه له كويس؟ انا عايش في امريكا وتسقط اسرائيل عادي يعني 
3303,@User.IDX مشروع خلق توكل كرمان سودانية 
3304,@User.IDX حتى امير قطر حمد بن خليفة هدد بتقسيم السعودية ومع ذلك تم استقباله في السعودية لسنوات طويلة .. السبب ان السعودية لا تعطي التافهين اي اهتمام لانها تعرف حجمهم .. 
3305,@User.IDX حسبي الله عليكم يا صهاينة 
3306,@User.IDX لازم نظام الكفالة يتم إلغاها و إستبدالها بنظام عقد عمل بين عاملة منزلية و بين طالب خدمة العاملة المنزلية في مكتب العمل . 
3307,متنبي العصر مع هذه الطريقة في الصوت والرسومات زادت لكلماته سحرا تجعلك تستقي منه عذب الكلمات وتنظر في الرسم الى الابداع لتروي ذوقك بالابداع شكرا وبالله لا تبخلو علينا باعمال مثل هذه.فهي طرقة جميلة وساحرة لتحسين الذوق وشد شبابنا لسماع الشعر بعدما اندثر في نفوسنا وثقافتنا 
3308,@User.IDX ماكفاهم تسببوا بوفاته والحين ينشرون عليه اشاعات وافتراء 
3310,يا جماعة الشياتين في شكوبيستان عندهم منافسين واعريين في البطولة العالمية للشيتة خاصة المحترفين في الدوري المصري و الخليجي ههههماشكيتش يشرفونا هههه 
3311,الله يعينها ويقويها ويصبرها وثوابها وثواب ولادها عند ربنا كبير .. التعب الجسدي أكيد ما بتقارن أمام ءديش همي مبينين مرضيين وحاسين فيها ومقدرينها .. ثوابهم الجنه بلا حساب يا رب 
3313,في الدقيقة 0:33 كنت تصور بكميرا حسب قولك لكن في الدقيقة 3:29 كنت تصور بجوال ممممممممم معناته انتا ما بتوثق يومك كويس ما قلت ان الكميرا طفت وبتصور من الجوال . 
3314,كما يقول المثل عندنا &quot; تفلسف الحمار فمات جوعا &quot; لا ادري ان كان هذا المثل مرتبطا مع المعضلة 
3315,@User.IDX دائماً مايرددون أن ترمب كاذب لكنهم يصدقونه إذا وافق مايقول أهوائهم! ماتفعله السعودية يلمس على أرض الواقع وماترددونه هباء منثورا وشتّان بين الفعل والكلام! 
3316,ايش الفرق بين مدونه ومذكرة🤔 
3317,لا هاتولنا انا إيمان الإمام ودي الأسبتالية التانية مش عاوزين الدخلة دي خالص 😭😭💔 
3318,تقتل مراتك إللى ربتك 😂😂😂😂😂💔 
3319,خيطي زيطي أو خيطي بيطي.. كلها عبارات مغربية تحمل نفس المعنى وهي انك غادي جاي غادي جاي ههههه 
3320,استاذ عمر من فضلك نتكلم عن موضوع اسبوع الموضه المحتشم الي حصل وعن التعليقات والهجوم عليه 
3321,الي شاف فديو باندا تحلل اكديمي على عمر حسين لايك 
3322,@User.IDX @User.IDX مفروض السويسريين يعالجوا مرض السلطة المتفشي عنده قبل أي مرض آخر 
3323,تفتكري يا إيمان في سبيل لتصنيع الجسم كامل من خلية واحدة، مش بس نستخرج عضو من الخليةيكون تطبيق أكبر لنفس الفكرة بس ننتج كل الأعضاء المكونة للجسم مع مراعاة ان كل جزء يكون تماما شبه نظيره في جسم صاحب الخلية؟ 
3324,سويت لايك عشان اسلوبك السهل في الطرح وقوته في توصيل المعلومه شكراً عمر حسين ❤️ 
3325,مطلوب اكونت البنت المغربيه حيا او ميتا 😂 
3326,@User.IDX @User.IDX كَم نحنُ مدينون لتميم على هذا الجمال الذي يروينا به ! 
3327,@User.IDX شر البلية ما يضحك غابت الهيئة وانتشر قلت الحياء والادب وسوء الاخلاق حتى اصبح الشاذ عن الأصل أصلًا، واصبح الأصل شاذًا انما الامم الاخلاق.. والام مدرسة صح فيه بعض رجال الهيئة اساؤوا استخدام السلطة في جميع المقاييس عودة الهيئة بصلاحياتها هو الافضل 
3328,@User.IDX الوحيد اللي بالعالم مش مطبع مع اسرائيل الفنان شعبان عبدالرحيم 
3329,@User.IDX اي مستقبل ؟ فقط لا تتدخلو فينا عن اذنكم نحن فقط نلعب مبارة بمبارة ولانفكر فالمباراة الماضية 
3330,ذهب بوزن الفراشة 💐💐 21 ميدالية ذهبية العدد مشابه لمجموع الدول العربية أعتقد ...هل من اعتراض ؟ 
3332,@User.IDX هاذاي القناه مخصصها الاسرائيلي عزمي أنطوان لمرتزقه جرب الشمال كلهم زلمات 😂😂 
3333,@User.IDX الفقيد عبا س المدني و حزبه الجبهة الاسلامية للإنقاذ فازو باالإنتخاب 70%من الجزائريين نتخبوهم ولكن للأسف أعداء الاسلام و الوطن الجزائرى انتزعو منهم الحكم 
3334,اههههه ما بكره احلم بس طلعت منشور زي هيك هههه يا عيب الشوم علياااااا ههه 
3335,فواصل عمر زي فواصل ام بي سي كثيرة سسه😅💜 
3336,@User.IDX هههه (لو رجعنا بيها (السندوتشات) منكن ناكلها احنا) 😆 
3337,@User.IDX @User.IDX ممتاز ، وكمان يا ريت بتطلق المعتقل جورج عبدالله لصرلو معتقل في فرنسا أكثر من ثلاثين سنة ، ولي دولتو دفنتو حي بمعتقلات فرنسا ، كل يوم في سياسين لبنانين بفرنسا وما حدا فتح تمو منهم وطالب فيه ...!!!! 
3338,@User.IDX انا ولدت بنتي بوزن 550 جرام واخذت يومين بالعنايه وشفتها بس توفت بس هم ماشاء الله عندهم عنايه انا اشوف اجانب ماشاء الله عنايتهم بالخدج 
3339,@User.IDX والفرس استغلوا الدواعش لتدمير الموصل ( طائفة سنية ) <url> 
3340,نعم انها الصحراء المغربية و ليست ملك احد ملك للمغاربة لاننا نحن من نعيش عليها و نحن من حافظ على بلادنا اكثر من الباقي فتاريخنا عريق ليس وليد الاستعمار فنحن وجدنا منذ قرون.الصحراء مغربية مغربية و افتخر امازيغية و افتخر عربية و افتخر صحراوية و افتخر.هذا تعليقي لا اريد اي تدخل من السبابين و الذيم يدخلون بين اللحم و الظفر 
3341,@User.IDX الله لا يربحهم اجمعين الا اللي اسعفوها ايش هذا ما عالجوها عشان ما معها فلوس!!! لهدرجة روح الانسان رخيصة!!! 
3342,مين لما اختك او زوجتك 
3343,@User.IDX السعوديه قادره على تدمير طهران 
3344,الرحمة على شهداء الجزائر في الحادثة الأليمة.. حادثة سقوط طائرة بوفاريك 
3345,انا كمان بحب الغندور واداءه جميل 
3346,خطوة رائعة بس اغلب الممثلين يتضامنون مع اليهود و اسرائيل 
3347,عندما تحكم المرأة تتطور البلاد ⬆⬆وسياستها رااااائعة بالنسبة لبلدها 👍👍 
3349,اهم شي تبعد عن اي شي يغضب الله..حاول وشكرا.. 
3350,تقدر تزور جمعيات خيرية أو أوقاف وتعمل تقارير عن اللي شفته وتنقل الصورة سواء جيدة أو غيرها. 
3351,لانه اصلا مب حقنا.. اهلي دايما ياخذون الصوابين حقة الفنادق وانا استحي مره ياربي افكر واقول من قلّ الصوابين عندنا يعني؟ ، هم حاطينه عشان نستفيد منه ليش نبلعه مره وحده كأننا اول مره نشوف صابون.. مدري عن السبب الثاني اللي تقصده والله لكن اشوفها فشله صراحة🌚😂 
3352,@User.IDX الحلول كثيرة ولكن حتى تضعها قيد التنفيذ لا بد من التفكير بعيدا عن المصالح الشخصية ووضع كل الخلافات والنزاعات جانبا فهذه المصيبة كارثة على كل البشر وليس فئة بعيتها 
3354,من اول مامسك الخياره وانا مش ببص غير عليها ههههههههه 
3355,OMGالدحيح مرتين في الاسبوع ياخونا ياما الدحيح مرتين في الاسبوع ياماااا يام نيازي صحي نيازي قوليلو الدحيح بقي مرتين فى الاسبوعاحلب كمان وكمان 💓💓 
3356,التحديثات المستمرة بتسبب بطئ في الاجهزة انما برنامج jisti في كام ثغره وكلهم عرضة للاختراق 
3357,فلترقد في سلام هي وكل من تعذب بهذا المرض اللعين..ولا عزاء لأصحاب العقول المتخلفة والفكر الداعشي العفن..زادكم الله جهلا 
3358,@User.IDX هذا ما جناه العرب علئ السوريين علئ المساعدات المقدمة 
3359,لكتقولو عليه هبيل فهد اربعسنين لمجا ادا مسجدولوش حكام الغرب والعرب راه لاباس 
3360,عندي سؤال: فش شخص قال انا هندوسي بس بعدين كان يصلي معكم كيف؟ 
3361,صاحب الانتروهات الجاحدة دايما ❤❤.بعمل فيديوهات طبية علمية ❤❤ 
3365,@User.IDX اسأل وزير الخارجية القطري لماذا ذهب الى السودان، وبالمرة اسأله لماذا رجع دون انجاز مهمته. 
3366,تتواجد شجرة العود او مايسمى بالاكيلاريا بمنطقة شرق اسيا يبلغ طولها حوالي 20 متر تنتج زيت العود الدي هو عبارة عن انزيمات مضادة لمجموعة من الجراتيم والفطريات التي تصيب هداالشجر على مر سنين طويلة حتى يصبح لون الخشب بني غامق يستخدم في صناعة العطور العربية وبالنسبة لخشب العود فهو من انواع الطيب التي كان يوصي بها النبي صلى الله عليه وسلم . 
3367,بصراحة مش بحق الأنتظار الفترة هذي كلها 😑😑😑😑 
3368,@User.IDX سبحان الله عالم متناقض بلا حدود اين اذاً الحرية اللي تدعون الجميع الى احترامها فعلا قبح سياسي 
3369,من فوائد (لا حول ولا قوة إلا بالله) جميله جداً رااااااائعه استمعوا ـ لهذه القصة، وقولوا : لا حول ولا قوة إلا بالله ذهب عوف بن مالك الأشجعي إلى رسول الله عليه الصلاة والسلام وقال له: يا رسول الله، إن ابني مالكًا ذهب معك غازيًا في سبيل الله ولم يعد، فماذا أصنع؟ لقد عاد الجيش ولم يعد مالك رضي الله عنه، قال رسول الله عليه الصلاة والسلام: ((يا عوف، أكثر أنت وزوجك من قول: لا حول ولا قوة إلا بالله)). وذهب الرجل إلى زوجته التي ذهب وحيدها ولم يعد، فقالت له: ماذا أعطاك رسول الله يا عوف؟ قال لها: أوصاني أنا وأنتِ بقول: لا حول ولا قوة إلا بالله. ماذا قالت المرأة المؤمنة الصابرة؟ قالت: لقد صدق رسول الله عليه الصلاة والسلام ، وجلسا يذكران الله بقول: لا حول ولا قوة إلا بالله، وأقبل الليل بظلامه، وطُرِق الباب، وقام عوف ليفتح فإذا بابنه مالك قد عاد، ووراءه رؤوس الأغنام ساقها غنيمة، فسأله أبوه: ما هذا؟ قال: إن القوم قد أخذوني وقيّدوني بالحديد وشدّوا أوثاقي، فلما جاء الليل حاولت الهروب فلم أستطع لضيق الحديد وثقله في يدي وقدمي، وفجأة شعرت بحلقات الحديد تتّسع شيئًا فشيئًا حتى أخرجت منها يديّ وقدميّ، وجئت إليكم بغنائم المشركين هذه، فقال له عوف: يا بني، إن المسافة بيننا وبين العدو طويلة، فكيف قطعتها في ليلة واحدة؟! فقال له ابنه مالك: يا أبت، والله عندما خرجت من السلاسل شعرت وكأن الملائكة تحملني على جناحيها. سبحان الله العظيم! وذهب عوف إلى رسول الله عليه الصلاة والسلام ليخبره، وقبل أن يخبره قال له الرسول عليه الصلاة والسلام: ((أبشر يا عوف، فقد أنزل الله في شأنك قرآنًا:( وَمَنْ يَتَّقِ اللَّهَ يَجْعَلْ لَهُ مَخْرَجًا *وَيَرْزُقْهُ مِنْ حَيْثُ لا يَحْتَسِبُ وَمَنْ يَتَوَكَّلْ عَلَى اللَّهِ فَهُوَ حَسْبُهُ إِنَّ اللَّهَ بَالِغُ أَمْرِهِ قَدْ جَعَلَ اللَّهُ لِكُلِّ شَيْءٍ قَدْرًا) اعرف ان لا حول ولا قوة الا بالله كنز من تحت عرش الرحمن وكمان ودواء من 99 داء ايسرها الهم هذه فوائد لا حولا ولا قوة الا با لله ان تمت القراءه فاكتب لاحول ولا قوه الا بالله او اذكر الله بما شئت يحفظكم الله ويراعاكم 
3370,سويت قناة عشان اعطيك دس لايك 
3371,قطر مجرد مقاطعة فقط وحصلت على الغذاء والشراب من تركيا وايران لكن الازمة في سوريا : 4 مليون لاجى مليون قتيل الشعب كله تحت خط الفقر بنية تحية مدمرة ولا حدا بيسال عن الازمة السورية قطر دولة بحجم دمشق والسويداء ودرعا فقط وصار كأنو هي امريكا مو هيك 
3372,شايب و مكبوت و يسمي نفسه مخرج و ما عندو كان فيلم واحد معروف عصفور سطح اكثر لقطاته مصورة في حمام النساء 
3373,@User.IDX أذا المرء على نفسه قد هانا، يكون على غيره أهونا هو ليه بمرمطهم كذا على طول 🤔🤔 
3374,افغانستان البنت ماتقدر تسوي حساب في البنك؟ هل المعلومه هذي صحيحه؟ 
3375,@User.IDX الربيع العربي النسخة الثانية يأكد أن الشعوب هي ولاة الأمر وأصحاب الكلمة و القرار!! 
3376,@User.IDX تحيا مصر وعاش السيسي اللي اهان قطر وادبهم <url> 
3377,دايما اصحاب العزيمه والصبر دول اللي رافعين اسم مصر وبيحققوا ميداليات .. والله لقب المشير قليل عليه 😉 
3379,هذا الفلوق الي المفروض بنهايته تبكي .. أجمل فلوق 
3380,يارب الي يسوي لايك ياخذ 98% والي يسوي اشتراك ياخذ 99% والي يسويها كلها ياخذ 100% 😍😍😍😍 
3381,ههههه مسيحموفوبيا ...حلقة جميلة والله جزاك الله كل خير جد متشوق لفيديو الاسبوع القادم لك مني خالص تحياتي 
3383,حسبي الله ونعم الوكيل عليهم يارب يارب يارب يارب لطفك ورضاك اللهم احفظ الإسلام والمسلمين اجمعين 
3384,لاحول ولا قوة الا بالله حتى الالم رب العالمين معطيه للبشر نعمة سبحانك ربي 
3385,ا😊نا مريضة بداء السكري وأعرف عنوا انه مرض خبيث جداااا إدعولي يا أخواني فدعوة الغريب أحسن من دعوة القريب 
3386,السعودية لها تاريخ قبل الإسلام.😐..😂😂😂😂😂 
3387,مشالة عليها انا عمري 15وما اعرف سباحة هههههههه:-D 
3388,@User.IDX حسبي الله و نعم الوكيل!!!! 
3389,@User.IDX 🔻عاجل ولايـة غرب إفريقية تفجـ٬ـير عـ٬ـبوة ناسـ٬ـفة على آلية مدرعة للتحالف الإفريقي الصـليبي في بلدة (باغا) بمنطقة برنو، ما أدى لإعـ٬ـطابها وهـ٬ـلاك 3 عناصر وإصـ٬ـابة آخرين كانوا على متنها، ولله الحمد. 🔻 <url> 
3390,ترا رئسيهم ذا زينة بس السالفة كلها في المثلث حقهم دا 
3392,@User.IDX هذا يحتاج لإحصائية لعدد من عددو الزواج وتركو فالشارع زوجتهم واولادهم ما أعرفه ان الشباب في اغلب الدول العربية لا يستطيعون الزواج بواحده الا بعد سنوات طويله بسبب تكاليفه فكيف يحدث ما قاله وبكل بساطه كل واحد منكم يلتفت يمينا وشمالا في شارعه الذي ي
3393,طيب بس الحياة مو عادلة ي عمر .. انت تقفل مواقع التواصل عشان تتكلم مع اللي حولك وتتواصل معاهم .. طيب انا وش ذنبي لاني مو حولك ومحبوس في شاشة ما اقدر اتواصل معاك ؟ اعتقد ان لما تكون موجود وتتواصل معانا ومع اللي حولك كمان بيكون فيه نوع من العدل. 
3394,@User.IDX سيفترق القرآن و السلطان اذا فما الحل؟؟ الصحابة يقولون دوروا مع القرآن حيثما دار . بالعربي الفصيح دافعوا و تمسكوا بالعلماء الأحرار ولا تنجرفوا أو تميلوا مع الحاكم و السلطان. السلاطين طلاب فتن واستبداد اما القرآن منهج هداية و فلاح دين و دنيا. 
3395,لوكان بابا الفاتيكان او اي قس من كنيسة وكان القاتل من اصول عربية لكان الرد انو الغرب والعرب والامم المتحدة وبانكيمون تنكرو للاعتداء لكنه مسلم عربي........!!!!؟؟؟؟؟؟ حسبي الله ونعم الوكيل ولا حول ولا قوة الا بالله العلي العظيم 
3396,البشرية من زكائها أنشأت زكاء يغلب زكائهاإي الغباء ده 😂 
3397,@User.IDX من اجمل الصفحات التى تابعتها يوما من يعدل الأخطاء الإملائية جدير بِنَا ان نتابعه وان نشجعه 
3398,سوف ينقرض الخبز بعام 2092 وذلك بسبب انخفاض درجات الحرارة وانقراض طائر الهدهد 
3399,ههههههههههههههه ضحكتني أنت ويزن .. اسم الله عليه الولد نبيه ويسوي عكس كلامك وأنت عرفت له خخخخخخ .. الله يحفظكم يارب وموفقين جميعا .. ومبروك الدرع تستاهل كل خير 
3400,@User.IDX حسبنا الله ونعم الوكيل ربي تغمد جميع الشهدا برحمتك وصبر ذويهم 
3401,@User.IDX طالما قطر زعلانه منه معناته الرجل المناسب 
3402,مش مفهوم انت شو مرات تقول حكم وفلسفات شخصيه ومرات مافي هدف واضح من تسجيلاتك اليومية ...!!! يعني شو الهدف ... اما عن الضحك مممممممممممم الي حد ما مضحك مش كثير ربما لانك في الاساس لاتنشر الكوميديا ..عموما مازلت متابعة جديدة لقناتك ربما بعد عدة مشاهدات يتغير رايي ..موفق 
3403,حبيبي ياشيخ عمر حسين برافوو 
3404,@User.IDX حكومات عربية نفس عقليات الاجرام عندهم استعداد يسلمون البلد الي اي دولةً اجنبيه ايران او امريكا الا وطنهم 
3405,المقطوعة الموسيقيه اللي في أول الفيديو حد يعرف اسمها اية أو لاي مؤلف 
3407,لو السوريين حبو بلدهم متل ما الأتراك عملو ماكنا وصلنا لهل مرحلة وتهدم حضارة عمرها سبع تالاف سنة 😔 
3408,لعبة اطفال وعدم نظام وفوضوية 
3409,عمر حسين اعظم يوتيوبي على الإطلاق 
3410,توي اكتشف القناة وعجبتني تستاهل اكثر من كذا ليكات وإشتركات الله يسعدك و يوفقك 💖😊 
3411,اتمنى اخلي مئه لايك كثير احبك واحب طريقه تقديمك 😍😍 
3412,مبارك كن اشجع الرجال. ... صبر وتحمل حتى اثبت براءته...... 
3413,والله مدري اذا ما فهمتك عشاني تعبانة ولاا فعلا كلامك كان الغاز 
3414,انت اجمد كوميدي ساخر علي الكرة الارضية والله 
3415,@User.IDX لن يفوز الا اردوغان هذا الشخص معروف بمسرحياته 
3416,مو طيب الدونر التركي ابدا ولا حتى ع طريقة اللبنانية مو طيبة 😢 بعد الشاورما السوريا مستحيل الواحد يلاقي 😢😢 
3417,@User.IDX @User.IDX ٢١ مليون ماحترجع سنه من سنين حياته الي ضاعت كلها وهو مظلوم 
3419,ابدا مافيه علاقة صداقة بين الاثنين لا عقلاً ولا دينياً 😅 
3420,وأن نانا شتنانلا إلها زمن ما شفناها 😦😮😔 
3421,متى يكون عندي أصحاب أغنياء 😔 
3422,عمر حسين من الناس القليلة جدا اللي فعلا تستاهل الواحد يخصص دقائق من وقته عشان يتابعها 
3425,ايه العبط ده ..انا كنت هعيط وانا مش فاهمة حاجة 😂😢 
3426,@User.IDX سليماني الي ماتدري عنه ان مشروع شريفه وخواتها تحطم ونهار على يد هل العوجا . 
3429,@User.IDX @User.IDX لا حولا ولا قوه الا بالله ،حسبنا الله ونعم الوكيل 
3430,تاخرت عن شوفت الفلوق ذا لانشغالنا بالجامعه بس كان خفيف وجميل ادينا كمان فلوقات كذا استمر 
3432,@User.IDX سبحان الله كيف هؤلاء الناس يفكرون.. اذا وجدت نظام في بلدي لم يعجبني ذهبت إلى دولة اخرى وصلت وجلت في تشويهها بمنطقهم هم واقوم بحملة اعلامية حتى ارغم بلدي العزيز علي بوجهة نظري لم ارى احمق من ذلك ولا اكثر من ذلك خيانة؛ وكأن امريكا أفضل واكثر أمنا 
3433,"""انا اريد بس تقرا هذا بلسانك دعاء يحول حياتك جنه ان شاء الله دقيقه كتير على ربنا؟؟؟؟؟؟؟ لا إله إلا الله الحليم الكريم لا اله إلا الله العلى العظيم لا اله إلا الله رب السماوات السبع و رب العرش العظيم اللهم إنا نسألك زيادة في الدين وبركة في العمر وصحة في الجسد وسعة في الرزق وتوبة قبل الموت وشهادة عند الموت ومغفرة بعد الموت وعفوا عند الحساب وأمانا من العذاب ونصيبا من الجنة وارزقنا النظر إلى وجهك الكريم اللهم ارحم موتانا وموتى المسلمين واشفي مرضانا ومرضى المسلمين اللهم اغفر للمسلمين والمسلمات والمؤمنين والمؤمنات الأحياء منهم والأموات اللهم ارزقنا حسن الخاتمة اللهم ارزقنا الموت ونحنوا ساجدين لك يا ارحم الراحمين اللهم ثبتنا عند سؤال الملكين اللهم اجعل قبرنا روضة من رياض الجنة ولا تجعله حفرة من حفر النار**اللهم إن نعوذ بك من فتن الدنيا اللهم أن نعوذ بك من فتن الدنيا اللهم أن نعوذ بك من فتن الدنيا اللهم قوي إيماننا ووحد كلمتنا وانصرنا على أعدائك أعداء الدين اللهم شتت شملهم واجعل الدائرة عليهم اللهم انصر إخواننا المسلمين في كل مكان اللهم ارحم إبائنا وأمهاتنا واغفر لهما *وتجاوز عن سيئاتهما وأدخلهم فسيح جناتك وبارك اللهم على سيدنا محمد صلى الله عليه وآل وسلم اذا ارسلت هذا الدعاء لكل الجروبات الي معاك كل من قرأ هذا الدعاء هناك ملك يقول ولك مثل ذلك دعاء لا تستطيع الملائكه الأنتهاء من كتابه حسناتك !! .,, .,, .,, .,, ... .,, قال رجل من السلف """" لا اله الا الله عدد ما كان و عدد ما يكون و عدد الحركات والسكون """" وبعد مرور سنه كامله قالها مرة أخرى ,, فقالت الملائكه: أننا لم ننتهي من كتابة حسنات السنة الماضية . تخيل لو قمت بنشرهـــــــا في 10 جروبات ورددها المئات من خلالك ,,, فكـــــم ستحصل من الحسنات """
3436,"""عن أبي هريرة رضي الله عنه قال: قال رسول الله صلى الله عليه وسلم: """"ما لعبدي المؤمن عندي جزاء إذا قبضت صفيه من أهل الدنيا، ثم احتسبه إلا الجنة"""" ، كما في رواية الإمام أحمد والترمذي من حديث أبي موسى الأشعري أن رسول الله صلى الله عليه وسلم قال: """"إذا مات ولد العبد قال الله لملائكته: """"قبضتم ولد عبدي؟"""" فيقولون: نعم، فيقول: """"قبضتم ثمرة فؤاده؟"""" فيقولون: نعم. فيقول: """"ماذا قال عبدي؟"""" فيقولون: حمدك واسترجع. فيقول الله: """"ابنوا لعبدي بيتا في الجنة وسموه بيت الحمد"""". نسأل الله تعالى أن يرزقنا و اياكم الصبر على القضاء و الرضى بما قسمه الله لنا حتى نلقاه و هو راض عنا """
3437,الذهب يا دحيح أتكلم عنه انتظر هذا منذ زمن شكراً 
3438,جميل.. بس خوفك يطبق على باقي اعضاء الجسم ويزرعون ...🙊 في ذراعه 😳 مشكله 😬. 
3439,يبدو ان تركيا لم تنسى ماذا فعل بها حكام الخليج بتامرهم مع لورنس العرب ضد الدولة العثمانية في ايام انحطاطها وكانها بتدعيمها لقطر كانها تنتقم لنفسها بدون صراخ ولا ضجيج 
3440,@User.IDX المرأة الحرة لا تتراقص وسط الرجال.... 
3441,@User.IDX هذ البسوس احذروه ياشعوب العالم أنه لفتنه 
3442,سليكتو حمود بوعلام والله أفضل بألف مرة من بيبسي وكوكاكولا. ... وصراحة اول مشروب كي ندخل للحانوت نحوس عليه هو سليكتو. 
3443,@User.IDX لله درك ياولي العهد كم أصبت هؤولاء بلجنون والهذيان........ 
3444,@User.IDX هذا المواطن اليمني لخص جريمة الاغتيال بأبيات شعرية <url> 
3445,من أحاديث الشام واليمن: قال رسول الله صلى الله عليه وسلم: سيصير الأمر إلى أن تكونوا جنودا ًمجندة جند بالشام وجند باليمن وجند بالعراق. فقال ابن حوالة خر لي يا رسول الله، إن أدركت ذلك، فقال: عليك بالشام فإنها خيرة الله من أرضه يجتبي إليها خيرته من عباده فأما إن أبيتم فعليكم بيمنكم واسقوا من غدركم فإن الله توكل لي بالشام وأهله. رواه أحمد وأبو داود والترمذي 
3446,نيكولس حبيبنا انا بحييك وبحيي. جهدك بس عندي نقد بخصني ليش لما تحط علم سوريا بتحط علم النظام انا كى انسان سوري حر بطلب منك تغيرو وتحط علم الاستقلال السوري 
3447,اود ان اصحح معلومه صغيره: دكتور ماكياريني من مؤسسه كارولينسكه السويديه المسؤول عن زراعه القصبه الهوائيه (trachea) زور نتائج تجاربه العلميه و كل مرضاه توفووا نتائج زراعاته و تم فصله من منصبه و توقف اي دعم مادي لأبحاثه 
3448,@User.IDX الجزائر للخير ان شاء الله وبربي نعيشو مهنيين وحرين 
3449,بس النقاب مو واجب يعني البنية اذا تنقبت او لا عادي مراح يحاسب عليهه الدين 
3450,إلى الشعب المغربي : هذه الحادثة حقيقة ولكن هذه الصفحة تريد نشر الفتنة في المغرب العربي في المغرب و الجزائر و تونس....؟؟ لو تلاحظ جيد سترى ماذا تنشر و ماذا تريد....!!! 
3451,رحمه الله و غفر له و نسأل الله تعالى ان يدخله فسيح جناته بغير حساب و لا عذاب و لجميع اموات المسلمين اجمعين 
3452,@User.IDX لماذا تنصبغ الكوميديا دائماً بالبشرة السوداء ؟! هل الشخص الابيض يراها مضحكة او بالاحرى الشخصية المصرية ترها للفرجة والضحك لماذا لا يجسدون شخصيات سوداء ف غير موضع الضحك ،، كفو عن السخرية من شعبي الكريم سامحكم الله 
3453,@User.IDX ههه فاز الملك عاش الملك .اسالي شعبه اكثرهم لايريدونه 
3454,عيال بنات اتمنى دعمكم لقناتي 
3455,لو كل فنانين العرب حاولوا يستقطبوا نص فنانين اوروبوا ويوجهوا نفس السؤال للحكام ماحد هيجاوبهم لازم رد فعل قوى وحاسم من كل الشعوب كلنا متخاذلين عن التفكير ف حل لمشاكلنا ال سايبينها ف ايد بشر زينا ب ايدهم بيقرروا احنا نموت او نعيش 
3457,اليوم هذه الصفحة لم تجد ما تثير به الفتنة و النميمة إلا هذا الموضوع 😏😏🐸🐸 
3458,اغنية المقدمة تقول without politics ، وانت فيديوهاتك الاخيرة اغلبها سياسية 😬 لازم نغير المقدمة او نحذف هالجزء منها، و تصير without pornographers only . 
3459,@User.IDX وما زال هذا الفكر يتغلغل في كل مكان و زمان 
3460,الله يرفع من قدرك و يزيدك جمال و كمال. 
3461,@User.IDX كل المحاولات التي تقوم بها قناة الفتنة وشر ضد السعودية قد فشلت وخسرت وتكسرت تحت أقدام السعودين اللهم لك الحمد 
3463,@User.IDX من امير قطر ورئيس تركيا 
3465,هذا العالم يحتاج لشخص مثل ترامب العالم يحتاج للسييئين للمنافقين لأصحاب الوجوه اليابسة الغير معبرة صاحب ذا الوجهين لأن المحترمين الذين يحملون الإنسانية في قلوبهم لم يعد لهم مكان في هذا العالم المنجر وراء كل جديد وراء كل موضة تجعل الأخضر يابسا موضة الرعد والبرق موضة الخريف العربي .. العالم يستحق ترامب لأن الحل في يده الكرة الأرضية أصبحت مريضة بالبشر وعلاجها في برنامج ترامب برنامج التصفية النهائية الأبدية فالحقد الذي يحمله ترامب يعادل قنبلة نووية والعالم يترقب إنفجار حقده كمفاجأة لسنة 2017 سترك يارب 
3466,الله سبحانه و تعالى قال : ادْعُوهُمْ لآبَائِهِمْ هُوَ أَقْسَطُ عِنْدَ اللَّهِ فَإِنْ لَمْ تَعْلَمُوا آبَاءَهُمْ فَإِخْوَانُكُمْ فِي الدِّينِ وَمَوَالِيكُمْ وَلَيْسَ عَلَيْكُمْ جُنَاحٌ فِيمَا أَخْطَأْتُمْ بِهِ وَلَكِنْ مَا تَعَمَّدَتْ قُلُوبُكُمْ وَكَانَ اللَّهُ غَفُورًا رَحِيمًا (5 ما قال ادعوهم لأمهاتهم. الأبناء يلتحقون بالآباء بالنسب و الدم و الاسم و الجنسية طبعاً اما الام فلا يمكن نسب الأبناء اليها و لا الى نسبها و لا الى جنسيتها. و بالحقيقة يزيدني تعجب و استغرب ممن يريد ان يحصل على جنسية أمه لماذا لا تفتخر بجنسية ابوك و تحملها حالك كحال الشعب الى ينتمي اليه أباك 
3467,رائعة رائعة رائعة اللللف مليووون 💛💛💛💛 
3468,مادم ضد المثاليين فهو على حق ام المسلمون فلهم بلدانهم لماذا يعشقون بلاد الغير 
3469,والله انت ومقاطعك بطله بشكل 😻👌🏻 
3470,بالنسبه للي حاقدين على مواليد البلد وحقوقهم وماحقوقهم وهل لهم حقوق أصلا أنا مقيمة في السعودية ومن مواليدها أبوي وامي لمن قررو يجو السعودية قبل ٤٥سنة صدق او لاتصدق ماكانو يعرفو لا بترول ولا تحويل فلوس ولا مشاريع ولا اي حاجة جو للحج،، لمكة ،،فقط لا غير واللي خلاهم يجلسو انهم اعتبرو نفسهم مهاجرين لارض الدين وبلد الرسول لا كان في وقتها لا إقامة ولا اجانب ولا اي شئ وبعد ما طلعت السوالف دي كلها أبوي قبل لا يتوفى قرر انه يرجع بس لما راح علشان يضبط الأمور قبل لا كلنا نروح تخيلو إِيش اكتشف ..انه الناس اللي مثله بيتعاملو في بلدنا الأصل معاملة الأجانب هنا بالضبط يعني خائنين واخترتو تعيشو في بلد الناس بدل بلدكم ومافيكم وطنيه!!! يعني أنا وكثير غيري في معضلة حقيقيه هنا اجانب ومضيعين البلد وهناك اجانب رجعنا مذلولين بعد مانطردنا من البلد اللي اتولدنا وعشنا فيه ..صدقوني أنا أحب السعودية لأني ماعرف بلد غيرها بنفس الوقت لما اشوف اللي جاي بفيزا قبل سنة او سنتين وهمه الوحيد كيف يجمع اكبر قدر من المال ويطلع وعلى من بعده الطوفان وراتبه قد راتب خمس سعوديين بيتعامل معاملة الامرء والسادة شئ يغبن لان اللي زي لو اتوفرت لهم فرصة مثل فرصة باقي الأجانب مو السعوديين هيخدم البلد بس من غير ما يطلع ولا ريال برا البلد لان أصلا مايعرف بلد تاني وخيره للسعوديه بس للاسف مواليد السعودية هم اجانب درجة ثالثة بعد الدكاترة الفاشلين في بلدهم وجايين يطقطقو هنا وبعد العمالة اللي ارتكبو جرائم لها اول مالها اخر💔💔💔💔💔 
3471,ربنا يحقق حلمهم ويكون عندهم دولة مستقلة 
3472,احب اقولك ان فقرة فاصل كتكوت تموت ضحك لاني احب الحيوانات كثير ❤️❤️❤️ 
3473,@User.IDX المراءة المرءة المرئة المرآه آاااااه آه يا قلبي 
3474,انا بس بدي اعرف يعني ايش او ام جينز ؟! كتبتها علي المترجم بالعربي وبالانجلش وما طلعت 😂لايك مشان يحطوها في حلقة الاسئلة. 
3476,يا رجل الediting حقك مجنون. ماشاء الله 
3477,جزاك الله خيرا وبارك الله فيك 🙏🏻احترام 
3478,يوم قريت إسم الفيديو كان ودي أعطيك كف (مجازي). يوم خلص الفيديو صار ودي أعطيك وردة. 💐💐💐💐💐💐💐💐💐💐💐💐 
3479,@User.IDX الا تستحق أدلب نقل أخبارها والجرائم التي يفعلها الروس هناك 
3480,@User.IDX أعتبره رمزآ للنضال والحريه.. والدليل عداءه لأمريكا 👌 
3481,@User.IDX ياقلبي شوفوا أمه كيف فرحانة 
3482,"""@User.IDX رئيس فرنسا الماكر يتوعد بالقضاء على الاسلام السياسي """"من المؤمنين رجال صدقوا ما عاهدو الله عليه منهم من قضى نحبه ومنهم من ينتظر وما بدلو تبديلا"""" """
3483,فعلا منطقة مميزة يشرفني أن أكون من أبناء المنطقة يشرفني زيارتكم لأشهر موقع في مرزوكة يسمى موقع المدفونة الفيلالية : المدفونة دوت كوم سنوفر لكم جميع الظروف 
3484,قناة السويس قريبا لح تصير بلا قيمة 
3486,صراحة اكثر بلد عربي بحترمه وبحترم اهله الاردن الشقيق ❤️ الله يسعدكم يا اردنية 🥰 من فلسطين وكل الاحترام للملك عهيك كلام 
3487,@User.IDX الله يعزه يارب❤️ نحن قوم اعزنا الله بالاسلام ومهما ابتغينا العزة بغيره اذلنا الله. انظروا لحال الامة الاسلامية يوم طبقت شرع الله حتى حكمت اقصى الارض الى اقصاها واصبحت الزكاة لا تجد من يأخذها لأن البلاد لم يبق بها فقير. وحالنا اليوم يموت اهلنا في
3488,حسبى اللة ونعم الوكيل فى القاضى 
3489,كلاسيكو #السعودية_وقطر حكم المباراة المُرتشي #ترامب و تركيا و إيران على مدرجات التشجيع 
3490,@User.IDX كوم تناقض وخبث ، كان سبب فىًكل بلاوى البلد ،الرحمو من الناس إنّو ميت لوًكان حى 😡 ، ضرب الحزب الشيوعى الكان فى وقتها اقوىً حزب فى الشرق الأوسط وتسبب فىً إسقاط نميرى بقانون الشريعه وتتسبب فى إعدام محمود محمد طه وفى النهايه جوز أمامه المرأه للصلاه
3491,انت رائع انا كنت اشوف عناوين فيديوهاتك لكن كنت اعتقد ان فيديوهاتك عادية لكن لما شفت حلقات الحرب العالمية و كريم بنزيما حبيتك و ما تركت فيديو يفوتني 
3492,@User.IDX اذا الفرس احتلوا اربع دول عربيه حاسدين اليهود على شقفة ارض بالعافيه 
3493,احب طريقتك في معالجة المواضيع from Algeria bonne courage 
3494,@User.IDX وسائل الاعلام تشارك بعناوين مزيفة في شهر ابريل فقط اما انتم على مدار السنة ؛) 
3495,اول مايبدأ الحلقه يقول بسم الله الرحمن الرحيم وهذا يوكد انه غير ملحد ياجماعه 
3496,@User.IDX وطني مفقود ، ضائع ، مشتت،ملئ بالدماء ، وطني مات صوت الحق فيه ، وطني هدر الدم فيه ، وطني يؤلمني فقط .💔 # متى تعود الحياه لوطني 
3497,سؤالي ياعمر حسين بما قلت سالفه الفلوس كم تجيب فلوس في المقطع الي مشاهدته 100 الف :) 
3499,انا كرئيس دولة اغلب الي عملوا اعمال ارهابيه هم من المسلمين اول قرار سوف اتخذه منع المسلمين من الدخول ليس الى الابد لكن لكي يقوموا المسلمين نفسهم بمحاربة داعش والارهابين وقتها سوف اجعل المسلمين من الدخول الى بلدي 
3500,ربنا يوفقك بجد طريقتك فظيعة ف الالقاء 
3502,هههههه انا فكرت انك ضربة بوية يعني تضاربت مع بنت متشبهة بالرجال ههههههه 
3503,@User.IDX هالشي عار عن الصحة هناك عشرات الحالات التي وثقت لهجومها على الانسان واغلبها يكون بالخطأ بسبب اعتقادها بأن فريستها هي فقمة هذاي الحيتان اخطر من القروش عندما تكون جائعة وهائجة مع مجموعة 
3504,الحمدلله ع نعمة الاسلام واتباع سنة نبينا محمد عليه الصلاة والسلام ❤ 
3506,@User.IDX الطغاة يخشون العلم لأنه يوقظ الشعوب من غفلتها . 
3507,#قاضي_العداله_قاتل بعد اذنكوا انشروا الهاش تاج يمكن يكون طريق علشان نجييب حقه 
3509,الاحسن انه نساء المسلمين ترجع لامر ربها وسنة رسولها الكريم محمد صلى الله عليه وسلم وتلبس اللباس الشرعي الي برضي الله وبرضي رسول الله مش اللي من فوق ل الله ومن تحت ل عبد الله بعدين ما بيصير تحرش 
3510,@User.IDX ممدوح هذا له ولذا الحساب وللعالم اجمع 
3511,انا فهمت كل الي قلته بس لين الحين ماقدرت اتخذ القرار حطيت مثال للخطوره المنخفظة وللخطورة العاليه و للخطوره المجنونه بس الي نص و نص ؟ والحين معي مبلغ لنقول 20 الف اسثمر فيه الحين ولا انتضر و اجمع مبلغ اكبر استثمر كل فلوسي من طريق واحد ولا اقسم فلوسي على استثمارات مختلفه ؟ 
3512,@User.IDX أرسلوهم علينا نحن السعودية 😥ليه الإعدام بحقهم 
3513,لو ياخذون نصف راتبي ماقلت لا حكومة جعلت من الصحراء جنة يعني مافيه امل للفتنه 
3515,@User.IDX حسبنا الله و نعم الوكيل 
3516,نفسي ترجعي تاني يا ايمان انا بحبك جدا والله 
3517,بشوفه سعات عند الكليه بس مافكرتش اشتري منه ولا مره بس لما اشوفه المرة الجايه إن شاء الله هبقي اشتري منهم 😍 
3518,@User.IDX اوف اوف اوف كل الدول جايبه العيد سرا وعلناً والعرب يتهمون السعودية بالتطبيع عشان يخفون مصايبهم مع انها الوحيدة الثابته 
3519,@User.IDX على كذا فيه كثير سعاودة بنطالب بترحيلهم إلى جزر يعيشوا فيها بروحهم ، اذا تصرف 10 او 20 سوري يعمم على شعب كامل ، ف لازم نعمم التعنيف و إنتقاص *حق* النساء من نصف الشعب و الوصاية و التخريب و التحرش على كل الذكور و نرحلهم إلى غير رجعة 😂 
3520,المغرب دولة كبيرة وحضارة و تاريخ و حاضر.الآن في المغرب نهضة و تقدم ورقي. ماحدث غير مقبول و يجب ان يدرس. قد يكن تململ من الشباب لذا وجب أخذه بعين الجد حتى لا يتطور الى ما لا يحمد عقباه. حفظ الله المغرب و أهله و جميع بلاد المسلمين 
3521,@User.IDX ليش مستعجلين مااحد يبي يعاقبه في الدنيا قريبا يلقى عقابه الشديد لابد الآبدين 
3523,حقيقي التصوير من زوايا مُختلفة أكثر متعة والدليل ثنيان خالد يسوي هالحركة وقناته مُفضلة لناس كثير وڤلوقاته من أحسن الڤلوقات👍🏻،فيديو جميل جداً استمر عمو عمر 💪🏻 
3524,خخخخخ ،، جوج فرنك ،خهخخحههخخخهخهخ 
3526,لا يا أخوي نوكلس الشيخ الدكتور أحمد الوائلي من رجل الدين القلائل الذين يدعون إلى وحده الصف والدين ونبذ العنف والفرقه اولا مره منذو ان تابعت البرنامج أحس بي الضيق بسبب الفيديو الاخير عن الدكتور أحمد الوائلي رحمه الله تعالى واسكنه فسيح جناته ويلهم أهله وذويه الصبر والسلوان وان لله وانا اليه راجعون. 
3527,"""@User.IDX قال حذفته واجت تعتذر اجت تكحلها عمتها ... بتحكي ستبقى القدس""""الشرقية"""" عاصمة فلسطين """
3528,ربنا يحفظ لبنان وتكون دولة كفائة وتتحسن الحكومة يا رب 
3529,عسى يكون التغيير للأفضل بما فيه للأمه العربيه والشعب الموريتاني تحياتي آخوكم من العراق العظيم 
3531,أنا سوري ... بدي أعيش و أموت و من بعدي يعيشوا ولادي بسوريا ديمقراطية ... سوريا بيتساوى فيها كل أبناءها تحت سقف قانون عادل ... بدي بلد ما يكون الإنتماء الطائفي شرط أساسي حتى أكون رئيس ... بدي بلد تكون نتائج الإنتخابات الرئاسية (التعددية) و التشريعية فيه مفاجأة ... بدي بلد أحكي فيه ضد أي مسؤول بما فيهم الرئيس بدون خوف ... بدي بلد أقدر أجرجر أكبر مسؤول مخابرات بالمحاكم إذا تعدى علي بدفشة ... أحلام بسيطة ما ؟! 
3532,أكثر شيء عجبني انه التعليقات على الفيديو كلها مؤدبة و الناس تعلق لبعض باحترام أول مرة ما أشوف كره في التعليقات! متفاجئ! ! يا إما متابعينك راقيين (و أنا منهم p; ) يا إنك تمسح كل تعليق سيء في الحالتين أحسنت صنعا يا هذا 
3533,@User.IDX شريفة لما تتصور وهيي مستحية <url> 
3534,مرحبا فيديهاتك رائعة وانا لم افوة حلقة بي توفيق ايها رائعون 
3535,من يحب السليط من الجزائر ♥ 
3536,بحب احضرك كتير اسلوبك جميل جدا و قريب عالقلب الله يوفقك 🤗 
3537,اه بس صناعة صهيونية طبعا افادوا المسلمين من خلال الشراكة و الأخوة السعودية الاسرائيلية 
3538,موسيقى وتصوير خطير يوم عن يوم عمر يستمر في تزبيطنا بالفديوهات الجميلة 
3539,@User.IDX القوة للمحتل يفعل مايشاء مايؤخذ بالقوة لا يسترجع إلا بالقوة واضح ولا تحتاج للتحليل او توضيح (... وأعدو لهم ما ستطعتم من قوة ...) كلام الله بين 
3540,المصريات لهن قصص وحكايات بطولية كثيرة.. ربنا يجازيها خير عما تحملت وصبرت 
3541,احلى بلد و أطيب أهل تحيا من سوريا 
3542,@User.IDX من يملك السلاح يفرض الأمر الواقع 
3543,Rahma Khaled في حاجات كتير بحس بيها مش بلاقي ليها كلمات ساعات بحس انه في الم مش ينفع أشاركه لانه مفيش كلمات توصفه وفِي برضو فرح محدش هيفهموا 
3548,والله كلامك سليم والطب صار تجاره وسرقة جيوب الناس وفيهم جشع وما في احد يحاسبهم غير ان كل دكتور عنده طريقه مختلفه عن الثاني بالعلاج واحد يقول يمين والثاني يسار الدكاتره ذي الايام ععاااارررر 
3549,@User.IDX لا قطر لا إمارات لا سعودية لا مصر ماعايزين دعمكمممممممم ، كلامي موجهه للحكومات العربية 
3550,@User.IDX اثبتت للعالم معنى الوحدةوعدم الكراهية اثبتت ان المسلمين مرحب بيهم وليس ارهابين كما يدعي الاعلام الغربي المتطرف كان ضربه قاسية لهم اثبتت ان الشعب النيوزلندي لا يعرف معنى الكراهية ولا يعرف الارهاب بينت الحقيقة ان الشعب النيوزلندي اكبر مما يعتقد ال
3551,@User.IDX @User.IDX اغلب السودانيين (الرجال) بيطّلعو الاكل من البيت عشان ياكلو مع بعض في الشارع، انا باكل في صينية جاري وهو ياكل في صحن صحبو و اي زول ماري في الشارع لازم يفطر معانا 
3552,@User.IDX فعلا بالغت الجزيرة في أخبارها <url> 
3553,(افهم تحماق) حسني يسجن مرسي ومرسي يسجن حسني ومرسي يعين السيسي والسيسي يسجن مرسي والسيسي يفرج عن حسني فهمتو شـي حاجة ؟ طيب حاول تفهم هذي 👇 ! إيران مع بشار الاسد وبشار ضد الاخوان إيران مع حماس حماس مع الاخوان والإخوان ضد ايران دول الخليج ضد ايران وضد الأخوان دول الخليج مع السيسي والسيسي مع بشار دول الخليج ضد بشار دول الخليج مع تركيا تركيا ضد بشار وضد السيسي تركيا مع الاخوان دول الخليج مع امريكا امريكا ضد الإخوان والإخوان مع حماس حماس ضد امريكا امريكا ضد روسيا روسيا مع السيسي والسيسي مع بشار امريكا ضد بشار :/ فهمتو شـي حاجة ؟! القذافي كان صادق يوم قال : (من أنتم) ظلمناه المسكين و خليناه مجنون وهو كان يحاول يعرف منو احنا بالضبط 
3554,ياجماعة انا دخلت موقع ربحكونو <3 انا ربحت هاتف ايفون6 و4 من اصدقائي ربحو لتربح هاتف انت ايضا اكتب في جوجل ربحكونو وادخل للموقع الاول الموقع له مصدقية من جوجل ونسبة الربح كبيرة أانا حبيت افيدكم اكتبو في جوجل ربحكونو وادخلو اول موقع ;) الهاتف يصلك مجانا حتى المنزل 
3555,@User.IDX من اساء الى الهتنا ؟ اللحمة عليكم والرز والشوربة يا من عققتم بالهتنا اعلو هبل 
3556,حتى يعطوا الجزية عن يد وهم صاغرون .. وإن عدتم فسنعود ان شاء الله . الجزية حق شرعي للمسلمين .. كما أن رسوم الإقامة حق قانوني لغيرهم من الدول . عادي يعني .. تقسيم الناس حسب الدين وليس الجنسية . 
3557,الله يحفظها ويحفظ أهلكم جميعا يارب 
3559,هل قصدك بالأسهم Binary option trading و لا المقصود شراء سهم معين ؟ لأني كنت فعلا أفكر ابدا trading 😅?? 
3560,المشكله ان عندنا في مصر شائعات كثيرة 
3561,اتوقع رجعت البيت مكتئب من كثرة قصف الجبهات الي حصلتها 
3562,@User.IDX وأخيرآ سوو تحدي مفيد 😊👌 
3563,ايوه صح انا عندى الدرس ده فى الثانويه العامه والله 😂😂😂 
3565,@User.IDX طبعا احنا راح انطلنا ساكتين 
3566,فاهمين مصطلح حرق الدهون غلط😂 
3567,اليوم ببدا اسجل اللي بسويه بحياتي مشتقبلا :) 
3568,@User.IDX عنايه الله فوق كل شي وايضا قالو لكم العنايه الطبيه ولد اخوي ولد بعمر سبع شهور سليم معافى اخرتها يموت بفيروس انتقل عدوى من الطفل المجاور له بسرير اللهم لاشماته كاننا بحضيره وليس مستشفى 
3571,أكثر من رائع وكأن الانيميشن يتحدث عن أطفال الحروب الذين يصلبون ويموتون دون أي ذنب، عن طفل دفن أغلى ما يملك في التراب دفن دميته التى أمضى معه أجمل لحظاته والتحق بجيش بلاده ولم يترك سوى وردة لأمه كأمل بالحياة كذكرى منه أو كوصية تضعها على قبره وفي النهاية انتصر الأمل وعاد الطفل ونبش قبر دميته وزرع الدنيا زهور 😍 
3572,اممم ، حلو.. بس عندك احسن من كدا 😉 
3573,@User.IDX قطر تمنع الشيخ سعود آل ثاني من السفر وين الدمقراطيه 
3574,@User.IDX رحلة قبل انقلا ب الابن على ابيه. اوبعد 
3575,اللهم إنا نسألك بأسمائك الحسنى وبصفاتك العلا وبرحمتك التي وسعت كلّ شيء أن تمنّ علينا بالشفاء العاجل، وألّا تدع فينا جرحاً إلّا داويته ولا ألماً إلا سكنته ولا مرضاً إلا شفيته، وألبسنا ثوب الصحة والعافية عاجلاً غير آجلاً وشافِنا وعافِنا واعف عنا، واشملنا بعطفك ومغفرتك وتولّنا برحمتك يا أرحم الراحمين. 
3576,@User.IDX اسباب انها جميله ورشيقه وحاجات تانيه كتير 
3577,@User.IDX معقوله في رئيس يقول هالكلام 😱😱 
3579,ههههههه الكفتيريا اللي في البداية هذي في النزلة اليمانية و قدام ملعب الصصخرة هههههههه 
3580,صذيق انت في قرقر زياده انا في وجع راس من صوت انتا 
3581,👎👎حرام عليكم نعمة تحطونه علي شكل يهينه 😡😡 
3582,طب نعمل ايه لو فيه بعض التطبيقات احنا محتاجينها وسياسة الاستخدام والخصوصية بتشترط انها تدخل على المعلومات اللي على موبايلي ؟؟ 
3583,عماني وافتخر ...ونحنا نحبكم. ..صراحه السحر والجن وغيره فكل مكان مو محدد على سلطنه عمان......وشكرا 
3585,@User.IDX ولا واحد منهم محمد وبس 
3586,الله يصلح التعليم وهذا الاهم 
3588,حريق إسرائيل بدون خسائر بشريه هي غضب من الله سبحانه وتعالى ولكن حادثة الرافعة في الكعبه التي قتلت 300مسلم هي قضاء وقدر #إسرائيل #تحترق جيبو الاطفائيه😂 
3589,ننرجع لموضوعنا طريقة عمل مجدرة الرز المقادير -1 كوب أرز، حبة قصيرة -1 كوب عدس أسمر -1 بصلة وسط -2 ملعقة كبيرة زيت - 1 1/2 كوب ماء، لسلق العدس - 1 ملعقة صغيره ملح - 1/4 ملعقة صغيره كركم *طريقة التحضير 30 دقيقة يسلق العدس في قدر على النار لمدة ربع ساعة ثم يرفع جانباً. تفرم البصلة فرم ناعم، وتقلى بالزيت ثم تضاف على العدس ويقلب قليلاً. يضاف الرز وماء سلق العدس، الملح والكركم ويوضع على نار خفيفة ليستوي الارز. تقدم المجدرة مع لبن الزبادي وسلطه البندورة والخيار. 
3590,@User.IDX من اول ضربه ع إيران ستنهار بالكامل لاتملك شئ سوى الكلام صواريخها انابيب مجاري 
3591,هده مرءة ليست لجيىء سورية. عدا فديو مفبركة 100 فى 100 
3592,يا عمر انتبه تحلق شعرك رجاء ، والله شكلك رهيب هكذا. 😍👍🏻 
3593,يارب العالمين لطفك بالمعتقلين في سجن حماة 
3594,لايك .. لعيون ولدناا جمال 💛💛 
3595,لقد قاطع كفار قريش اصحاب محمد و تركوهم في شعاب مكة لا زواج لا اكل لا سفر و ظهر الحق و انتصر المستضعفون و التاريخ اليوم يعيد نفسه نفس العقلية مازالت تدور في دار الندوى في الرياض 
3596,هده هي الشريحة لي متواجدة في البرلمان وفي الاحزاب كلها ك تشوف فينا نظرة احتقار و ك تخيط القوانين ل صالحها في الرواتب والمعاشات والتنقلات والسكن والاعفاء الضريبي هادوا هما المغاربة اما نحن ف مواطنون درجة 6 .نخبة انتهازية متوحشة! 
3597,@User.IDX @User.IDX واحد ملقوف.احسن له ينتبه لاصحاب السترات الصفراء ويعطيهم حقوقهم 
3598,@User.IDX تخيل عاد 😂 محشورين في الشبك و يبون يستضيفون كاس العالم😂😂😂 
3599,هداك زفزافيكم نتوما تكلم غير على الريف وبس وعلم مغربي مرفعوش كنتو كترفعو راية الانفصال ولي رفع راية البلاد كضربوه وحرق بيوت الشرطة تخريب الملك العام والحجر والحرق ديال سيارات الشرطة وزيد وزيد يستاهل 40عام 
3600,عجبني الدرس 👍👍👍 من جد ما إلك الا نفسك انت تصنع يومك اذا انت تصنع حياتك ان شاء الله نطبق الدرس السنة الجاية 💪 
3601,@User.IDX الله يلطف بحالهم وين الحكومات العربية عن هالكارثة باخواننا المسلمين ؟؟؟؟ اطفال مالهم ذنب بالسياسة 😨 
3602,@User.IDX على ليبيا ان تعلن و بشكل رسمي قطع علاقاتها مع فرنسا و ان لاويعيرواا اهتماما لها لأن هناك.دول اخرى يمكن اعتماد عليها ك ايطاليا فرنسا تعودت على سرق الترواث الليبية عبر أنظمة عسكرية فاشلة ،مع توخي الحدر لأنهم يريدون تحويل ليبيا الي اليمن اخرى البقا
3603,@User.IDX عاش عاش عاش عاش بن سلمان قاهر الاقزام العدوان <url> 
3604,@User.IDX ناوي يقعد الى ٢٠٦٠ ؟؟؟ 
3605,يعني دة مش عاجب لكن السعودية تمنع الكنايس و تمنع المسيحين من لبس الصلبان في العلن هو دة اللي عادي و طبيعي و المفروض لا معلش بقي احترم البلد اللي عايش فيها مش عجبك متعش فيها لكن تعيش فيها و تتبطر عاليها لا اتكسف وحط وشك في الارض انك عايش في نعمها و بتتكلم كمان يعني انا مش هروح اعيش في السعودية و اقول وحشين مقاننهم و علنينو علنان مش عجبني مروحش 
3606,ما الذي أوصل هذا الرجل للبكاء !! بالتأكيد أمر صعب عليه .. ليس فقط منعه من دخول امريكا حتما يوجد شيء عزيز عليه سيفقده من وراء ظلم واستبداد السياسة الامريكية 
3607,قال رسول الله صلي الله عليه و سلم : (يوشك أن تداعى الأمم عليكم كما تداعى الأكلة إلى قصعتها ) .. قالوا : أو من قلة نحن يومئذ يا رسول الله ؟ قال : (لا ، بل أنتم كثير ولكنكم غثاء كغثاء السيل ، ولينزعن الله من صدور أعدائكم المهابة منكم ، وليقذفن في قلوبكم الوهن ) . قيل : وما الوهن يا رسول الله ؟ قال: (حب الدنيا وكراهية الموت؟ ). 
3608,@User.IDX حسبي الله عليكم من قناة .. الحين الاتراك بيقطعون المسلسلات التركية عنا .. 
3609,اغلب التعليقات بيحكو غير صحيح وكذب وعاملين عالهم حكماء وهم ما كلفوا انفسهم يكملوا الفيديوا What a nice time to be alive! 
3611,متعملى صفحة لوحدك واحنا هنتابعك 
3612,الموسم الرابع كم جزء .. وبدنا جزء خامس 
3613,سبحان الله انا صارلي 20سنة في موريتانيا الي هي بلدي وفجأ صرنا &quot;غير عرب&quot; يعني كانو يضحكو علينا 😂😂 
3614,كون يدعموه المسؤولين يولي يخسر، خليه يلعب هكدا احسن، يلعب على الاسم والعلم وقيمة البلاد انشالله ربي يرفعنا للاعلى يارب ويجعلنا ديما موفقين 
3615,لحد الان مو فاهمه الهرجه كامله حقت ترامب انتظر الملخص ينزل يا استاذ 😂😂❤️ 
3616,القصة وقعت في زمان سليمان عليه السلام برواية أخرى 
3617,طيب واللي عندك بجدة كيف يقابلوك ؟ نروح اسبانيا نتقابل هناك ؟ 
3618,برنامج عليه علامات شغل عقول راقية 
3619,ايه الإبداع ده ايه الحلاوة دي يا ملك طبعاً انا عارف ان انت هتسألني ليه مدتكش لايك 🖒بص الإجابة ببساطة انا لو هقدر أديك هديك😂إلى لقاءٍ أخر😃 
3620,هذا المقترح الذي يخص الأوراق الرسمية المدرسية حظي بالقبول في قراءة أولية من قبل البرلمان الفرنسي لكنه يجب أن يمر بمراحل أخرى للموافقة النهائية عليه وتفعيله. 
3621,@User.IDX والله احببتك دون ان اراك... 
3623,ياااااا والله خطيه اوووف اوووف 😅😅😅😅😅 
3624,ادم ثميث دا بيلعب فى الدورى الانجليزى فى برومنث 😂 
3625,اللهم صلي على النور الاتم والخير الاعم والاسم الاعظم والرقم الارقم وآل بيته الطاهرين 
3626,@User.IDX فئران تجارب لا أقل ولا أكثر 
3628,طب ال deep learning ده انتا شوقتني ليه بما انه كان صعب عليك انتا شخصيا ممكن تبقي تعمله حلقه ؟ 
3630,يا عمر تقدر تسكر الاتصالات عشان ما يزعجونك 
3631,@User.IDX اخذ حمام شمس وصقعته الشمس ومات 
3632,اديش حقها و بتوصل على سوريا 
3633,@User.IDX هذ في نضركم فقط .محدش اهتم اكثر من قناتكم التى تعبث بعقول الشعوب المغيبه. 
3634,@User.IDX ليس هناك من يوقف هذا النظام بإسراره على حكم بوتفليقة، إلا عندما تسيل الدماء وتزهق الأرواح!!!!!!!! 
3635,"@User.IDX السيسي عايز ثورتنا تفشل بكل الطرق الممكنة، أنا إتواصلت مع الإتحاد الأفريقي وعكست موقفنا الواضح تماما، وعرفت منهم انو لسة ماتم تمرير كلام ال٣ شهور، والمهلة هي يوم 30 أبريل, بكرة حواصل إتصالاتي معاهم وحوريكم الأكيدة وممكن نعمل شنو. المهم ثورتنا دي"
3636,😭هاردلك يالاهلي والله انت الحب الوحيد يالاهلي 💚 واااااصل 
3637,قبل كم يوم تكلمت في سناب كلام جميل عن القلم والكتابة 😂 انتظرتك تنزله في اليوتيوب وطوال مشاهدتي لهذا المقطع وانا انتظره، نبغاه لو سمحت 
3638,نايس حلقة ، اعجبتني يعطيك العافيه ،، بسئلك ي عمر .. انت متخرج من KFUPM صحيح ؟ اذا ايه ، في اي تخصص ؟ 
3639,انا م ائيد المراءة بالسوقة ولكنني ف منتهى السعاده والسرور بقرار سماح المراءة بالقيادة لان المراءة لن تحتاج للرجل بعد هذا القرار المبشر وم عاد تضطر تتحايل احد من جنس الذكوري وتقل الكثير من معانات المراءة ربي يحفظهن جميعا ويسعدهن ويوفقهن بما يحبه الله ويرضاه ويحقق كل احلامهن وكل اهدافهن ويحميهن ربي من كل الشر ويبعد عنهن عيال السوء وربي يرفع قدرهن فالدارين دامو سالمات وناجحات وموفقات وسعيدات وجميلات ومتألقات وبالف خيرات وسعاده وف آمان اﻵمين وحمايته وعاشت المراءة عاشت عاشت عاشت 
3640,ممكن انتاج صاعق كهربائي على صطح الطائرة وهذا يشكل خطر على حيات الطائر وبذالك تكون هذه الفكرة فاشلة ........ 
3642,"""@User.IDX التعليقات المعادية للقناة بدون سبب بتضحكني 😂😂😂 تعليقات مثل: """" يا قطر"""" """"يا إخوان"""" """"يا عملاء"""" 😂😂😂😂 """
3643,@User.IDX الان نقدر نفوز ببجي بسهولة هههههه 
3645,@User.IDX احس بالغوا بالتعاطف خلاص يكفي 
3646,تصحيح بس لكلامك السورين مش لاجئين فى مصر وعمرهم ماهيكونوا لاجئين .باختصار مصر تحتضن السوريين لانهم اصحاب ارض 
3647,اخي بقلك شغلة السوري والعراقي والمصري والبناني واالأردني والفلسطيني واليمني هدول الغرب بخافو مننا لنطور اما الخليج امن وأمان ليش ؟؟ بتعرف ليش لاني عملاء كلهم ومافيهم زرة نخوة اما الدول الي زكرتهم فيهم رجولة ونخوة عربية أصيلة الغرب يضحكو علا الخليج وهم مكيفين الله يفرج احسن شي 
3649,<b>احلى شي فرك البالون بشعر رفيقو ليقشعر بدنو</b> 😂😂😂😂😂😂 
3650,بجد الفديو ده فهمني حاجات كتير و ساعدني في حياتي الشخصيه و شغلي ....ربنا يباركلك 
3651,اجمل لهجات العربية هي المغربية 
3652,انا عجزت افهم الفواصل 🌚 احد مثلي؟ 🌚🌚💔 مواضيعك بطله دايمًا 👌 
3653,@User.IDX @User.IDX ثم ضاع الامس منا ونطوت في القلب حسره 
3654,@User.IDX أنا لا أظن بأن الوضع الحالي يبشر بخير فكم. من رموز ونظامات يجب أن تسقط لكن زلو فكرنا لبرهة كبشر سنعرف الإطهاد. الذي نعيشه نحن. كعرب للأسف نحب العبودية تحية من المغرب للشعب السوداني العريق 
3655,@User.IDX هذي السعوديه العظمى ياساده بالمناسبه وين خبر زيارة تميم لايران بالسر مافيه طاري 😊 
3656,وهذه الحقيقة التي انكشفت على من يقول ان من حارب داعش هم الامريكان والتحالف الدولي اتضح لكم ان من حارب ودافع عن العراق هم الجيش والحشد الشعبي الابطال وليس التحالف المزعوم‼️ 
3658,@User.IDX تجاهلتم كل المصايب في العالم وركزتم على مولود 
3660,@User.IDX يا الله 😔😔😔 الله يرحمهم و انشاءالله بمنزلة الشهداء عنده 💔 ٢٥٠ راكب مرة وحد ليه !!!! حسبي الله و نعم الوكيل 
3661,لان الفندق ما يسمح بأخذ الصوابين 
3662, <url> صوت دق الباق وانت حاط سماعه مرعبحسيت انو جد فعلا عندي 
3663,@User.IDX كثروا المعتقلين السعوديين ويجي واحد ويقول ما فيه معارضين سعوديين. الله يأخذ المطبلين. 
3664,وصل الفكرة ب أقل عدد من الكلمات صوتك ماش 
3665,معلش بس هس ايه المصادر الي ممكن اعرف منها الأرقام دي حقيقة ول اي كلام 
3666,@User.IDX المكتوب مامنو هروب الله يرحمهم 
3667,يعني انت موعادي ابداً ولك انت هيك👍🏻 وهيك👍🏻 وهيك 👍🏻 كمان يلا روح 
3668,انا احب اتفرج عليك لانك تذكرني بااخويه الله يرحمة نفس اسلوبه. وكمان اسمه عمر. الله يرحمه. 
3669,@User.IDX @User.IDX لجين الهذلول كانت تتلقى الدعم من قطر ؟ القانون الدولي يمنع مواطن يتلقى دعم من دوله خارجيه (خيانه)للوطن 
3670,اعوذ بالله ماتخجلو من الله وانتو عم تستحقون وتتباهون بقتل حيوانات بريئة حسبي الله ونعم الوكيل 
3671,يعلمن ربنا سبحانه وتعالى بان اردنا العلى، فبالايمان نصله. اعوذ بالله من الشيطان الرجيم: (وَلَا تَهِنُوا وَلَا تَحْزَنُوا وَأَنتُمُ الْأَعْلَوْنَ إِن كُنتُم مُّؤْمِنِينَ) (139) ال عمران 
3672,@User.IDX كيف يعني تجنب التوجه للمساجد!!!! يعني نخلي بيت ربنا عشان ارهابي مختل!!!! 
3673,Enji Shraiteh والشعر اطول من ليلي اذا هجرت 😂😂🙊💔 شوفي شوفي 
3674,كل لاحترام لهؤلاء فلحيوان افضل من لبشر واحن قلب 
3675,انا بدأت ادخن بعد فرض الضرائب 
3677,مستعد أقدم دروس خاصة لأي مصري يحب يمثل خليجي ويلبس الشماغ والعقال مستعد اعلمه كيف يلبسه بدل المناظر اللي تمغص البطن ذي 
3678,استاذ احمد غندور ممكن تعملنا حلقه عن الذكاء الصناعي في الحروب وقصه الفيديو الي انتشر عن الدرون القاتل الي بعمل بالذكاء الصناعيالموضوع خطير لاني بحس ان اكثير منا حيموت في حروب الذكاء الصناعي في سنين قليله جايه 
3679,@User.IDX كل العرب شايلين هم سوريا و اليمن و العراق و ليبيا وهل الحكومة السودانية عرفت حاجة وهل الشعب السوداني عرف حاجة 
3680,احمد الخالدي ليش ما بتصير مؤدي صوت بأفلام الكرتون بزبط معك ولله 😂 
3681,@User.IDX اخبار معجزه المصانع عندكم ماشفنا تقرير عن صناعه اطباق البيض كيف صار عندكم اكتفاء ذاتي من اطباق البيض 
3682,السليط الإخباري - أغنية بنحبك يا  <url> 
3686,@User.IDX عبد الله آل ثاني: خرجنا من #قطر بسبب الاستعمار التركي والفساد المالي <url> 
3687,@User.IDX اغلب ماجاء في هذا الفيديو كذب بوتفليقه لم يشارك في الثورة الجزائرية وما عرفناه الى بعدما جاء بومديان ولَم يُتهم بالفساد بل بسرقة الملايير و هرب الى سويسرية بعد وفاة الرجل فأنقلوا التاريخ على حقيقته بلا تزوير 
3689,Haneen Habbabeh Rãwãñ Wãjééh هاد اللي حكينا عنه بالتربية الخاصة اذا متذكرات 😄 
3690,بوتفليقة كيف تحكم بعد الموت ههههههه😂😄😆😂 
3692,االجزائر دولة عربية مسلمة وفيها اعراق ولهجات مختلفة منها قبايلية ومزابيا والترقية والسوفي والشاوي وو وأخيرا العرب الذين يشكلون الأغلبية المطلقة في الجزائر ومؤسس الدولة الجزائرية هوا الأمير عبد القادر إبن محي الدين ذو أصل العربي آبا عن جد والإنسان عندما يولد يتكلام ب الفطرة لغة أبائه أجداده ولا وجود لمصطلح تعريب بسبب الفتوحات الإسلامية (الذي زرعته فرنسا) و الذي يردده بعض قبائل لانو عند فتح الإسلامي في اندونيسيا لم يتكلم عربية وأيضا في تركيا وو.ومن هنا نرجع إلى اقول الدين والعلماء معاصرين والذي تقول من ولد في مكان وعائلة ذات اصل معين يتكلام لغتهم ويورثها إلى احفاد أحفاده حتى وإن كانت لغتهم زئيرا مثل شعوب المايا ونفس الشيء مع اعراق الآخرين وما الأغلبية الناطقة للعربية في الجزائر خير دليل على عروبة الجزائر فقط الاستعمار حاول طمس الهوية عربية في الجزائر. والجزائر عضو في الجامعة العربية والاتحاد الإسلامي رفعت الأقلام وجفت الصحف. 
3693,رائد شوف الناس كيف عايشة وانت كل يوم بتشرب عسل ومش عاجبك مؤزر 
3694,نحن شعوب عشوائية، نستخدم الكلمات دون فهمها ومعرفة معانيها الصحيحة، نحن لا نتوقف لنحلل ونتساءل عن صلاحية كثير من الأشياء حولنا، بما فيها اللغة المحطمة التي نتداولها يوميا. نقول مثلا: أنا ذاهب على القدس والصحيح أن نقول: أنا ذاهب إلى القدس وهلم جرا! 
3695,يعععع ابو انس الله يغثه هو وعناوينه ترفع الضغط ودي ادفع فلوس و يجي واحد يهكر قناته وارتاح. 
3696,@User.IDX (Bakara 2/120) وَلَنْ تَرْضَىٰ عَنْكَ الْيَهُودُ وَلَا النَّصَارَىٰ حَتَّىٰ تَتَّبِعَ مِلَّتَهُمْ ۗ قُلْ إِنَّ هُدَى اللَّهِ هُوَ الْهُدَىٰ ۗ وَلَئِنِ اتَّبَعْتَ أَهْوَاءَهُمْ بَعْدَ الَّذِي جَاءَكَ مِنَ الْعِلْمِ ۙ مَا لَكَ مِنَ اللَّهِ مِنْ وَ
3697,نصيحه الله جاي ينتقم من العرب لان عقولنه كامت زرب مدام صار كره وفتن الله راح يطيح حضنه 
3698,@User.IDX الملاحظ أنهم كلهم نساء السيسي يجيش جيشا من الراقصات وبنات الشوارع لتؤيدة وقال إيه الشعب المصري أهو غريب كذبهم وهل الشعب المصري كله من النساء.. يقال في المثل الفلسطيني خزيتنا الله يخزيك يا بعيد 
3699, <url> بالك إحنا بنتكلم عن لاعب متوسط في نادي متوسط .. مش في ريال مدريد او برشلونة او (الأهلي ❤)تصدق انا حبيتك أكتر 😂 
3700,يابن الحلال انا استاذ فنون جميلة وخريج واشتغل عتال من الساعة 6الصبح لل7المسا بمعاش 300دولار شهريا واقع مريض يجيب جلطة لكن الله كريم 
3701,@User.IDX هذه بطولات رجال يد تبني ويد تدافع المصيبه عندما وسيلة إعلام لها متابعين بالملايين ومفهومها للجيش يقتصر على الاعتداء والقتل!! 
3704,"""ماتحسها قلة ادب لما تصور واحد وتقول """"شوفوا رجال لابس فستان"""" بصوت عالي؟ ادري انك جالس تقرأ واتمنى انك ترد رد عقلاني وواضح، الي سويته صح ولا غلط؟ """
3706,@User.IDX عقبال تحرير قطر وطرد الفرس والترك منها👍 
3707,تركيا دولا مسالمة ليست مثل الاوروبين 
3708,@User.IDX مدوختكم السعوديه ياشتات الرومان وهي اكثر من يدافع عن كظيتكم في المنابر الدوليه واكثر من يدعمكم مالياً 
3709,هو انت عندك حق .....بس لازم باسم يوسف يديكو كورسات الحقيقه 😂 
3710,وتوته وتوته خلصت الحدوته يلا دحين نورقس 
3711,كنت مثله لاكن بديت اصلي و عجيب اني لا استطيع ترك هذه صلاة 
3712,@User.IDX قلناها بوضوح هذه الدول الثلاث لو اجتمعت فلا اتوقع حدوث خير <url> 
3713,@User.IDX عارفة سواد العسل...؟ أهو ده اللي حالِك له وصل! إزاي قوليلي مكملة وكل ده فيكي حصل؟ يا بلد معاندة نفسها... يا كل حاجة وعكسها! 
3714,@User.IDX لا زالت السعودية تحاول إنقاذ اليمن من براثن إيران والحوثيين 
3715,"#عاجل : المملكة العربية السعودية تقصف تل أبيب و المدن الإسرائيلية بالصواريخ , كما أن الدبابات الاماراتية تقتحم الحدود و تقصف إسرائيل من الجهة الشرقية , و مصر تفتح معبر رفح و تدخل جيوشها لنصرة أهلينا في غزة , والقوات الخاصة الأردنية تقوم بإنزال قواتها بغزة لمساندة الجيش المصري ضد إسرائيل, و قد أسفرت الغارات حتى الأن لمقتل مئات الجنود الإسرائلين , و أسر عدد كبير منهم , ونزول اليهود للملاجئ و هرب نتنياهو عبر طائرة خاصة لأمريكا. ومجلس الأمن الدولي يجتمع في جلسة طارئة مطالبا من الدول العربية إقاف عدوانها على إسرائيل . أمريكا أرسلت حاملات الطائرات لمساعدة إسرائيل لكن البحرية المغربية إعترضتها و اغرقتها بالمحيط الأطلسي و أغلقت الممر البحري لمضيق جبل طارق. عذرا لقد سرحت بخيالى قليلاً "
3717,@User.IDX ياعرب.... {وإن تتولوا يستبدل قوما غيركم ثم لايكونوا أمثالكم} 
3718,واحد يحاسب عاللحمة واحد عالحلى 😂😂😂😂😂 وانتا تاكل 
3719,للي يبي يشتري بيت كوين عندكم موقع localbitcoin أمن جدا لكن افهم الموقع قبل تشتري واذا تبي تداول عندك موقع بايننس <url> 
3721,هههههه اصلن ما كان فيه سعودية قبل الاسلام هههه 
3722,مبارك حبيبي عمر وعقبال نبارك لك بالدكتوراه ويكون شعرك أطول من كدة تستاهل كل خير 
3723,@User.IDX مباراة الجزائر المانيا في كأس العالم 2014 لعب الجزائريون صائمون رغم ذلك اشتدت المباراة الى 120 دقيقة و كانت نارية لولا الجهد البدني للألمان لربحوا الجزائريون ووصفت من اصعب مباراة للمنتخب الألماني الذي توج بكأس بأريحية في النهائي 
3724,#بنت_أصول🤗. لوكانت غير ذلك لإبتغت #ملهى او مرقص وربحت #أضعاف ما تكسبه من التكتك. ربي يكون في عونها.. تحية لكل #بنت_شريفة✋ 
3725,مساحه روسيا : 17 مليون كيلومتر مربع طول الحلقه 17 دقيقه و 7 ثواني و 17 ع الترند  <url> 😂😂😂 
3726,الحلو بالموضوع انه اكثر واحد بيستخدم نسب و إحصائيات 😂😂 
3727,يمة عبد... جاا حركنة وعلي 
3729,ا عندناش حد مرشح لخلافة بوتفيلقة لأن بوتفليقة باق إلى مرحلة ما بعد الحياة ومن يقول غير ذلك فهو أياد خارجية :p 
3730,@User.IDX مسؤولين حساب عربي القطري منقهرين 😂 ! يعني تتوقعون توصلون بقطر لمكانة دبي عالمياً ؟ والله تبطون .. خلكم بس شغالين بتدمير ليبيا وثورات وفتن جديده .. الامارات وين وصلت وانتوا وين وصلتوا 😂 
3731,@User.IDX #السيسي يدمر علج أردوغان باستخدام حقائق مثبتة 1-الأرمن: الأتراك أبادوهم ونحن ساعدناهم. 2-اللاجئين: نستضيف ملايين منهم ولا نضعهم في معسكرات (كما فعلت تركيا) ولا نزايد عليهم ونطلب (مساعدات كما فعل أردوغان). ليته أضاف: ولا نسرق مليارات قدمتها أوروب
3732,: شكراً حزيلاً ، ، يا كافر . . : يا ايش ؟ : آآآ يا نيكولاس متت 😂😂😂😂😂 
3733,@User.IDX السعوديه العظمى كلنا محمد بن سلمان 
3735,@User.IDX عند موعد الانتخابات ..الشاطر اللي يصير مجرم اكثر to impress 
3736,اذكر الله يذكرك - سبحان الله - الحمدلله - لا اله الا الله - الله اكبر 
3737,@User.IDX الحرب سوف تبدأ ناقوس الخطر يرن ونتمنى أن لا ينتشر لهيب هذه النيران 
3738,حقيقي موضوع جميل جداا انك تحلم و تبقى عارف انك بتحلم و تتحكم في الحلم بتاعك و امتى يخلص بتحصل معايا كتير و سنه ٢٠٠٧ قعدت ٣ أيام بنفس الحلم و التحكم و التواصل مع الآخرين و حتى الاماكن كنت بصحى اروح الكليه و ارجع اكمل وشوفت ما حدث و ما يحدث و ما سوف يحدث 
3739,تستاهل جائزة نوبل على الشرح المبسط ذا 
3740,هجوووم صريح على الامهات لاتعمم 
3741,"""أرجو تغيير الخبر ووضع كلمة """"منديل"""" بدلا من حجاب .. لأن ما تلبسه الفتاة ليس الحجاب الشرعي المكلفة به المسلمة . . أما عن محتوى الفيديو .. فطبعا تصرف عنصري جدا .. واتعجب ممن يقارن الموقف بالدول او الأماكن التي تمنع التعري فيها .. حين تنزل فتاة مسلمة بحجابها إلى شارع دولة اجنبية هل تؤذي أحدا بججابها ؟ جسديا أو نفسيا ؟ هل تشكل خطرا على نفسها او غيرها ؟ بينما إذا نزلت امرأة أجنبية الشارع بلباس شبه عاري في دولة تحتشم فيها النساء ألن يكون خطرا عليها ؟ .. تماما مثل حين تنزل إلى السوق في بلدها """"بلباس البحر"""" ألن يكون ذلك مستهجنا ! """
3742,@User.IDX شي غريب التمسك في الكرسي المفروض يقرب السجاده عنده ويصلي ويتعبد الله في نهاية عمره وربي مرض وهوس المناصب قتلهم 
3743,انا سبت ببجي عشان اجي اتفرج عليك 😂😂 
3744,ما شاء الله يا عمر شيكت على قناتك قبل يومين تقريباً كانوا متابعينك ٤٢٠٠٠ اليوم اكثر من ٥٦٧٧٧ ما شاء الله 
3745,مثلا لو قتلوهم في قطر ماذا سيفعل امير قطر يندد ام يستنكر ؟ هي دويلة قطر لها سيادة مثلا ؟؟ 
3746, <url> الرقم ال11 متغير بس برضو مش فرق كبير 
3747,@User.IDX فيه فرق بين ذروة وبين متوسط 🤔 
3749,ماشاء الله عليها والله احنا كبار واشتهينا هاد الأكل كيف بالطفل نعمة الأم لاتقدر بثمن اذا كنت مع أبيك لربما طلع لك حبوب من كثرت البيض المقلي ههههههه 
3750,@User.IDX لو انهم شخص ضعيف كان مااهتمو فيه وقالو انه زعيم عصابه بس طويل العمر تعبهم😄 <url> 
3751,اخبار دقيقة!! وصلوا على النبي ودوس لايك 
3753,ايوه نبغى نعرف قصه ابو حجر🌝✨ 
3754,كل دول اوربا واولها فرنسا وانكلترا مايرغبون نهائي بدخول لاجئين عرب ومسلمين لبلدانهم شسالفة ؟؟ على من هذا الكلام ؟اليوم تنقلب الاية الكل ضد امريكا بتهمة منع دخول اللاجئين 
3755,@User.IDX هذي بلادي هذا شبابها الفخر بكل ما تعنيه من كلمه 
3757,الاكتئاب هو الملل الدائم والمستمر حيث يشعر الانسان بأنه بدون قيمة ولا يوجد شيء مهم يقوم به ، انا مارر بالهل الحالة ومالي عرفان اني مكتئب ولا لأ ! هيك العيشة بأوروبا وخصوصا ً بالسويد 
3759,@User.IDX ما زلت اتسأل الجزيرة هي قناة قائمة بذاته لماذا تنقل اخبار من الصحيفة الفرنسية👌👌 
3760,السودانين بلادهم بلد كلها خيرات بفضل الله يعني مش بحاجة امريكا عشان تعطف عليهم 
3761,انا جزائري وبحكي لهجة فلسطينية قح وتعلمها من اصاحبي الفلسطنين الجبارين اين انتم ادعسو لايك 
3762,@User.IDX بعد فضح النظام القطري في قمه تونس وإتهامه بلعماله والخيانه.... يحاول إعلامه التغطيه علي ذلك 
3763,حلو وتساعد على بيئه نظيفه 
3764,اش اسم المسجد اللي صليت في العيد؟ 
3765,الان يجي واحد يعلق يسب العرب قسماً بالله لو ازيلت هذه العينات نكون في خير عظيم المحطمين المتشائمين نحن أمةُ تجمعها كلمة لا اله الا الله 
3766,@User.IDX كذبتو وان صدقتو ...دعونا نسمع هذا في غير قناة الجزيره 
3767,@User.IDX فين أيام ما كان الجيش بيحرك الناس عام 2012 و2013 للنزول ضد مرسي ليل نهار....ياسلام يا فايزه لما تكوني عايزه....! 
3768,@User.IDX قطر وبيان يدين التصعيد العسكري كيف البيان من وراء الشبك 
3769,عجبتني فكرة عمر حسين نوعية الفديو دي نادره في اليوتيوب اممم انا شايفه انو عبدالمجيد معاه حق وموها لساتوو صغير علشان كيدا مصر على رايو بس يكبر ويفهم لحياه مزبوط حيعرف انو مو على حق 
3770,أحلى تحيه لأفضل يوتب عمر حسين وبس 
3771,لايك عشان بطاطس سلطه اللي طلع ف بداية الڤيديو 😂❤️ 
3772,@User.IDX امريكا تجلد ايران و الرد الايران تخريب سفن تجاريه !!! حتى في سوريا تضربهم اسرائيل والرد لا يتعدى اكثر من تصريحات 
3773,كذبة اليهود الصهاينة... اليهودية دين وليس عرق 
3774,هاد شعر؟ وليش هيك تطريقة الالقاء مافهمت شو المغزة 
3775,فكرتني بكلام د أحمد خالد توفيق الله يرحمه :) &quot;قلت لها إن الناس يجب ألا تتزوج إلا لكي تأتي للعالم بمن هو أفضل... طفل أجمل منك، أغنى منك، أقوى منك.ما جدوى أن يتزوّج الشّقاء من التّعاسة؟ الهباب من الطّين؟ما الجديد الّذي سنقدّمه للعالم سوى المزيد من البؤس؟&quot; 
3776,ولله فكرة كويسه بتوفيق ليكم 
3778,شفت مباراة امس ع فكره حكم تونسي كان تحكيمه10/10بشهادة الكل وخصوصا محللين on sport فريق مقاولون ضعيف كان بس مدرب واضح ماعدنه سبب فقرر يقول حكم ...كلمه حق 
3779,@User.IDX المشكلة هذول شتات الرومان او المستعربة الشوام مو لايق عليهم الكوميديا 😂😂مقطع تاااافه 
3780,@User.IDX عادي هم اصلا بحاجة هجووووووم 
3781,تعرف انا ماكنت اطالع الفيديو للنهاية توي اعرف انو انت تقول كلام مفيد في نهاية الفيديو اكتر من المحتوي😊 قول اسمي 
3782,لكل اللي بيسألوا عن علاقة الانترو بمحتوى الحلقة الشوكوبون الناجي بيمثل الأجناس اللي من حقها تتكاثر مثلا في عملية ال selection سواء في نظرية داروين أو ال eugenics. نفس فكرة الحرب الأهلية في خلية النحل والثورات اللي بتقوم ضد الذكور غير المخصبين أو المصابين بالعقم. 
3783,يجي منها اليونان : ] 
3784,@User.IDX العشق أعمى لا يحتاج العاشق فيه لرؤية المعشوق يكفيه انه يشبه روحه و يبصره بقلبه و يعرفه بغربته و يشعر به في وحدته 
3785,احلا شعب الجزائر وفلسطين والاردنمتابعكم من سوريا دير الزور😍 
3786,والله ان فيديوهاتك مفيدة جدا تستاهل كل شي منيح 
3787,هي مانها القصة الحقيقة، القصة الحقيقة انو هو ما قدر يقدم طلب لجوء لانو مصري فعمل حالو سوري كرمال ياخد اللجوء متلو متل كتير عالم عم يحاولو ياخدو لجوء بأي دولة تانية ولكن انعرف انو هو مصري وتم التهجم عليه بسبب استغلال مشاكل السورين وبسبب تقمص الجنسية السورية، ولكن هو ذكي قلب الموضوع بالعكس وإذا بتفكر بالموضوع القصة بالفيديو مالها مقنعة، في كتير سوريين بالبرازيل ان كانو لاجئين او مهاجرين وما حدى صار معو اي مشكلة بس ليه بس هاد الشخص يلي صار معو هيك 
3788,@User.IDX خله بس يمدها ويشوف الطريقه صحيحه صدق￼ 
3789,فين اول مسلم فاز بالايمي في الموضوع؟ 
3791,انتا ليه بقيت بتعقد الأمور وبتفرض فرضيات غريبة يعني الحلقه بتاعه القطر يعني الناس الي واقفه علي شريط القطار مش سامعه ولا حاسة بقدوم القطار وبعدين هوة القطر بيحود يمين ولا شمال ليه هوة عجلة ولا الراجل التخين إلى علي الكوبري بتاع المحطة لو الراجل زقة هيوقف القطر . نيجي لحلقة النهاردة انتا لية مصمم تموت الناس السيارات ذاتية القيادة بتعتمد علي قياس المسافات ومدام استطاعت أنها ترصد الأشخاص على الطريق هتقدر تقف قبل الاصطدام . وحياة ابوك انا بحبك فبلاش الفرضيات العقيمة دى ومش كل حاجة بيكتبها مفكر أو عالم مشهور بيبقى خلاص صح مش أنبياء هما يعني ولا بينزل عليهم الوحي دول بشر عادى يعني الفرضيات دي غير مجدية وغير مفيدة. وشكرا 
3792,لم أتخيل يوما أن عمرو خالد سيكون في خندق الردة و الكفر مع السيسي و اسرائيل و آل سعود.تبا لأملي و حسن الظن. 
3793,متى رح يجي دور المغرب؟ ؟ 
3794,وأنتم نائمون وغافلون وصل إلى إسرائيل مودا رئيس الوزراء الهندي، فأخذه نتياهو لزيارة للبحر الأبيض المتوسط على شاطئ حيفا وعرض أمامه آليات حديثة لتحلية ماء البحر وجعلها ماء صالحة للشرب، من يذكر دول عدم الانحياز والهند الداعمة لقضايا العرب والشعب الفلسطيني ؟ الهند اليوم في جيب إسرائيل 
3795,عمو عمر ، الفيديو حلو و توعي و معلومات قيمة بس عندي كم انتقاد ، احس يحتاج تحلق شعرك عشان يصير شكلك احلى و هذا رأيي الشخصي طبعاً ، و لو تتكلم بروية أكثر بيكون افضل عشان المشاهد يتأثر اكثر ، شكراً 💜 
3796,يحب الاثارة الاعلاميه،،، والمفاجاة بالقرارات التي قد تتعب البعض.. اتمني له التريث والرجوع لمستشاريه وتكون قراراته دستوريه.. واكد علي معدن الشعب الامريكي الطيب والقوي بكافة اطيافه.،،، للشعب الامريكي فقط 💕💕 
3798,مو كل الغربية ؟! حتى من كل مناطق المملكة نشتغل ولا تجحد اعمال الغير 
3799,@User.IDX شاهدوا: النشيد الوطني الإسرائيلي في قطر رياضي الجمباز الإسرائيلي أليكس شاتيلوف فاز اليوم بميدالية ذهبية في كأس العالم في الدوحة، قطر 🇶🇦 إنجاز كبير للرياضة الاسرائيلية <url> 
3800,ملابسنا الغترة و العقال و الدشداشة 😎💪❤🇰🇼👋😘❤ 
3802,العين ماتصير عبر الشاشات ، واعوذ بالله من العين والحسد والسحر . 
3803, <url> هههههههههههه شكلي من احكي نكتة ومحد يفهمها 😪😂 
3804,بصراحة يوتيوب فعلاً هوا الابليكيشن الوحيد المفيد 
3805,ضوء لمع وسط المدينة رسم ندائاً لمنادينا حينا يبدو ويختفي حينا تلك اشارة بات مان 
3806,100% من أقدم متابعينك يا أستاذ عمر .. الحلقة دي من مذكراتك كان لها أثر ايجابي غير متوقع علي .. والكلام اللي قلته بخصوص اثراء المحتوى العربي الله يوفقك يارب 
3807,نفسي مرة حد يعملي لايك يارب فرح اللي يعمل لايك 
3809,@User.IDX مشكيييلة هذه الجزيرة فضحت كل شيء هههههه 
3810,لا بد ان نتجالس ونتفاهم بيننا وبين بعض حتي لا يدخل الشيطان الي قلوبنا ولاانا كلامي غلط 
3812,في انتظار ٣ دقايق اسبوعية 😄 
3813,توماس شيلبي يقول :اكاذيب تنتشر اسرع من حقيقة 
3814,@User.IDX اردوغان جلس علي الخابور وضاعت اسطنبول 
3815,هههههههوش نوعية الصاروخ الي طلعه للفضاء حاب نطلع حتى انا 😍 
3816,@User.IDX بس الرجال يعني ؟ و البنات يموتون حتى لو يوصلون ميه !! 
3818,واحد مثلك يا دحيح لماذا لم تظهر في اي قناه فضائية انت فعلا مبدع !! 
3822,@User.IDX خرج من مخبأه !! والإستخبارات الأمريكية تحذر !! 😀✋😀 <url> 
3823,@User.IDX ترامب علاقتناا مع !! #السعوووودية_العظمى أقوى من أي إعتبارات !! <url> 
3825,@User.IDX قصدكم بالملايين اذا رويترز وصنفتها الاضخم علي الاطلاق منذ بداية الحراك مع العلم انه حراك الجمعه الماضي دخل موسوعة جينيس كاكبر مظاهرة شبابية سلمية فالعالم ب 17مليون واذا هاذي اضخم من الي فاتت وانتم احسبوا #حراك_15_مارس 
3826,الي مافهم شي من الفلوق وسلك امه ب لايك / لايك 
3827,انا سعودي و اقول وداعاً لدواعش الشوارع 
3829,مع حبي الكبير وإحترامي لكل أهلنا في المغرب العربي الكبير فردا فردا .. أنا كنت أشتغل مع مغاربة وكانوا لما يحكوا بلهجتهم أحس حالي داخل فيلم الشعلة ل أميتاب باتشان والفيلم مو مترجم ....😂😂😂😂😂😂 مجتش على إحدفي 
3830,الفضيحة الاخيرة تدل علي ان حكام الدول الثلاث ليسوا اطفال فقط بل صهاينة اكثر من الاسرائيلين 
3831,ايمتا حترجعو هي خلص رمضان 
3832,@User.IDX تبطي والله لين تحب الارض 
3833,عيشو مثل ما أمركم الله ورسوله ... والطفله خلف امها معرضه للخطر جدآ...احمد ربي ان رزقني باخوة وزوج يعاملوني كأميرة ... والي ماعندها اخ او زوج .. استقلي الحافله او التاكسي اكرم لك من هذه الصورة المسيئه 
3834,@User.IDX لأنها السعوديه نجاح لأي نشاط فالعالم بحكمة قيادتها وقوة أقتصادها وثقلها العربي والأسلامي🇸🇦🇸🇦 
3835,@User.IDX @User.IDX مش أردوغان متحالف مع حزب قومي عنصري؟!! 
3836,@User.IDX بل هذا برلمان العسكر والسيسي ولا علاقة له بالمصريين 
3838,@User.IDX نحن نحكم على الظاهر والله يتولى الصراءر خطابه في غاية الأهمية بالنسبة للقضية الفلسطينية 
3839,@User.IDX حماران متأسلمان، الامازيغية هي اللغة الأم للمغاربة وشمال افريقيا..والانجليزية يجب أن تكون لغة تدريس اغلب المواد العلمية والاقتصادية وليست الفرنسية 
3840,على ما يبدو ان محررين AJ+ عربي من النساء لأن ٩٩٪؜ من تقاريرهم تركيزها على النساء فقط و قد خلت هموم الأمة الا من حقوق المرأة 
3841,واللغة محد شوة سمعت العراق بين السوريين غير مليشيات ومثل مقالو في المقطع هوة مليشيات عراقية مو جيش عراقي 
3842,نقول لي خواتنا في الجزائر هذا الشخص لا يمثل الا نفسة و مجموعة من الجهال البدو . هذا الشخص كان منفي من قبل معمر القذافي من ليبيا بسبب خيانته ليبيا في حرب التشاد وله اكثر من عشرين عام في امريكا و الشاطر يفهم. ليس على المريض حرج . يقولها علنا انا مع مصر حتى لو كانت ضد ليبيا و يريد ان يدخل حرب مع الجزائر 😂😂 
3843,انا حترت مع هل صفحة ليش التناقض انتو معانا ولا علينا 
3844,قدرة ع السرد الاحداث بدون ملل يجعل المتلقي ينتظر بفارغ الصبر نهاية القصة مع حبكه رائعه تتخلخل داخل الكلام ابداع يا هذا 
3845,اسلوبه شيق و رسائله رائعة. لكن في بعض الأحيان كما في هذا المقطع يبدو سريعا و يلخص الجمل إلى الحد الذي يتطلب درجه عالية من الثقافة لفهمه. فهو تارة يخاطب عامة الناس و تارة المثقفين فقط. هو أدرى بالشريحة المقصودة. لكن انصحه بالاسترسال أكثر و إعطاء الجمل حقها دون تلخيص. 
3846,السبت=الدحيحأفضل شخصية بحبها على اليوتيوب 
3847,نيكولاس بصراحه انا استغرب وانكر واندد بشده☝🏼😁 نسيانكم لليبيا ومشاكلها رغم اننا في امس الحاجة لدعمكم ونقدكم البناء لماذا؟واشكركم علي هذا البرنامج الرائع 
3848,"""جميلة جدا وراقت لي ... يا كحيلات العيون بلا كحل يا طيبات القلوب , ايتها الامهات العذارى يا صبايانا ! لو كنتن تدرين كم قوة تبثها فينا ابتسامتكن وقولكنً لنا """" تهونُ يا بن عم """" لو تدرين كم عدوا تهزمن حين تفتحن لنا ملاجئ بين كفوفكن وكم جريحا تشفين ! وانتن كالنوارس , تبشرننا بالارض والبحر يرمينا يمينا وشمالا , وربما عطش الانسان للارض عطشهُ للماء !! """
3849,@User.IDX حصار؟؟؟ اشغلتونا بكلمة حصار ذي 😂 مره تقولون محاصرين قطر والحين محاصرين اليمن 😂 كنتو معنى فيها طيب 😂 واسمها دعم شرعيه منين طلعت حصار ذي 
3850,هذه الأخلاق هي من أصلانا و من طباعنا نحن المسلمين وعندما نفعلها علي سبيل المثل خلق وخصلة إغاثة اللهفان والضائع وأبن السبيل نفعلها تعبدا لله عز وجل لا نبتغي عليه أجر في الدنيا وكثير منا من يفعلها هكذا لا يخالطها شيء من التصنع او التكلف أو الخداع /الحمد لله علي نعمة الأسلام وكفا بها من نعمة 
3853,مين عاوز حلقة تانية من الدحيح عن الشركات الي ممكن يستثمر فيها المواطن العربي واضاءات على الاستثمار في الوطن العربي المعفن ؟! لايك عشان يشوف 😎 
3854,عادي مهو كل الشعب باكل زيت سيارات يوميا... ولا اكل المطاعم اللي بتاكلوه والفلافل ليكون بتفكروا مقلي بزيت الزيتون من خيرات بلادي 😂😂😂😂 لسا زيت السيارات احسن من زيت قلي الفلافل المكرر من ايام حرب لبنان الاولى 😂 
3855,اختلف معاه في انه النساء لمن تاخذ مكياج يصيروا اجمل بعض النساء شكلها بدون مكياج احسن رعاك الله 
3856,ابداع .. من وين بتحيبوو الافكار؟!😕 
3857,نطالب بحلقتين في الأسبوع 😎 
3858,إذا كان يحتضر فالجنازة حاره والميت كما يقول المثل وإذا كان يتماوت كالثعالب المحاصرة فسينتصر الشعب الليبي مهما طال الأمد 
3859,Vian Farhood والله لو فتشوا قلبي ما وجدو فيه سوا حبهم و الله و الله.... فدوه لأهل العراق ❤ 
3860,قناة الدحيح اكتر قناة بحبها ❤❤😍 
3862,@User.IDX لا تملك السعوديه طائرة(( الشبح)) فلا عجب ان الجزيرة لا تهتم بصحة الخبر بقدر ما تهتم بالاسائه إلى السعوديه. الأهم ان يضعوا الخبر و قبض $$$$$$ 
3863,البنت قالت منتشر في المغرب العربي وكل دولة عندها طريقة لبس وشرحت ولكن لي كنشوف في التعاليق أن عدة أشخاص لم يسمعو اي شئ من هذا وكالعادة اتهم المغرب والمغاربة على انا نقلد.ولكن العيب في من زرع الحقد والغل في النفوس الله يشفيكم 
3864,بالله كثّر لنا كتاب مخربة نحتاجها💔🙂😒 
3865,@User.IDX يضحكوا عالناس بشوية مساعدات وهن عم ياكلوا البلد كلو 
3866,Reem Megahed دة لازم نشتريه حماية بردة متعرفيش فى ايه ف المستقبل وخصوصا في يوم الجمعة حملة قروش موسعه :\ 
3867,@User.IDX وانتو ما عندكم الا وزير السمك ووزير النقل ... عطونا وزراء على مستوى .. مثل الثروة الحيوانية والا الزراعية 
3869,مشكلة المرأة هي المرأة زي العرب 😂😂👌 
3870,@User.IDX @User.IDX سبب خلاف الترابى مع مجموعة البشير جعل الشعب ينتظر عشرين سنة حتى يعرف لان الترابى ارادها شورى وديمقراطية وهم ارادوها دكتاتورية الله يرحمك 
3871,يا عيال الستكر الى كاتبينه عشان السكوترات وش معناه 
3872,اول مشفته جيتي ع بالي هاي فكره مشايفته قبل احلا شي الالوان الدمجيه انتي بالرسم Zeina Osama 
3873,رحلاتك درجة أولى وفنادقك فخمة وسواق مع سيارة فخمة وتقول الوضع المالي متدهور أجل حنا وش نقول💔 
3874,الموت ببساطة هو أمر استدعاء من ملك الملوك للوقوف أمام محكمة العدل الإلهية التي لا يظلم فيها أحد. 
3875,اما بالنسبة للعاصمة الادارية الجديدة فده كان مشروع هتعمله الامارات من فلوسها في اوائل حكم الرئيس، المهم بعد كده قالوا مش لاعبين. و النبي بقا حد يفهمني ازاي هنبني عاصمة ادارية جديدة هاتتكلف 45 مليار دولار و كل اللي في جيبنا حوالي 15 مليار دولا مش كلهم بتوعنا علشان في ودائع و في قروض بتسدد و فوائد بتندفع، و علي جنب كده مصر بتستورد كل حاجة، فمنين عاصمة ادارية؟! 
3876,طيب هي علاش عاملة نفسها راجل سبحان الله !! أحنا عنا فارسات و يركبو الخيل في تونس و محافظين على شكلهم الأنثوي عادي جدا 😏 
3877,الرجال اللي في دقيقة 3:50 ترآه صومالي اصلو وفصلو وهدا حسابه في انستغرام روحوا له ابن عمي..❤ @User.IDX 
3878,الله ينصركم يا رب ويحفظ الأطفال والنساء والمجاهدين ربي يثبتههم خير ثبات يا رب ويغيظ قلب كل حاقد هدول أهالينا . الحرية أتية لا محالة .. سوريا الجديدة سوريا بدون طواغي وبدون ظلم وبدون الاعتداء على الضعيف 
3879,لاحول ولا قوة الا بالله عندما ينتصر المنتخب الفرنسي واغلبيته من المسلمين و من مختلف الجنسيات يقولون ان الللاعبين فرنسييين ولا يجوز ذكر اصولهم ويهللون ويطبلون لانجازهم ويتبجحون كون فرنسا بلد الاختلاف والحرية وووووو....... ولكن عندما يقدم احد الاشخاص من اصول غير فرنسية على القيام بعمل ارهابي ينسب لاصله وخصوصا ان كان مغاربيا مسلما بالوراثة فقط وهو الذي ترعرع في فرنسا و تعلم في مدارسها و تعاطى المخدرات و جميع انواع الممنوعات في ازقتها و لم يزر بلده الام سوى مرة واحدة او مرتين . هذا ان دل على شيء دل على شيزوفرينيا المجتمع الفرنسي و غدر الساسة ونفاق الغرب و سداجة المسلمين المقيمين هناك. 
3880,@User.IDX العلم لا يحصره زمان و لا مكان . مشاء الله على هذه السيدة التي من خلالها نتذكر قيمة و مرتبة العلم في الحياة الإنسان . نرجو من الله أن يوفقها و يجعلها متميزة في هذا المجال . 
3881,"""@User.IDX @User.IDX الحلقة خلوة كتير وخصوصًا إنها فيزيا """"العلم الجامد """" بمفهوم الناس بس شو دخل التوازن بالمشي أثناء النوم """
3883,احد يفهمني واش هي قصة بليز لا 😂😂😂 
3884,@User.IDX هذأ إللي عيناة من الشريان. هذي إحدى منظومة عزمي بشارة الإعلامية 
3885,@User.IDX الاكثر تأثير في هذا الاسبوع طيارات امريكا اللي في قاعدة العديد لضرب ايران الشريفه هههههههههههههههههههههههههههههههههههههه 
3886,الانيقة تلبس الكعب العالي ولكل واحدة مزاجها في لبس ما تريد ( شاكان سون قو ) 
3887,@User.IDX @User.IDX الله الله روح الثورة من جديد 
3888,نبي ثلاث دقايق عن الاصدقاء الاكترونين وهل هم افضل ولا الواقعيين 
3889,meningitis : التهاب السحايا : السحايا هي الأغشية الي تغطي الدماغ 
3890,بالنهاية هدول المسلحين مواطنين ادرنيين بتمنى من الحكومة الاردنية تشوف مطالبهم وماتقاوم بالسلاح وتحقن الدماء الله يحمي الشعب الاردني اتعلمو منناالسوريين يلي صار .. 
3891,تنادي بالحريه وانت تسخر من زوجته وختياره علمك نفسك قبل تعلمنا الحريه 
3892,@User.IDX المسلمون في كثير من بلاد العالم يدفعون ثمن السياسات العنصرية الضيقة في( الفليبين وميانمار وكشمير والصين و.. وليس آخرها امريكا ترمب واسرائيل) 
3893, <url> وااال خلاص تبريت من برجي😂 
3895,هل تعلمون أن مهدي بن عطية يُعدّ من أغلى اللاعبين العرب؟ <url> 
3897,Ahmed El Qadi اعمل زي هيك يا ابو نيمار اتجوز وجيب نيمار الجديد وكيف ةكيفنا 🤣😂😂😂 
3898,@User.IDX فرحان ابن سلمان حسب بعد محد راح يحاسبه على فعلته السوده لانه مايعرف الله مايضيع حق ودم مضلوم ومايعرف ان الله حرم النفس التي حرم قتلها وان يسلط عليه من يذبحه ويقطع اوصاله ولو بعد حين 
3899,انا شوفتك ياعم ف التجمع الخامس يوم 15/11/2018 .. وندهت عليك وعملت نفسك من بنها 😂😂 
3901,ممكن اسم الموسيقى في الثواني الاخيرة وشكرا 
3902,ياخي عمر حسين مظلوم المفروض مشهور اكثر انا احب عمر حسين هههههههههه 
3903,النوع اللي المخاطرة في صفر اظن العبادة وزي كذا 
3904,ماعاش اللي يشتمك يا دكتور احمد ربنا يحفظك 
3906,@User.IDX كان عليه الالتزام بتوجيهات مدربه لكنه عاند واستكبر وفي الاخير ظهر النتيجة لا لهم ولا عليهم 
3907,احيانا اخجل ان اقول انني عربية 😭 
3909,مذكرات كنتاوي زيارة ليوم مهنة في لندن 
3911,حلقة عنصرية سيئة ولا ليها اي معنى غير انها عبارة عن حقد وفتنة... وخسرتي كتير من المهتمين بمتابعة حلقاتك جنون التأثير بسبب شوية مشاهدة ونشر الأفكار المسمومة بيخليكم تقعوا بسرعة 
3912,"""@User.IDX ليست قديمة القصة فهي تبدأ مما يسمى """"جبهة الإنقاذ"""" لتتكرر لأزمان بحبكة وسيناريو مختلف. الأصولية أو ما يسميه البعض الراديكالية أداة سياسية يستغل بها الإنقياء مما تقوده الشجاعة والحمية والتعاطف دون رؤية الصورة الكاملة للمشهد. #الباغوز #المسرح_السياسي <url> """
3913,الله يشافيك البكوووووص وتبارك الله على هاد الام المغربية الي تتمثل بزااااف ديال الامهات فالخفاء الي تيعانيو مع وليداتهم تيهزو وتيتعبو ويشقاو معاهم هاد الفئة الي تنفتاخرو بهم مهمتكم فهاد الحياة ماشي ساهلة الله يعاونكم ويساعدكم ويجازيكم خيرا وانا من اليوم من متابيعينك عمر 😉😍 
3915,الويت وكورز في جيم اوف ثرونس ، انت متابع بقا 😂😂💙 
3916,في مسجد غير قبة الصخرة موجود أيضا في حدود المسجد الأقصى ، كثير من الناس يعتقدون أنه المسجد الأقصى ولكن هو المصلى القبلي وبناه عمر بن الخطاب رضي الله عنه عندما فتح القدس ، ويقال أنه سمّي بذلك لأنه باتجاه القبلة . 
3917,فعلياً ما تشعر انك غني الا لما تجرب الفقر :) - صعب انك تكون فقير بعد ما كنت غني، ولكن بسيط ان تكون غني بعد الفقر . 
3918,حاسة راح يجيك جلطة من ورا الفلوقات هاي يا نيكولاس استمر يا يطل .... 
3919,أيش من حقوق المراه اليمنيه اللي تشتي تنادي بها؟!الحمدلله آخذين حقنا وبزياده،،،وصلت المرأه اليمنيه لكل المجالات وماحد منعها تشتغل اللي تشتيهبس ياشطوره في حدود عاداتنا وتقاليدنا وديننا ،،،وراضيات ولله الحمدبس اذا كانت الحقوق عندش ان الواحده تتعرى مثلش فشكرا ،،،اتطوري لوحدش!!!!!!! 
3921,@User.IDX يعلم الله بقصت ارجال كيف يسمح بهذهي اسرعه فيه شي تحت استار 
3922,"لا اعلم هل النجاح يقاس بكمية الشهرة والنقود التي حصلت عليها طوال حياتي؟, هل فعلاً هذا النجاح ؟ "
3924,لا لا لا نحتاج لمال👷 
3925,ذكرتني بفلم انميشن مال the car تقريبا سوه نفس الفكره 😂😂😂😂 
3926,@User.IDX المتراجعين متأكدين أنهم لن يفوزوأمام التاجراللوبى لن يجد أفضل منه الأولى منحهم القدس والجولان وفى صفقة القرن سيمنحهم البلد بما فيه ويمكن يضف لهم مناطيق أخرى عربية والعهدة الثانية سيطلب لهم تعويضات من الدوال التى أتو منها ونصيبهم من ثرواتها 
3927,@User.IDX مناضلة إلا خمسة والخمسة هي اخدها #السيسي يحطها بالبنك وياخد الفوائد 
3928,انا مش فاهمة الناس الي تعمل ديسلايك من اي طينة مخلوقين ؟؟ هههه 
3929,الي فهم العنوان غلط لايك 
3930,@User.IDX اشوف ماتكلمتو عن طردة الوفد القطري من السودان 
3932,أوعوا تكونوا أول من يبطل تصفيق 😂😂😂 
3934,@User.IDX السيسي بذكرني بجلسات التأمل والنصائح تاعت مريم نور ، ممكن المرة الجاي يحكي : شربي ماي ضلك شربي ماي ئد ما فيكي شربي ماي .. 🤔 
3935,سلام عليكم عافاكوم الى كاين باش تساعدو واحد السيدة مسكينة من واحد المنطقة جبلية فاملشيل مصابة بالسرطان أو معندهاش الوليدات المحسنين اللي كيعاونوها و الناس ديال المنطقة كاملين ضعاف و الله إلى واحد الحالة انسانية كتقطع القلب ساعدوها عافاكوم اوجه الله للمساعدة هنمرة ديال لاخت ديالها 0636130028 ها رقم الحساب ديالها Y 7859236 حتى لي بغا اشوف أوراق الطبيب مرحبا 
3936,سنتصدّى لهذا العدوان الغاشم بقوات الكشافة الباسلة و بدعم من حراس الغابات و بتغطية عن بعد من خراطيم مياه الحماية المدنية و الدعم المعنوي سيكون على أمواج إذاعة واد سوف على أنغام صباح يربّح 
3937,@User.IDX نعلم أشد العلم بأنكم لا تدافعون عن المرأة السعودية بل لتنفيذ أجندات خارجية لنيل من السعودية ويقودها النظام القطري واذرعتة بالننطقه ولكن سوف تبقي السعودية عصية أبية قوية عليكم وعلي كل عدو حاقد #السعوديه_العظمى 
3938,@User.IDX معك رقم جواله ونحتاج وساطه ع طول نفوز ههههههه 😂😂 
3939,أسأل الله العظيم رب العرش العظيم ان بجزيه خيرا ويحرك ضمائر القادرين للاقتداء بهالان عرفتم أنهم مش كفار ! 
3940,انت مبدع بس الفلوق ماعجبني(مجرد رأي) 
3941,@User.IDX ليحل المشاكل التي أتت معه منذ ٢٠١٣ وسيكون الشعب المصري شاكراً 😐 
3942,@User.IDX لستم ندا لاسرائيل. فلماذا تعبثون معها؟ سيدفع الأبرياء ثمن عبثكم. نفس الأسباب تؤدي إلى نفس النتائج. تعلموا أرجوكم... 
3944,احس أني رجعت بالماضي بهذا الفلوق المصور من الماضي 
3945,ٱلأقصى دونكم يا يهود.. حتى وإن أقمتم العساكر والسدود.. نعم إعتراف بائس.. من قبل مخلوق يدعى ترامب.. ليمنع الركوع والسجود...... هيهات..... هيهات....... ستبقى الصلاة في الاقصى دائمة... أبدا ما دام الكون موجود..... أتعلم يا مخلوق ترامب.....!!!! ؟؟؟؟؟ انت يا من أعلنت إعترافا..... ان للبيت #رب. هو القوي القاهر فوق عيادة وحتما .... يبطل ما تريد....... 
3946,ضاعت 7 سنوات جامعه عالفاضي 
3947,@User.IDX الفتنة أشد من القتل. الجزيرة تريد تولعها. 
3948,@User.IDX ههههههه الصياح على قدر الالم 
3949,@User.IDX اقترب الوعد الحق..قريبا عهد جديد للمسلمين 
3950,اللي كمل المقطع يروح ينتحر ): 
3951,@User.IDX كنافتكم حلوة بس النفس مش قابلاها ....مش بتتبلع ...تحس انها كنافة بايتة.... 
3952,ما شاء الله يعرف يسلك لروحه و يعزز لنفسه ؛ ما صديقنا الا انّا 
3953,دور بينج بونج في الرحاب😂😂😂 
3954,اشترك بقناتي اذا تحب الله 
3955,@User.IDX أتمنى من قطر استضافتهم بدلاً من استضافة الإسرائيليين والايرانيين 
3956,طيب انا عندي تساول !! طالما ان خصائص التستيرون العدوانيه .. مش كدا الراجل برضو يعتبر عقله ناقص ... بما ان حجة نقص عقل المراة في الاسلام هيا العاطفة و التسرع و عشانوكدا العصمة مش ب ايد المراة ؟؟ طيب ايهما احسن اخلي العصمة ب ايده؟؟ العاطفة ام العدوانيه؟؟ 
3957,منو انته وشتعرف على حكومه صدام حسين الله يرحمه وشلون يكشف الك عن امور محد يعرفه هاي مبالغه بلكلام وكذب واضح .... 
3958,@User.IDX ركوب في طائرة لن يخيفني 
3959,علي قد ما انت بتقول الكلام بهزار بس بتكلم في صح 😍😍 
3960,@User.IDX الله يحفظها هالمرأة الشريفة ويحفظ شعب نيوزيلندا ويحفظ حكومتهم 
3961,@User.IDX من حق الامريكان القتل بالسم وبالكهرباء وليس من حق المسلمين تحكيم شرعهم؟؟ عجيب أمر هؤلاء. ملحوظة: هذا ليس دفاعا عن رئيس البروناي ولا نظام حكمه لكنه إحقاقًا للحق 
3962,@User.IDX دووس العنصرية لا تعطيك فرصة تنطق 😕 
3963,@User.IDX ولي الفقية تميم حمداني حاكم قطرستان <url> 
3964,بتأكل طعمية !! 🌯 فين التفاحة !!! 🍏 
3967,@User.IDX اقول جمعو مرتزقتكم من حدود ليبيا رحو ضفو عفشكم ونحاشو 
3968,الله يعطيك العافية فكرة حلوة بس هات الشعب يفهم انها بتحميهم. بصراحة ما بلبسوا حزام الامان الا لما يشوفوا شرطي وطول الطريق بظلوا فاكينوا انا بحب احكي يا رب يعملوا غرامة ١٠٠دينار للي ما بلبس حزام امان عشان الشعب يتعلم 
3969,انا بشمسهم و بحطهم بالشمس يومين و تلات لاتاكد انه ما ضل فيهم مي 
3970,@User.IDX الرئيس الفلبيني يعلن استعداد بلاده لاستقبال لاجئي الروهينغيا ومنحهم الجنسية الفلبينية. لا ياحبيبي كثّر خيرك .. بس اعط مسلمي بلدك حقوقهم واوقف القتل والاضطهاد عنهم 
3971,على فكرة تراك منت خال 
3972,عند الدقيقة 3:53 التي تتكلم عن مؤسس شركة netscape نجد تطبيق لحديث المصطفى صلى الله عليه وسلم ((لَوْ أَنَّ لِابْنِ آدَمَ مِلْءَ وَادٍ مَالًا لَأَحَبَّ أَنْ يَكُونَ إِلَيْهِ مِثْلُهُ وَلَا يَمْلَأُ نَفْسَ ابْنِ آدَمَ إِلَّا التُّرَابُ وَاللَّهُ يَتُوبُ عَلَى مَنْ تَابَ)) سبحان الله 
3973,اللهم إنَّا نشكو اليك ضعف قوتنا و قلة حيلتنا و هواننا على الناس أنت رب المستضعفين وأنت ربنا إلى من تكلنا ؟ إلى بعيد يتجهمنا ؟ أم الى عدو ملكته امرنا ؟! إن لم يكن بك علينا غضب فلا نبالي ، لكن رحمتك أوسع لنا نعوذ بنور وجهك الذى أضاءت له الظلمات و صلح عليه أمر الدنيا و الاخرة من أن تنزل بِنَا غضبك أو يحل علينا سخطك لك العتبى حتى ترضى و لا حول ولا قوة الا بك 
3974,انا شايف ناس كتير مدايقه من ان في اضطهاد للمسلمين في فرنسا ودول تانيه تانيه يعني وبقينا مشهورين بالارهابيين في معظم بلاد الغرب وكمان بقي لبس الحجاب او الزي الاسلامي عامل زي ملابس الهالوين اللي بتخوف الناس. بس بصراحه انا اؤيد الغرب في فكرته تماماً عننا. اولا ندعي ان الاسلام هو الشفاء ونحن الاكثر مرضاً وثانيا في بلادنا مش بنتقدر واللي بيتكلم بتقال عليه ارهابي في بلد واكثر الدول فيها سجون ومعتقالات ساسيه وتخلف ف التعليم والاقتصاد وانعدام اخلاقيات ابسطها حتي مش موجود وملناش خير بعض ازاي عايزينهم يحترومنا وبلادنا وشعبنا واهلنا وناسنا محترومناش 
3975,مدونة من اصيع ما تكون صياااااااااااااااااااااااعة 
3976,@User.IDX حقدهم للاسلام هوا الدافع الرئيسي لمقاطعه الشركه هذه . 
3978,@User.IDX انتهى المشروع القطري في تفكيك الأمة العربية الإعلام القطري يخدم المشروع الصهيوني في تفكيك الأمة العربية قريبا حكومة انتقالية في قطر قطر إرهاب اينما وجد الدمار في العالم العربي ابحث عن الدور القطري <url> 
3979,لهجة السكان تثبت أنهم سودانيون 
3980,@User.IDX قلت لي فصل الدين عن السياسة ؟ سلم لي على الخداع والكذب 
3981,@User.IDX @User.IDX عندما تتحدثون أخلاقيات العمل هاذا اقرب مقطع ممكن يوصف حالكم <url> 
3982,Na Da Ës Rä عبقرى من كوكب اليابان يا جماعه .ماشاء الله مابيفوتهومش حاجه 
3984,@User.IDX أفعالك يا بن سلمان 👎 
3985,@User.IDX ياولد لاتنسون في قرارات ملكيه بالسعوديه <url> 
3986,""""""" انا مش فلسطيني .. ولا عمري روحت """" فلسطين"""" انا مش بطل ولا انا """"صلاح الدين """" انا ورق وشوية خرافات زي زيكم بتفرج ع المشهد ف سكات صوتي مكتوم بسبب فساد حكومات انا مش عربي من يوم ما ضميري مات انا مش عربي من يوم ما صوتي بقي بوستات التضامن ..بقي لايك وشير القضية الفلسطينية بقت غير بقت عادي ..اتعودنا مبقاش فينا خير سكتنا فسكت الضمير.... """" انا مش فلسطيني .... ولا عمري روحت """" فلسطين """" انا مش بطل .. ولا انا """" صلاح الدين """" ازيكو يا عرب ؟! يارب تكونو مبسوطين ميت سنة وانتو شايفين سامعين .. ساكتين خايفين فخليكو نايمين والجزم مكانها بوقكو وانتو عادي ساكتين من العراق ل ليبيا لسوريا ل اليمن ل السودان والصومال انتو ورق هما الابطال """" انا مش فلسطيني ... ولا عمري روحت """" فلسطين """" يارتني فلسطيني عايش وسط """" فلسطين """" بجري من الرصاص وف عز البرد انتو اللي خايفين احنا كدة كدة ميتين شكر خاص من اهالي فلسطين لكل العرب اللي شافو وسمعو وعملو مش سامعين اللي لسه معتقدين انهم بني ادمين ولوطن جبان يتهان وساكت لقلوب بتنبض بس الرحمة فيها ماتت اوعو تنسو القدس ولا شبر فلسطيني مهما الظروف كانت """"انا مش فلسطيني ... انا اتمني اكون فلسطيني عمري ما روحت فلسطين بس حاسس انها بتناديني انا مش بطل ولا انا صلاح الدين انا ورق .... قدم واتحرق ..... #محموض_صابر """
3987,@User.IDX ان لم تستحي افعل ما شئت 
3989,استمرر ياوحش وربيي يوفقك ويوفقنا 💕💖... 
3990,@User.IDX اسمع ألقِ نظرة على تغريدة @User.IDX <url> 
3991,والله انك مبدع من يوم م فتحت باب اليوتيوب حقيقي مكانك مو هنا استمر ف صعودك' احوووبك بالزاف ❤️ 
3992,علاششش علاش هكااا شريكاات تخدم و دخل لفلوس و تستعمل في الضوء ومتخلصش و الستاغ اصلا متخممش حتى تبعثلهم تنبيه و السيد مريض بين حيااة و موت و تنجم تقول عايش بالضو و هوماا يتهدوو عليه؟؟؟؟و موش كان هو الاف كيفوو..... #حسبي_الله_ونعم_الوكيل 😡😡 
3993,@User.IDX فوق لبنان مثلاً أصلاً ولا كان في قمر هيدي الإشيا الحلوة والغريية بتصير بس ببلاد برة برة برة 
3995,والله ما اعرف ابكي على حالنا لي وصلنا ليه ام ابكي على المواهب الغير مدعوما 
3996,انا الحين ملخبط ذي كلها في البطاقه الائتمانية الحلال !؟ انا عندي لكن ما ادري ان ذَا كله فيها 🙂💔💔 
3997,أنا متأكد لو كان ستيفن_هوكينج مسلما وثبتت تجاربه أو نظرياته على أساس أنه مسلم بغض النظر على ما يقوله عن الخالق .... لفتخر المسلمون بإنجازاته وغردوا بها واعترفو بها وسوف ينسبونها إلى تاريخهم بجوار علمائهم 
3998,على فكرة في الدين حكم الاراهبين يطبق عليهم حكم الخوارج مش تكفير الانهم تحت شهادت لا اله الا الله ولا يجوز تكفير الا المرتد عن الدين او الخارج ده الي يطبق عليه حكم التكفير واسمه يكون مرتد انه يشرك بالله وغيره وغيره على حسب علمي والله أعلم عشان كذا رفض الازهر يكفر الارهابين ...!!!! 
3999,انااااا اللي استفدتو من موت حمزه ..انة ساعات انت تحارب شيء وتحسبوا هو عدوك الأوحد وفجأه تجيلك طعنه من مكان تاااااااني..في الاخر اللي مامات بالسرطان حيموت بالقلب واللي مامات بالقلب حيموت بحادث سياره واللي مامات بحادث إذا كان في السعوديه حيطيح في بياره مفتوحه ويموت..اختلفت الأسباب والموت واحد ..الله يرحم الجميع 
4,"خيبة الأمل ليست تشاؤما ولا تقولا ٠
عزم لكفالة اليتيم ولو بالعشرين وأبيه وأُمَّــــه ٠"
10,تبع ايران
15,هل لو كان الحريري هو
17,سيد فيصل إحترامي وتعلم
18,اتمنى في الحلقات القادمة من الاستاذ فيصل ان يقدم حلقاته من داخل قسم البوليس وذلك منعا لعدم حصول اي عاهه دائمه لاحد الضيوف عندما تشتعل المعركة بينهما وحرصا على سلامتك انت ايضااستاذ فيصل.
19,هالبرنامج صاير مسخره .. الجزيره 2015 تلغي هالبرنامج المفروض ..بدنا برامج جديده يا جزيره .. هالاتجاه المعاكس لازم يتقاعد
25,بل كلامه كله مغالطات ... وبعد ذكر علاء حقيقة الرجل ثار غضب !!
38,ما تقوم به السعودية والامارات من تسليح القاعدة والمرتزقة سيودي إلى تقوية داعش في اليمن
40,صباح الخير
49,بتمام مكارم أخلاق أمهاتهم وترك الفواحش ما ظهر منها والشر كل الشر ما بطن، فإما قتل أوسرقة لفساد مسبق دون بينة وحكم السنن فيه حتمية هلاك النسل والزرع .
57,الرجاء التثبت لا يمكن قراءة الفيديو
59,الشريط يحتوي على 19 ثانية فقط
85,يا شباب يا جماعة يا هوووو  وين الحلقة ؟ صار 19 مرة  على مدار 3 ايام عم ندخل  ومافي شي غير التقرير !!
106,بدا موقف أحمد  منصور واضحا حين  إجراء الحوار مع أمير القاعدة الجولاني وبدا مبسوطا برفقته مساندا لآرائه ومطريا على أعماله. أتصور حواره مع أسير كان يحارب القاعدة اللتي هاجمت بلاده.
107,كيف
109,"قارن حوار أحمد منصور مع الجولاني وإستنطاقه لهذا العقيد الأسير. 
أرجو النشر. شكرا."
112,سلامي للنصرة .للاسير يتكلم بحرية تامة وهذا يدل على الاخلاق العلية والرفيعة للمجاهدي النصرة
122,ومن اعرض عن ذكري فان له معيشة ضنكى ... صدق الله العظيم لاننى تركنا ذكر الله فنحن نعيش بضنك سواء بحكام يدعون الاسلام وهو برئ منهم الا بعضهم او من خلال غزونا من قبل الغرب الذي يرسم لنا طريقة عيشنا
123,للمرة العاشرة ... القافلة تسير. ....
134,والشيعى قال الحقيقة فمن يدعم ايران ضدالعرب هى قطروالامارات والسعودية
137,فين تعليقاتي ؟؟؟؟؟
142,ما سر قوة تنظيم الدولة ؟
146,تفكيرك منطقي، بالنسبة لشخص لايؤمن بالله واليوم الآخر، أما من رضي بالله ربا والاسلام دينا ومحمد صلى الله عليه وعلى آله وصحبه وسلم رسولا، فلا دين ولا حكم يرضيه إلا حكم الله. لكم دينكم ولي دين.
157,و تتمدددددددددددددددد
164,هذا التقرير ينقصه اسماء وصفات الضيوف
165,فلا تقرا تعليقى
166,ثلات اسابيع من الاعتداء
170,الامارات تسحب قواتها من اليمن بعد مقتل العشرات و جرح المئات من جنودها بعد ان ادركت ان اليمن مقبرة للغزاة.
175,اعجبني الثوب الفلسطيني المطرز الذي ترتديه  سيدة الاخبار العربيه ايمان بنوره.
188,خيل خوبي!
189,كلاب البعث أكثروا النباح فقد خرج القطيع من الحظائر وصار لكم ند شديد
191,يا عمي متى سوف يتوحد أهل السنه تحت حاكم واحد والله ربنا سوف يعاقب عقاب كبير
204,كان الأفضل لكم قراءة صلاة الموتى .
205,انه ليس صراع بل ثورة على حكم اليهوذ وذلك  ثمن كل من يسعى للتحرر منهم وواجب
207,"اقرأ التورات سفر دانيال ٥ العدد ٢٨ فرس, قسمت مملكتك اي بابل سوريا الكبرى, و اعطيت لمادي اي الكرد و فارس اي ايران"
209,والله ان الموت قليل على هؤلاء فقد اجرموا بحق الآلاف من ابناء هذا الشعب بدون جريرة ارتكبوها فلو مات امثال هذا المجرم الف مرة لكان قليل عليه
210,مكان
215,دور إيران في نشر الطائفية أقل من واحد بألف عن دور السعودية التي تكفر الطوائف والمذاهب الاخرى وتقصف وتفجر المساجد والمستشفيات وترسل الانتحاريين إلى دول الجوار
217,"بنظري أن أهم عامل للحد من انتشار المرض ضرورة توعية الشباب بعدم الزواج بين من يعانون من مرض السكري وهذا يحتاج الى جهد مضاعف بدل التركيز على ""منع الحمل"" !!"
223,للجموع صيغ وقواعد وكل اللحن في غزل هجاء بتأنيث المذكر ؛ تعني إخفاق إعراب وألفية عصر٠
228,هل يذهب الاستاذ احمد منصور الي الدولة الاسلامية؟؟؟؟
232,سمعت و الله اعلم او ربما قرأت ان مسألة وأد عمر رضي الله عنه لابنته في الجاهلية رواية خاطئة و غير صحيحة :)
234,یا اسفا للجزیره!!!!!  لماذا لم تنشر رایی!!!؟اهکذا طریقه الاحرار؟!!
235,الحولاني ؟!
236,يالله فيلم هندي
243,انها ثورة الشعب السورى للتحرر ولن سيغلبها الاستعمار الصهيوروسى صفوى ابدا والله ينصر الشعب السورى امين
245,نفس التعليق في عدة مقالات: هذا ليس مجرد رأي بل تحريض على العنف. انتبهو لمن يريد أن يعود بنا إلى الوراء
246,ربما لان الملائكة يقاتلون مع الثوار المتعددو الجنسيات كما قاتلوا معهم في حمص والقصير
250,"""قل للذين كفروا ستغلبون"""
261,الانتصارات التي يحقثها المجاهدون في سوريا خاصة جيش الإسلام في ريف دمشق تقول للروس والإيرانيين : نصر الله قريب ..
271,سلاح ذري وليس سلاح نووي من فضلكم في الدقيقة 2.40.. من الفيديو
277,لن تحصل الأمة على أي حق من حقوقها داخليا أو خارجيا بمعزل عن الشرع والجهاد ولو ظلت تحاول في غير هذا الطريق آلاف السنين ما وصلت لشيء
287,شراكة السعودية وأمريكا تكمن في خلق الازمات والحروب في المنطقة وفي الحرص على أمن إسرائيل
295,الدراسات القرانية تؤكد زوال اسرائيل  العام ٢٠٢٥
296,لا يشتغل الفيديو !!!!
302,"شيخ خليل أحطب مااستطعت, لن تعفيك أعراض الشيخوخة من طعنك في اعراض الناس, ثم تزعم أنك مسلم: بسم الله الرحمن الرحيم, وإن جهنم لموعدهم أجمعين لها سبعة أبواب لكل باب منهم جزء مقسوم."
304,"مشكلة عويصة جــــدا ¡¡¡٠
من حيث الشكل ¡¡¡ ومن حيث أنه يصعب أن توصف ٠
أنا نسيت ؛ إنتو فاكرين أنا ليه نسيان على طول ؟٠"
305,95% ممن تستضيفوهم الجزيرة للتعليق على الاخبار المصرية من اتجاه واحد معاد للنظام الحاكم حاليا فى مصر مما يجعل الحيادية شئ صعب المنال
324,اعدكم بزوال الخمارات والدسكو والمشروبات الروحي وانها تختفي الى غير رجعه والدعاره لن تعود الى عندن .
327,لاتسب ياخي رد بكلام منطقي او اسكت تسلم من الذنوب فكل انسان يؤمل فية الخير مالم يغرغر والنبي (ص) لم يكن سبابا
329,أريد أن أصحح اسم الرئيس الزعيم (إسماعيل الأزهري) لا (إسماعيل الجوهري) والله يرعاكم
345,عزيزتي كنهديك هدا البرنامج عن المقاومة و الممانعة السورية لاسرائيل
349,طبعا المسارالسياسىمهم وبناء المؤسسات من جديدوكماحثت عليه الثورة العربيةالمجيدة وعليه قامت وتظحىشعوبنا العربيةلسورية الحبيبة
357,الحرب بين الفرس و قريش علىى الابواب.اللهم اهلك الظالمين بالظالمين واخرج من بينهم اهل غزة سالمين غانمين.
358,دعم قطر و الجزيرة للاخوان و الجماعات التكفيرية و الجهادية هل هو ابتزاز للدول العربية ام دعم سياسى ؟؟؟؟؟؟؟؟؟؟
359,كامل احترامي للسيد ريان، طريقة ادارته للبرنامج لاتقارن بالمبدع فيصل القاسم .. ليس تقليلا من شأن ريان الذي تغلب عليه العاطفه  حتى في نشرات الاخبار  اذ ان هذا البرنامج مخصص للصراخ لا للعواطف
365,أين الدكتور فيصل القاسم؟؟؟
369,الحرب المصلحة بين مجموع رياك وكير ومجموعالاخرع هذا حرب ليس لشعب الجنوبي بلا لمجموعات المصلحة ،وكل قائد في جيش عندو قواد بزات نفسه ،
375,يا أستاذ أحمد منصور .في الثقافة الألمانية المقاطعة شيء غير مهذب .احترام معرفتك للملفات.بعض المستشارين لمساعدته يا قناة الجزيرة.
376,في الحقيقة لم يملأ فراغ فيصل القاسم إلا جمال ريان
381,يااردوغان روسيا كبيرة عليك انصحك بالتحدث الى تحالف السعودية في اليمن الذي دعمته عن سقوط ضحايا مدنيين جراء القصف العشوائي
382,مين اوردغان؟
392,"""السيسي لن يسمح"" هههه... خليكو في تكنولوجيا الكفتة و دع السماح من عدمه لاسرائيل و امريكا..."
400,من غير مصر وقوفها و وتحررها بوطننا االعربى وكجسم من غير رئتين والثورة تعول على السيدالبرادعى فما عليه الا يعود للساحات ان كان ثورى حقيقى ولاجل مصر وامتناالعربية والاسلامية وللمستظعفين امين رب العالمين
409,و لماذا لم تنشروا تعليقي؟؟؟؟!..
410,"أنشروا تعليقاتي الثلاث المرقمة يا جزيرة جزاكم الله خيرا. فقد نشرتم أولهما ثم حدفتموه . لماذا؟ أهذا هو إحترام  الرأي الآخر ؟
و شكراً للإستماع إلى أبناء أمتكم."
427,حلقة ضعيفة لم يفهم منها شيئا واستمر الطرفان بمقاطعة الاخر في حساء من النقاش ، حظا افضل المرة القادمة
439,نريد التوطين او الهجرة شبعنا فقر
440,اين فيصل القاسم ؟!
445,رحمه الله
450,السؤال الدي حيرني هو هل ستستضيف نفسك؟
460,نتابع الدكتور فيصل على الفيسبوك و لكن أين هو على شاشة الجزيرة؟
485,نلنتةمتللغمابقن
487,المقدمه فقط تكفي، روائع هذا البرنامج
489,"(ليست للنشر) فضلا : التكرم بنشر ما أدخلته و إيصاله لفيصل القاسم قبل البرنامج , الانترنت استعصى على الفتح إلا الآن , هذا هو سبب تأخير الإدخال, شكراً جزيلاً لكم"
514,فلقد قال اخيرا كل ما يحدث بوطننا االعربى من عملاءالامريكيين منصبين على حكم دولناالعربيةبالمستعمرين انسقوطهم هوسقوط وطردالامريكيين وصدق
520,حزن شعوبناالعربيه والاسلاميه لمقتل الركاب الابرياء يماثل حزن الشعب الروسي علي المئات من قتلانا من اطفال ونساء ورجال ابرياء بالقصف الروسي اليومي في سوريا !
522,الروس بيستاهلوا يلي جرالهم بعد فتل المدنيين في سورية. لازم بوتين يتعظ. ياعبدي لاتتكبر أنا أكبر
528,لن يفلحهم الله وهو الحق في قوله
541,جنت على نفسها براقش
549,مريض ربي يشفية !
556,لا كنت اعرف ان هؤلاء يعرفون الفن
557,الا يستطيع المنقحون اللغويون لنشرات الاخبار ان يكون اكثر دقه في كتابه الاخبار. كان الاحرى والادقةان يكتب بأسم دلاله على الاستفهام بدلا من باسم دلاله على اسم شخص.
570,و كيف نفسر سر التحاق الشباب الاخر (الحشد الشعبي العراقي و السوري) الى صفوف داعش المضادة الايرانية و الروسية ?اليست هي حرب دينية و من حق اي انسان الدفاع عن دينه ?
572,هداية الشباب المسلم من رب العزة جل جلاله ولكن يصعب على بعض الناس الرجوع عن الغي. نسأل الله ان يهدينا جميعا
580,عيبٌ عليكِ أيتها الجزيرة في حذف جزء من التعليق. أهكذا إعلامكم؟
584,الرجل من جرش وليس من عجلون
590,هذه المذيعه تعرف كيف تدعم الاقتصاد الفلسطيني
591,غاده عويس تقدر تدعم اقتصاد فلسطين ويصبح اقوى اقتصاد في العالم
603,يا الجزيرة اين تاريخ اللقاء ؟ هذا مهم
608,في المغرب خادم وخدوم فقط، لا يهم إن كنتَ وزيرًا أو حمَّالاً.
615,"ـ الفصل إسم على مسمى يضمن بكتاب آستشارة أو دسترة تحدد معاييره وحدود تعديله 
وفقهما كالأوبئة ورصد الزلازل والبراكين على وزن جموع التكسير أو صيغة منتهى الجموع ٠"
622,هل الشيعة ترتكب جرائم  على حساب الطائيفية ام هية لحساب ايران
623,سؤالي جميع الناس الي ماتو بسبب شخصين في العراق البغدادي و السيستاني هولا لازم يسألون عن دماء العراقيين هم اصحاب الفتاوي وليس الشعب كما تحاكم صدام غيابي حاكم هولا المرتزقة اثنينهم اصحاب الفتاوي
624,مهما ارتكبت الدولة الاسلامية من فضائع فلن تصل الى حد التصفية العرقية والطائفية القائمة على الحقد الشيعي اتجاه كل ماهو سني انه التيار الاعمى الذي يحصد معاه الاخضر واليابس
625,وين كانت الحشود يوم غزو العراق، وضد اسرائيل، على الأقل جماعة الدولة الاسلامية قاتلت الاحتلال وما راح توفر اسرائيل.
633,أين فيديو لهاذه الحصة
652,"لا حل للامة العربية والاسلامية الا بمنقذ سماوي يحميها من الدمار الذي هو موجود فيها 
ولمزيد من المعلومات يرجى كتابة على الجوجل الموقع الرسمي للجماعة الاسلامية الاحمدية"
658,الصحفية الحرة الشجعاة الجرئية التى استضافها المذيع بالقدس بتعمل اية
662,سبحان الله!!6000 غارة من التحالف الصهيوني الصليبي واكثر منها من التحالف الصفوي النصيري وجيشهم على الارض،، وهي باقية وتتمدد !!! الا تعقلون ؟؟؟؟؟؟؟؟؟؟؟؟؟؟؟
664,الحمد لله على السلامة دكتور فيصل العالم كله والعرب خصيصا من خذل السعب السوري وعلى الباغي تدور الدوا
670,نطلب من معد البرنامج على الاسئلة التي طرحتها عليه سيدة هاربة تقيم في لندن .
672,أعان الله الجزيرة وطاقمها، ليس في امة الإسلام ولا في إمة العرب مايمكن إعتباره إعلام إلا هي، هنا لاننظر ابداً للقصور ان لا مقارن معكم كي ننتقد - أتكلم عن كل ما تقدمه الجزيره ولا اخص برنامجاً معيناً
677,كل إناء ينضح بما فيه
692,لماذا لم تنشروا تعليقي وكان بعنوان  ـ تنبيه ونصيحة ــ فهولله ولايضركم فأنشروه رجاءا.
704,كان الاحرى بالجزيرة فضح اعمال هذا الإرهابي
708,ممنوع الدين او التجارة بالدين لكسب مصالح دنيوية بالثورة وجائت ثورتنا لتفصل الدين عن السياسة ومصالح ا لشعب كالدول الحرةالمستقلة
709,نعم يا االسيد  الملاح
711,3 سوريين يسبون في مؤسسة سورية على قناة غير سورية لا يشرف السوريين .
712,الشاعر ابن الديب مختف قسريا .
717,مشهد ينقصه خيمة و إبريق قهوة بالهيل وقضيب الة للتنقيب على النفط في العمق.
722,قبل ستين سنه كانو في ظهر اباهم الذي كان في ظهر ابيه
726,"ممقن نعم, وممقن لا, وممقن لعم."
730,"بعد التحية والسلام 
ياجزيرة وين فيصل ليش ماعم انشوفه في الاتجاه المعاكس ترى البرنامج فقد بريقه وشعبيتوا بالمرة ارجوا منكم ان نعرف سبب اختفائه هل بالفعل طرد من القناة ؟؟"
733,لا فرق بين شيعى و لا سنى الا بتقوى
749,هل هذا مقصود هكذا حدث يكون بحلقة غير ناجحة ابدا
760,تيم بيرنرز لي ليس هو مخترع الإنترنت بل هو مخترع النص التشعبي على شبكة الانترنت والذي يوصف ب ورلد وايد واب وبالمختصر ثلاث أحرف التي تبتدأ بها عناوين الصفحات.
770,أخي أحمد منصو لأول مرة  تقريبا أراك  في  برنامجك -شاهد على العصر- مع الشيخ عبد الفتاح مورو، هادئاً ، تستمع ، و لم تقاطعه و هذا ربّما راجع لصدق كلام الرجل ، و آقتناعك الشخصي لما يقول و يروي و الله أعلم
771,جنوب السودان حاليا دوله يعني مشاكلها تحلها بعيد عن الشمال كفى خلاص يموتون يحيون هم واختيارهم
789,كفى دعما لتدمير اليمن على يد الطائرات السعودية فالشعب اليمني لم يعتدي على احد.
792,"لانها غير معصوفه؟ وتتصرف بدراسه وحكمه, وتحترم عدوها, وتفهمه حاضرا ومستقبلا."
823,ابو إسراء البطل ظاغطهم والله اتمنى هذا التقرير صحيح لانه المالكي يصعد نجمه اكثر. حبنا للماكي ابقدر كره أعداء العراق له.  المالكي سوف يحسم الولايه الثالثه اوشعبه اشتاقله يرجع للحكم مره اخرى.
824,كيف يتم توجيه الأحداث لتحقيق الأهداف (الهدف الغربي في المنطقة)
827,ومن حقهم ولماتعتدى السعوديةعلى اليمن؟؟
828,"اعداء الرياض من كل الاتجاهات من الاحساء وحائل والحجاز ونجران وجازان وعسير.وقد ينقضون عليها ويقضون على الدين الصحيح, ونعمه الاستبداد."
833,اعلن وسلام يا اهل السودان
834,كل الجهود العربية محفوظة الحير قر الاسلام لبى ان تقوم الساعة
835,"رحم الله الانصار ورحم الله اهل السودان, رحم الله الانصار ورحم الله اهل السودان, رحم الله الانصار ورحم الله اهل السودان,رحم الله الانصار ورحم الله اهل السودان, رحم الله الانصار ورحم الله اهل السودان"
845,اللهم من دمر سوريا وشعبها العظيم وقد كان ءامنا مستقرا ودعم قوى الشر والتخلف والظلام فرد هاذه الفتنه الى وطنه واشعلها في جوف وطنه ليذق ماكان يذيق الناس بماله وبفتاوى شيوخ الظلال
846,اين فيصل القاسم ؟بدونه هذا البرنامج كقهوة بدون الزنجبيل.الله يحميه من كل شر.
847,اين فيصل القاسم؟
848,روح اقرئ اسوانطكم المشروخة عليكم و(اسرائيل)هى من تحمى الاسد(...) وحامى حدودها ولولاها لقضى عليه الشعب السورى بثورته
850,كنتم مع الفاصل الكوميدي في التعليقات
865,ارجوكم يا قناة الجزيرة لتعرفوا سبب عدم محاسبة الاسد. تواصلوا معنا لانه عندنا الادلة القاطعة على ذلك
867,"كلامك صحيح 100% اخي الكريم, يجب على الايرانيين ان لايدعموا الاكراد امام تنظيم الدولة الاسلامية و ستشاهدون اكراد يفرون كالارانب الى الجحورهم!, اكراد لا عهد لهم"
869,فيا ولد فالعراق بيد امريكا
873,واي آي دبليو يو
876,مدن لاتنسى صنعاء  احداها وعدن ثانيها واب ثالثها ولك الله يايمن .
887,لكم منا كل التحية والشكر جزاكم الله عن الامة العربيه كل خير تعلمونا وتثقفونا برامجمكم للعائلة والاطفال غاية بالاهميه
898,أنت تحاول دعم اللغة العربية ولا تتقن كتابتها كيف ذلك ؟ ه:
899,"لماذا حذفتم عبارة (ازول فلّاك)..؟؟!!
هي ببساطة تعني السلام عليك ..تحية لك..
هذا كره لا مبرر له للغة شمال افريقيا.."
915,الهدف و اللمتأثر الوحيد سوف تكون قطر
925,لقد ارسلت تعليقي مند أربع ساعات و لم ينشر.
927,الحكم سياسي
940,لا أنا لست خائفا .أعرف أن هناك تغييرا قادم .أخذت التدابير اللازمة .في الواقع المال لا قيمة له. أنت بحاجة لحراسته.لكن المعرفة تحرسك .لهذا السبب أغلى ما في ليبيا و قطر الشعب
942,لا أدري لماذا أشعر أن الأمر لا يهمني!
947,ايران مافيه هنا. (هرون بنيعش/اليمن)
956,هذه تجربة 
958,هكذا
960,"السلام عليكم 

انا مابغآكم تطلعون الرسآلة 

بس أرسلوآ لي على الإيميل 

كيف أشآرك بأسطول الحرية ؟!

لأني ماشفت اي اعلان 

وحاولت ابحث عن العنوآن مآلقيت  

سآرة من السعودية 

"
962,لماذا لا تسأل الجزيرة عن صمت شيوخ الوهابية على هؤلاء اللاجئين
963,لماذا لا تسأل الجزيرة عن سبب صمت شيوخ الوهابية على هؤلاء اللاجئين
964,ومتى ينسحب الامريكيون من الوطن العربى 
965,"السوال؟
من ينفع من اختلاف بين المسلمين فی العراق؟ 
جواب:
امريکا
"
972,اعتقد ان تلك الصور و المعلومات التي كشف عنها حزب الله ماكانت لتضهر لولى الاتهام الموجه لعناصر من حزب الله
974,اتعجب كثيرا من الذين يقولون اين حزب الله عن غزة ولا يقولون اين العرب يا اخي انت ماعندك  شي تنتقد فيه حزب الله 
981,يعني الامارات متهمة عشان ما تفقد مكانتها ؟؟
985,عيب يا عون بيكفي طائفية شوف الحكيم شو عمل و تعلم 
986,لا حول ولا قوة الا بالله
995,"أبعــــــد من قومية بآلاف السنين مما يعدون ٠
قول بشر و ليس وحيا ؛ قسما بربه الأعلى ٠"
1000,انشاء الله ارض الكنانة كلها جهاد
1011,"ـ  صدورأوامرتنفيذ الأحكام النهائية بعد الإحالة مقيــــــد في شكله وموضوعه   :
ـ تحديــــــــــــد ظرفه ومكانه ٠  
ـ التبليــــــــــــغ ٠
ـ خضوعه لفصل صلاحيات  العفووأشخاصــه وإجرآته بالدساتيــــــر ٠"
1020,نعم مهما حاولوا تبرير الاغلاق فهو ليس إلا اعتداء مباشر على الحرية الاعلامية وتمهيد لانتخابات لن تكون ديمقراطية ولا شفافة بل أشنع من سابقاتها..واللهالمستعان
1023,للتجربة
1029,"يمقن نعم,ويمقن لا, ويمقن لعم."
1034,اين تعليقي؟؟؟؟؟؟؟؟؟؟؟؟؟؟؟؟؟؟؟؟؟؟؟؟؟؟؟؟؟؟؟؟؟؟؟؟؟؟؟؟؟؟؟؟؟؟؟؟؟؟؟؟؟؟؟؟؟؟؟؟؟؟؟؟؟؟؟؟
1035," انا مع الدوله الاسلاميه في ايران ارى ان العقوبات كانت تهدف الى منع ايران من امتلاك الطاقه النوويه بكافة اشكالها
لانهم لايريدون للمسلمين التقدم وامتلاك اسلحه قد تهدد قيامهم"
1036,أين أنت يا عمر..
1038,حياك الله أخي صدقت فدولة الإسلام باقية و تتمدد بإذن الله تعالى
1042,الصورة المرفقة ليست لي - أرجوا حذف هذه الصورة من فضلكم
1055,او دي جي كورها سي دي بيدي  تنوا كركو اوتاه
1056,يبدو أن رواية الجزيرة  تناقض رواية رواية الدولة الإسلامية بحيث قالت الدولة أن 8 غزاة نفدوا العملية في باريس  بينما الجزيرة تقول 16.
1059,ميادين النهضة والتحرير والاستقلال ستكون ميادين انطلاقات ...
1061,وقد فتحها الصحابي الجليل خالد بن الوليد رضي الله عنه سنة 12 للهجرة!!!!!!!!!!!!!!!!!
1063,نسئل الله العیش و التعایش عاش الله الفلوجه
1065,"الجمهورية الصحراوية غيرموجودة تاريخيا ... الصحراء كانت ولا تزال تابعة للدولة المغربية عبر التاريخ....
 تذكرو جيدا .. إسمها الصحراء المغربية وليس الصحراء الغربة."
1067,مساحةمخيم برج البراجنة ليست صحيحة يرجى التأكد حيث باعتقادي أن مساحة المخيم 7.5 كم2 (وليس 750 كم2 كما هو مذكور في التقرير ) وشكرا
1068,أين مصدر هذه الاستبيان الرجاء أن تكونوا دقيقين
1070,سلام عليم ان لااثق في اي قناة عاد قناتكم المحترمةارجو ان ديرون برنامج النووي الجزائري بشرح الكامل
1071,در کمتر از شصت ثانیه در انترنیت چه اتفاقاتی می افتد؟.
1072,مشاهدة اكثر من 100 الاف ساعة فيديو اباحي بالوطن العربي
1073,وزد للائحة العامل الخارجى وكما اكده المختصين انه لا يمكن لاى تنظيم العيش من دونه
1074,"فرنسا بحاجة لأحدات 11 سبتمبر مصغرة لمزيد من التدخل في سوريا مع حلفائها.
بعض دويلات العربیه و اسرائيل عبر داعش أعطوا هذه الذريعة مثلما فعلوا بالقاعدة عندما إجتاحت أمريكا أفغانستان و العراق"
1081,دقة الاصابة 3 دول و ليس 3 امتار.
1084,امنيتي ان اقيم عندكم
1088,الصورة هي لاسامة النجيفي وليس لاخيه اثيل النجيفي. يؤسفني القول ان مصداقية الجزيرة اصبحت على المحك تحت الادارة الاخيرة.
1089,الصورة ليست لاثيل النجيفي ولكن لأسامة النجيفي
1090,أنا أسكن في شمال انجلترا و سنصوم 19 ساعة وليس 14 كما في الخريطة
1091,هذه المعلومات غير دقيقة انا اعيش في المانيا وسوف تكون انشاءالله ساعات الصيام بما يعادل 19 ساعة يوميا وليس 16.30 كما هو مكتوب اعلاه وشكرا
1092,لا اعرف كيف تمت حسابات وقت الصيام نحن في كاليفورنيا نصوم ١٦ سماعه ونصف وليس كما ورد ١٥ ساعه ونصف اعتقد ان التقرير غير صحيح
1093,"غير صحيح, نصوم في الجزائر العاصمة 16:40

يمكنم التحقق ياجزيرة"
1094,يا انا فاهم الدنيا غلط يا الصورة غلط
1095,المانيا تصوم 18 ساعة وليس كما في التقرير
1096,"مدة الصيام في المملكة الأردنية الهاشمية كما يلي:- 
3:54ص - 7:53 في منتصف رمضان
أي بما يعادل 16 ساعة صيام"
1097,الأرقام الوارده في التقربر غير صحيحه. الاردن تصوم 16 ساعه مثلا.
1099,"تقبل الله الصيام و القيامو
هذا الانفوجرافي مليء بالأخطاء .
نحن هنا في المغرب نصوم 16 ساعة و ليس 14 
الامساك في بداية رمضان حوالي 3:25 و الافطار حوالي 19:46"
1107,أغلى العلامات التجارية وعوائدها
1108,"اين علامة   
ال جي"
1118,"ما هو مصدر هذه المعلومات وكيف يمكن الرجوع اليها؟؟!

أرجوا الاجابة وشكرا"
1120,ربنا يحفظك ويبارك فيك يااحمد وسمعهم تسلم الايادى
1121,الجيش المصري العظيم
1129,شكلك ماكل لحم حمير حتى التخمه
1130,الله يشفيك من عقدة المغرب......
1134,اولا الروس يوجدون الا بموسكو ومن بعد ليسوا بروس
1136,كيف تستيقظ بنشاط
1137,كيف إلاستيقاظ بنشاط
1138,قراءة القرآن للحائض عن ظهر قلبٍ ، أو في غير المصحف محل خلاف بين أهل العلم ، وأكثر العلماء على منعها من القراءة ، الرجاء المساعدة
1144,الرقة-عاصمة داعش اين موقعها ياترى? الخبر ناقص! اعطونا توضيحا يشبع فضولنا!
1148,ههههههههههههه الله يهديك
1149,الله مولانا ولا مولى لهم
1151,هذا الحادث يدل على أن السعوديين لن تستطيع إدارة الحج جيدا...يجب أن تأخذ لهذه المسئله  الهامة من البلدان الإسلامية
1153,لا قوة للسعودیة لاداره الحج
1161,المخيمات للفلسطينيين ...
1163,الجميع يعلم ومن لايعلم يدعي عدم العلم بأن ايران نووية ...
1166,الدولة الإسلامية هى أكثرهم شفافية حتى وإن لم تتفق معهم.
1177,اين المقال؟؟
1179,هذه الدراسات تنقصها الدقة ...
1180,احب الكويت واعشق الامارات وارفع راسي بقطر ....واسال الله الهداية للسعودية
1182,جمال طبيعة النرويج خيالي وجمال نفسية القطريين ازيد من الجمال. فلسطيني نرويجي.
1185,هذا لان قطر لديها موارد طبيعيه تعتمد عليها اما التسع دول الاخري فبسبب الاجتهاد و العمل و الانتاج والابتكار
1187,"ماشاء الله من كل حدب ينسلون هده أمة محمد إجتمعت لإقامة شرع الله فوق آرضه
عيد مبارك بمزيد من الإنتصارات اللهم ثبّت أقدام المجاهدين آمــــــــــــين"
1188,اسأل الله ان ينصركم و يزيد في أعداد يا اسود الخلافة
1191,اللهم انصر دولة الخلافة يا رب العالمين.
1197,"رحم الله موتى المسلمين الموحدين لربهم في كل مكان 
وانا لله وانا اليه راجعون 

يبدو هناك خطأ في عدد الذين قتلوا في عام 2013م حيث ان العدد في جهة عدد القتلى 52 وفي النص مكتوب 25"
1198,انفوغراف غني بالمعلومات لكن ضعيف بالتصميم
1201,احصائية مغالط فيها لكون الجيشين الروسى و الامريكى لا يمكن ان يعلنا امكانياتهم العسكرية على الملئ ...و الكافة يعلم ذلك....فمن جاءت الجزيرة بتلك المعلومات!!!!!
1202,ههههههه، مضحك أنت يا إبن السعودية !
1203,""" والّذِين كَذَّبُواْ بِآيَاتِنَا سَنَسْتَدْرِجُهُم مِّنْ حَيْثُ لاَ يَعْلَمُونَ (182)
وَأُمْلِي لَهُمْ إِنَّ كَيْدِي مَتِينٌ (183)"" سورة الأعراف"
1204,كم من فئة قليلة غلبت فئة كثيرة باذن الله
1205,"لا أدري من المسئول عن وضع النسب والأرقام 
ولكنها ليست صحيحة فالنسب كلها خاطئة .
للأسف هذا خطأ ليس من مستوى الجزيرة !!"
1206,كيف تكون النتيجة 49.4% ب316 مقعد من اجمالي 550 مقعد و انه بقسة316/550 تكون النتيجة 57.4% كيف تحسب النسبة؟
1209,بفظل الديموقراطية عايشين كالملوك وهو طريق الثورة العربية العفيفة المجيدة باذن الله العلى  ولا تنافى الاسلام بل البيعة جزئ منها والتىاتخذها االغرب وحرمت على امة الاسلام  وليس وحدها
1210,بوكو حرام .... باقية وتتمدد
1213,سيعم الاسلام القارة الآفريقية والنصر للإسلام
1215,كيف بايعه ؟! اذا بعث له مسج عالواتساب لن تصله لأنه مختبيء تحت الارض و خارج نطاق التغطية.
1230,مااريد اعيش بل العراق اريد اروح على غير دول المانيا
1233,"أرجوا من الله فوز حزب العدالة و التنمية رجال مصلحون صادقو 
اللهم أجعل كيد الأعداء في نحرهم"
1234,"إنما وليكم الله ورسوله الذين آمنوا الذين يقيمون الصلاة ويؤتون الزكاة  وهم راكعون
نتمنى من كل قلوبنا فوز حزب الحرية والعدالة والتنمية في تركيا"
1235,"إنما وليكم الله ورسوله الذين آمنوا الذين يقيمون الصلاة ويؤتون الزكاة  وهم راكعون
نتمنى من كل قلوبنا فوز حزب الحرية والعدالة والتنمية  في تركيا والله ولي التوفيق"
1239,من خلال الميزاني الرباني ( الولاء والبراء ) نجد ان حماس مع الاسف تقف مع اعداء المسلمين
1243,فلم تطو ىشئ ومازال المخزن وملكهم هم الحاكمين الفعليين بالمغرب بل تحتهم كل مقدرات واقتصادومؤسسات واموال شعبنااالمغربىالذينا كثرمن80%تحت خطا لفقر ونعيش باق لبدولار باليوم الواحد ونحن اولى بالثورة
1244,ألله ألوطن ألملك
1246,هذا جراء الظلم الذي شمل وعم ولم يترك  مخلوقات الله تعيش بسلام .
1247,أندري ازولاي مغربي أمازيغي 100 في 100 ولد البلاد و معروف أصله و نسبه لسي كأول فرنسا و العتمانيين لا أصل و لا فصل
1252,"معلش يا ابن عمتي ارجو تصحيح اسمي في التعليق المرسل قبل لحظات، اعتقد والله اعلم اني اخطأت في طباعة اسمي ، الاسم الصحيح هو ""القصراوي"" ،، اشكرك بشدة"
1259,معك مليار بالمائه - كل في قطره ياعيني عليك ياستاروه نعم الكاتب انت - ولو إنك ?!
1278,شاور!!.. هل له أحفاد في مصر يا هل ترى ؟
1282,أيييييييييييه، استمتعت بقرائة مقالك
1288,مرحبا عليكم
1289,أعتذر للقراء على خطء في التعليق أدناه: والصحيح: إلا كباسط (كفيه) إلى الماء ليبلغ فاه وما هو ببالغه. وإني أرجو من الجزيرة العزيزة أن تراعي أخطاء القراء فيما يتعلق بالقرآن الكريم.
1296,شوط باستمرار الاستعمار للمغرب وملكهم ومخزنهم بهذه الاحزاب وكلها صناعة المخزن الحاكم الحقيقىللمغرب وتحتهم كل مؤسسات واموال واقتصاد واراضى بلدنا المغرب
1298,"المرجو نشر باقي التعاليق، و عددها 5.
شكرا"
1303,لم استطع اكمال المقال لسطحيته ارجوا من الجزيرة قراءة المقال قبل عرضه
1311,استعباد البعض للعمال الهنود في بعض الدول العربية واضطهادهم كان من العوامل اللتي ساهمت في ابتعاد الهند عن الدول العربية ودعمها لفلسطين.
1317,إذا لم تستحي فصنع ما شئت مقال لمضيعت الوقت
1320,رائع وإن
1323,الخبر يجيبوه التوالي .
1334,اللهم صلي وسلم على نبينا محمد وعلى آله وصحبه أجمعين
1335,فيه خطاء في التواريخ   حادثة اقتحام سجن الباستيل وقعت في باريس في الرابع عشر من تموز عام 1789. في المقال ذكر انها في 1879
1337,‫#‏هل_ترى_لهم_من_باقية‬
1340,أنت فاضي تضيع وقتك في فحص 159 صفحة!
1341,زوجة جون كيري إيرانية.
1346,ايه الموضوع بقى ياعلام ونفسي افهم جملة مفيدة هل انت معنا ام علينا ام مع مع
1347,بصراحة لم اقرأ مقالك حيث انك لست مهني ، اسمها الدولة الاسلامية وليس داعش وانت مغيب عن الواقع بسبب الاعلام النقيد
1350,"لا بد من إغلاق ورش ""إصلاح"" السيارات و ورش ""إصلاح"" الأجهزة الكهربائية و التوقف عن إصلاح أي عطب في أي شارع أو مبنى أو الإصلاح بين الزوجين أو أي متخاصمين ."
1353,ليس خطيئتين ؟؟بل ما اراد الله بهم وكما يكونوا يولى عليهم
1361,بل افصحوا لنا عن هذه صفقة ايران ونعلم حينئذ ان هو ظل او شبح
1362,السنغال وتدخل بمشاكلها واحسن لها وان ارادت ان تتعاون بالعدوان على اليمن الشقيق فهناك مجلس امن للدول وهناك تطالب الامم
1365,الرجاء نشر خريطة الدولة التي يدعيها تركمان . دعونا نرى ما يريدون احتلال من أرض العرب . جوجل للبحث عن الدولة التركمان في العراق وسوريا.
1373,أعتقد أن مشعل  ذكي جدا .قام بتحليل الوضع وخلص الى استنتاج أن السعودية و العدم سواء الى حد كبير ثم قرر أن ينأى بنفسه. إذا كان لي الأمر لفعلت الشيء نفسه لدي 38 عاما وأؤمن بالمعجزات الحديثة.
1377,ندعوا الله ان يؤلف بين قلوب المسلمين ويخرج من بينهم الشياطين والظالمين .
1392,المبعوثون الامميون يزيدون المشاكل تعقيدا. ابن عمر في اليمن مثالا. الكاتب في سوريا. ليبيا الان كذلك
1397,ياريتك ... وما حكيت ... خلي الأموال التي أخذتها تنفعك أمام رب العالمين ..
1404,لا يوجد صراع اسلامي اسلامي كما يصور الكاتب.  هناك حربا بين الاسلام والشيعة التي تتظاهر بالاسلام والاسلام برئ منها.
1405,اتفق مع الكاتب ... وما بنته السعودية وبعض الدول العربية  من تنظيم داعش والنصرة واحرار الشام وكذلك التخويف من ايران كل ذلك سوف يعود سلبيا عليها وبدت تكتوي بناره
1409,تعليق يغني عن التعليق!
1413,بحياة الله!!!
1415,تكتب موزاء او موزاؤ وليس موزا مفرد الموز الفاكهة اﻻستوائية
1417,يا سيدتىان تدفعىالسيدات العربيات من نومهن فلن يستوعبن اننا بعهد جديد وللمراة دور مهم وعظيم للامة
1418,نتمنى أن تكون كالأم تريزا .
1419,أكاد أسمع أطفال سوريا و هم يسألون هل هى دعوة خالصة لوجة الرحمن أم أن هناك شيئا آخر يدبر لهم ؟؟ الوقت سيخبرهم لأن الثقة تكتسب بالأفعال ..  الأفعال فقط .
1420,نحن نؤيدكم يا صاحبةالسمو و نحميكم بمقدار وسعنا
1431,يقوى او يظعف بكلمة الشعب وباعلدل والديموقراطية والمساوات وليس كمثلنا منصب من الاستعمار ويبيذ الشعب
1435,عيشو كما عاشوا اجدادكم.
1438,الكاتب علماني و لكنه استاذ بالاسلام
1454,الحل اوحید هو : ان الضفه الغربیه و السلطه تکون مثل غزه.
1460,هل يمكن نعرف معايير جودة هذا المقال لنشره بالجزيرة، وشكرا إن نشرتم هالكلام .
1463,اللهم ارنا عجائب قدرتك اللهم ارسل على هاذه الحشود الاجراميه باسلحتها في سوريا والعراق  طيور ابابيل ترميهم بحجاره من سجيل حسبنا الله ونعم الوكيل
1465,محنتنا منا
1482,الاخوان ....ما هي علاقتهم بالولايات المتحدة الريس مرسي اولاده يحملوا الجنسية الامريكية وهو عاش شبابه في امريكا
1487,سيدي الكاتب، لماذا لا تكتب عن مفاعل ديمونا الاسرائيلي فهو اقرب بكثير من الاردن و انتج حتى الآن اكثر من 200 قنبلة نووية!.
1500,على مر التاريخ ساعد الأرمن كل الحملات الصليبية التي مرت على بلادهم
1510,وكما توجد سياسة ببلدان حكام اليهوذ
1513,عن أبي سعيد الخدري رضي الله عنه قال : سمعت رسول الله صلى الله عليه وسلم يقول : ( من رأى منكم منكرا فليغيره بيده ، فإن لم يستطع فبلسانه ، فإن لم يستطع فبقلبه ، وذلك أضعف الإيمان ) رواه مسلم .
1515,بسم الله الرحمن الرحيم... صح النوم يادكتور!!!¡!!!!!!!!!!!!!!!!!!!!!!!!!!!!!
1516,صباح الخير بالليل .. حمدالله على السلامة
1518,"باقية و  تتمدد بإدن الله,  شئتم أو أبيتم !"
1519,نظام الأسد .. هل تذكرون اغتيال 40 من قيادات احرار الشام؟ من فعلها؟! هناك تنسييق بين النظام السوري و امريكا لقصف مواقع جبهة النصرة.. اللهم انصر عبادك المجاهدين
1526,إن شاء الله يقرؤلك الجماعة لنشريلك الموضوع، فكأنهم هم
1528,للعموري محمد. لاادري إن كانت مشكلتك أنك لم تفهم ماكتبتُ. وأنا بالمقابل لم  أفهم ماكتبتَ !!!!!؟؟؟ واحيطك علما اني رجل ولست انثى.
1537,كﻻم عميق وفي الصميم
1539,شكرا للجزيرة لو أفادتنا بتعريفنا بالصحف التي عمل فيها  جهاد صفر في أوروبا، والمراكز البحثية التي عمل فيها كخبير في مجال الحريات والإستراتجية مثلما هو مكتوب ، وشكرا
1541,مقنع!!
1543,فثورتنا لا تقبل اخوان فنحن كلنا اخوة المسلمون
1549,الله يوحي الى الرسل و الانبياء وكذلك الشيطان يوحي الى عباده ايضا لقوله تعالى و ان الشياطين ليوحون الى اوليائهم سورة الانعام الاية 121
1554,نحترم كثير من افكار السيدين الدكتور جمال حشمت والشيخ حمد بن راشد المكتوم ولو انه، نبي نشوف لهم مقالات إذا امكن
1557,مع احترامي لكل ما كتب صاحب المقال لكن أعتقد أن الزياره كانت زيارة مفاوضات و ليست زيارة ترميم علاقات، فالسعوديه تتوسط لإطلاق الأسرى الاسرائليين لدى الحركه بطلب من نتنياهو.
1559,السعودية تخلت عن فلسطين منذ زمن بعيد عندما سارت في المفاوضات الفاشلة فهي جلست على الطاولة من موقع ضعف اولا ثم شراكة مع السيد الامريكي المتماهي مع الاحتلال الاسرائيلي لذلك فلن تعود العقارب الى الوراء.
1562,اغنيه في التالته يمين جميله
1564,اي عام يا رجل ؟ تركيا ثاني دولة تعترف باسرائيل وبعد 15 ساعة من اعلانها.
1577,اللغة العربية لا مستقبل لها وسوف تزول عما قريب
1581,الخليج الفارسي يجب ان يكون بعيد عن التجاذبت الخارجية من غير الدول المطلة على الخليج الفارسي
1582,اين انت يارجل؟ لقد افتقدنا تلك التي ربما من حيث هكذا ويا سلام واما روعة منذ ايام الثورة عندما فليس لها كل الذي رأته احيانا فلا مانع من ان حيثما تكون. الحمد لله على سلامتك.
1583,مع الأسف الترجمة ركيكة
1589,يجب ان تحمدوا الله على التغيير فنحن لسنا شعوب ولا دول
1590,"بسم الله الرحمن الرحيم
 وَلَكُمْ فِي الْقِصَاصِ حَيَاةٌ يَاْ أُولِيْ الأَلْبَابِ لَعَلَّكُمْ تَتَّقُونَ 179البقرة
ﻟﺴﺕ ﺃﻓﻀﻞ ﻤﻦ ﺭﺐ ﺍﻟﻌﺎﻟﻤﻴﻥ."
1595,"أود أن أعلمكم أن التعليق المنشور هنا باسم نور لست مسؤول عنه ذلك أنني لم أكتبه باسمي المعتاد نور ,امل أن تتأكدو من البريد الالكتروني المصحوب دائما باسم نور شكرا"
1596,عليك الا تنتحل اسماء آخرين من المعلقين. واسم نور مستعمل من قبلك!!!؟؟
1604,"السيسى باق و لفترة رئاسية ثانية سواء سقطت طائرة أو لم تسقط أما الجماعة الارهابية فقد ذهبت مع الريح و بدون رجعة ,.. و تحيا مصر و السيسى رئيس مصر ."
1606,لا يوجد اسلام سياسى يا رجل وثورتنا تفصل الدين عن السياسة وكالدول المتقدمة
1607,كعادتك تفكر تحت ضغط اللحظة
1610,كلام فارغ
1624,ولهذا أيدنا تنظيم الدولة .
1629,كاتب فلسطيني؟؟؟؟؟؟
1635,الامم المتحدة ستتغير بالثورة  وحنشوف من لهحق الفيتو
1641,لو يفحمنا الكاتب بمقال عن دور الدول العربية الغير معلن وبالأخص السعودية في هذا المخطط و التوكيل إن كان من الصادقين
1645,ردك على تعليقي أيضا لم افهمة هناك الغاز كثيرة وأخطاء إملائية خربت الموضوع كلة
1648,ليت قومي يعلمون.
1656,الحرس الأميري الذي كله من البدون؟؟؟؟؟؟
1662,لوريم ايبسوم
1663,إحترامي كاتبنا وإن في مقالتك إنه
1695,الحرثيين جزء من ايران
1706,اعتقد ان الصحفيه مني لم تكن موفقه في النسب 36/ & 63/ & 1/ وفي عدد السكان  3.2.
1708,ما أختلف عنه مع الكاتبة مني عبد الفتاح عن نسبة المسلمين في إرتريا  وهذه النسبة ليست صحيحة وعليك ان تتأكدي من هذه النسبة وأتمنى ان تصححي  خطئك  وهذا ما نتوقعه من كاتبة  سودانية   متميزة. وشكرا
1709,تحياتى للكاتبة ...من اين حصلتي علي إحصائية التعداد السكانى اللتي تشير الى نسبة المسلمين 36% و 63% مسيحين ؟. ارجو التوضيح .... وشكرا
1710,"اختلف مع الكاتبة ان ارتريا اكثر سكانها من المسلمين ونسبة المسلمين 65 % في المائة. وارتريادولة عربية ومنهادخل الاسلام الى افريقيا, ولاتسمع وتاخد من رئيس مسيحي يكره الاسلام ان ارتريا ليست عربيه."
1711,انت عربي فقط و لست بمسلم
1712,البيانات الإحصائية الواردة في المقال غير صحيحة 6
1713,نسبة المسلمين في ارتريا قرابة70% موقع زي قناة الجزيره المفروض تنشروا معلونات موثوقه نتمنى انكم تعدلوا المعلومه
1718,عبقرية الكاتب مع الإحترام له تتجلى في قدرته على تناول الأمور الهزلية بمنتهى الجدية.
1723,فهذا رجل جاؤوا به من خلفه!!!
1724,لابد من تفويضي لصلح شامل يرفض العدوان ويجبر الضرر بشكل عام ويحافظ على الوحدة اليمنية الاندماجية ورفع المطالب بما فيها المطالب التاريخية من خلال مشروع حضاري عظيم .
1728,هل يوجد سقوط مما ترين  يا  نور
1729,واااااااااااااااوووووووووووووووو عظيم
1730,"انا ارى انه من الافضل ان يكون عنوان المقال "" الانظمة الساقطة "" او ""الحكومات الساقطة"" لان الدول لاتسقط."
1732,فرانكنشتاين ينقلب على صانعه
1734,"قال مرتين لوكارتين: إن أشد الأماكن حرا في جهنم محجوز لأولئك الذين يقفون على الحياد في أوقات الأزمات الكبرى!""."
1749,انا مختلف مع كاتب المحترم و أسعى لاتفهم أسباب نشر هذه التحاليل التضليلية و اعتقد هذه النعرات الطائفية و بث الحقد و الكراهية للاخرين لم و لن تخدم الامتين العربية و الاسلامية
1762,ضض ولا ضد؟
1765,جيد
1770,مع الجزيرة دأئماً قل إذا عرف التنقيط بطل التعليق
1771,اردوغان نفسه مش مصدق الكلام ده
1773,جيد ولو
1774,"مقال جيد
فقط تصحيح بسيط، محمد علي شاهين بقي في قيادة الحزب، بل وبقي الرجل الثاني فيه."
1777,في نظري الحل هو إيجاد حركة شعبية بين الميوعة و التشدد أي حركة بين السلطة و حماس  لأن السلطة لا تخدم القضية و حماس لم تأتي بجديد فمن الواجب البحث عن الجديد و الله أعلم.
1785,حقّا أروع ما قرأت على الجزيرة٠نت مُذْ أن وجدت الجزيرة٠نت فهل دهم  أيضا الجزيرة٠نت التغيير
1786,"في ظل ( ان الدين عند الله الاسلام ) وبنظرة شاملة لكل الموروث الحضاري والثقافي 
لجميع المخلوقات سيصاغ المشروع الحضاري العظيم ."
1792,العرب السنة هم الخلافة العباسية يا حفيد ابن العلقمي هم بغداد الرشيد وسامراء المعتصم هم موصل زنكي وتكريت صلاح الدين
1793,كفى تبريرا!..لقد ظهرتم على حقيقتكم..
1803,الحل هو أن تكون مصر خالية من الأخوان تماما و قد أقترب المصريين من الوصول الى هذا الحل .
1814,"ليبيا دولة ذات مساحة واسعة بعدد سكان قليل هذا سلاح ذو حدين للتصالح لكن من يعرف التجميع لايعرف التفريق 
وتحكيمي هو المخرج لأزمة ليبيا كما هو الحال في اليمن وسوريا والعراق ."
1816,موزه  هههههههههههههههههههه
1822,هل هو ربك ام فقط نبي ربك ، و ان كان هو نبي فمن هو ربك .
1832,تعليق إلى المحرر: لاحظت خطأ واحدا تكرر كثيرا في أسطر المقال، وهو استخدام الألف المقصورة (ى) بدل الياء (ي). للإحاطة مع التحية.
1833,باقيه على صدوركم الله مع الدوله الاسلاميه
1834,داعش هى القاعدة وعنها تم تدمير المنطقة ونعش السلاح وصنعها السى اى اى بحكام السعودية باسم لا اله الا الله طبعا ومؤهلين كلهم بسجون الاحتلال الامريكى للعراق وافغانستان  والغرب هل ستفقون من غفلتكم
1840,كما تكرر  عدة مرات هناك فقرات غامضة في التعليق خصوصا في نهايته نرجو باحترام التوضيح مستقبلا .
1842,ليتك توقفت عن الكتابة ياشيخ فهمي لقد قاربت على استنفاد رصيدك لدينا؟ توقف يرحمك الله فأنت أصبحت عاجزا عن فهم الأحداث حولك بفكرك النعامي المهادن
1845,الاسلام ام المتاسلمين  ومن اين يات الاسلام لدول الظلم والكفر
1847,تنقذ ماذا؟؟وكاسرةتنفق اظعاف ما تربح ولك البقية
1870,الا تترحم على لورانس العرب؟؟
1886,المرجو تصحيح كتابة اسم الله جل جلاله . الله ليس بالتاء.
1905,عيب عليك ،ما شاء الله عليك حررت بلادك
1906,ما تنساش تاخد الباب بإيدك و انت رايح يا عبد الفتاح.
1908,مره واحده اسمها احلام خلفت بنت وسمتها امانى.
1909,الصورة بالمقال،شباب ولاجئين ومعارضة ضد النظام بالتحديد.
1910,عندما ارى تعليقك أصوت لك بنعم أولا و بعد ذلك أقرأ تعليقك .. سيري قدما ايتها المفكرة الراقية و الله يرعاكي
1922,اتفق مع عبد الفتاح الصومالي، لقد كانوا يفعلون نفس الشيئ مع البطل نيلسون مانديلا، وكانوا يسمونه ارهابي. وبقي اسمه في لائحة الارهاب حتى 2008.
1936,حديث صحيح، نعم نعم حديث صحيح
1947,علي راسي ايران ولو مجوس على راسي واللي موعاجبه يبلط البحر وللعلم ورب محمد اني سني من الغب لكن ايران لم تدمر اليمن ولكن دمرتها الشقيقه ولااعذار للقتل والدماء والتدمر
1948,هذا التحريض المذهبي الذي تستخدمه المملكه لخدمة اسرائيل سيعود عليها بالضرر وقد بدأت تكتوي بناره. الحل هو التسامح الديني والتصالح بين الدول الاسلامية ودول الجوار
1953,أستادنا القدير، بعد العملية القادمة سيكون دورك لتصل بالرجال في سجون الإحتلال و نعم المكان.السجن أحب إليك ممَا يدعوك إليه.
1959,دول الخليج اختارت او بالاحرى اختير لها الحليف على ظهر سفينة حربية دات 1945 .
1960,فن قال
1963,وبدت الكراهيه والبغضاء من افواههم لاحظ ياراعاك الله (نزيهه الى حد ما ) اما انتخابات الانقلاب نزيهه جدا جدا ما كيف تحكمون -سبحان الله كانه يقول انا اكره اردوغان وحزب اردوغان ونجاح اردوغان
1977,"بشير عبد الفتاح, أكاديمي وباحث في مركز الأهرام للدراسات السياسية والإستراتيجية"
1992,هم يعرفون حقيقته لهذا تمت الزيارة على أرفع المستويات. هم من نفس الطينة .
1996,ابن نبيل العربي ؟ الله!!
2002,روهنجيا (بالجيم والياء)..وليس روهنغا....و(تكتب وتلفظ )بصوت الجيم العربية في كل اللغات...ليست معربة من اللغة الأنكليزية فلا تستبدل بحرف (غ).
2004,شعارات  الوحدة و الوطنية و امثالها  كلام عاطفي واحلام  بل الاقتصاد و احترام الاخر (مبدا لكم دينكم و لى دين / لا يسخر قوم من قوم )  هو النهضة و ستحل مشاكلنا انشاء الله.  ابن الحكيم
2005,ايه المنافق ثلاثة:( 1) اذا حدث كذب ..  (2) اذا وعد اخلف .. (3) اذا اؤتمن خان
2011,على ما اعتقد هناك بعض الاخطاء الاملائية في المقال - يرجى التدقيق٠
2013,رسول الله صلى الله عليه وسلم بدأ وحيدا
2015,التاريخ ما هو التاريخ هو ما نعيشه كل يوم
2017,دولة الخلافة الإسلامية قادمة بإذنه تعالى.
2027,ونحن بعد الاطلاع والتامل والبحث وجدنا حقيقة ان الشيعه في القطيف مظلومون ومن حقهم تقرير مصريهم والاستقلال عن الرياض فتاريخيا متى كانت القطيف تابعه للرياض فلم يكن هناك لارياض ولاغيره
2031,جزاك الله الفردوس الاعلى
2033,معالی الریس انت مع من احببت
2034,الشوق الى قصر قرطاج من جديد . المرزوقي بصدد اعادة تاهيل داتي استعدادا لاستحقاقات انتخابية قادمة .
2035,داعش ليسوا إرهابيين .. هم يحاربون الإرهاب .
2049,أكيد أصحاب القناة الفضائية أقتنعوا تماما .... لأن هذا شئء واضح .
2052,70%بتلك المنطقة احلف بالله انهم يهوذ
2061,النفوس لدیکم رخیصة
2066,اللاجئون السوريون أولى بالأموال الطائلة التي تصرف على الحج.  الحج أصبح سياحي و ٤ نجوم و اقتصادي.  اللاجئون السوريون أحق بهذه الأموال.
2068,اللاجئين السوريين أولى بأموال الحج.
2069,الآفضل آن تبقى على ماهي عليه آن تكون ضمن دولة كبيرة  آفضل من آن تكون دولة صغيرة  لآن ا في انفصالها خت تقرض الدولة الأسبان
2072,و الرأي الآخر
2076,كل الأمل أن تتمكن من خلال هذه المكانة من خدمة اليمن وكل اليمنيين على حد سواء .
2079,أطفالي يفكرون بمنطق أوضح مما يفكر به بعد السذج هنا
2095,"سيكون احياء المناسبات الدينية بما يناسب عظمتها وحيث الغنى هو السائد والفقر كالظلم 
قد فناه الفناء ."
2099,تقدم داعش في الرمادي  ناجم عن انشغال العرب بحروب داخلية مثل سوريا وليبيا واليمن -
2104,قال عمر بن الخطاب (رضى الله عنه): بطون المسلمين أولى من أن أكسو الكعبة بالحرير
2105,امين !
2107,هل يجوز كسوة الكعبة الشريفة  بثوب محاك بيد الكافر... ؟
2110,هل سيأتي اليوم الذي يتم فيه استبدال الحرير والذهب والفضة بالقماش العادي ؟
2115,عقيدة هيلاري كلينتون كما قرأتها ونشرت في موقع الجزيرة اليوم:
2116,الصحافة الورقية ستشهد في القادم الذي يعلمه الله ستشهد رواجا كبيرا وكذلك الصحافة الالكترونية ولكن سيعود للورق بريقه الأخاذ.
2121,"استعمال ""الشرق الاوسط"" فقط لتمييع الخبر . من هي الدولة التي في الشرق الاوسط التي تستقدم خادمات المنزل غير دول الخليج ."
2122,كيف يمكن للشركات الاهتمام بالخدمات الاساسية لعائلات موظفيها كالتأمين الصحي الجيد ، مع الحفاظ على ربحيتها و استمرارية نموها ، بارك الله فيكم ووفقكم لكل خير
2128,يا رب ينخفض اكثر فربنا لم يعطى النفط لدولنا لخيرهم بل ليعذبهم به
2134,الله ينصر دولتنا الاسلامية. باقية و تتمدد مادامت الشمس تشرق من الجهة الشرقية.
2139,بعد افساد الشباب يخططون لافساد الاسر
2146,فواشنطن تريد
2151,"لو كنت تعيش مثل السعوديين لكانت هذه الامور اخر ما تفكر فيه في حياتك ,, السعوديين يعيشون في عالم موازي آخر"
2155,الجزيرة. نت.
2161,واضح ان كاتب الخير حزين جدا لاكتشاف اكبر حقل فى البحر المتوسط فى المياه الاقليمية المصرية
2163,وأتاااهم الله من حيث لم يحتسبو.
2164,فأفرح قطر
2169,فابدؤوا بترشيد انفاق العائلة الحاكمة اولا
2171,"المسلم لا يتأول مع وجود النص ، و الربا محرم بنص القرآن

""ذلك بأنهم قالوا إنما البيع مثل الربا
و أحل الله البيع و حرم الربا"""
2173,نصيحة لكل إخواني في ما يسمى لبنان،،،،لا تشتروا عقارا قي لبنان حتى لو اضطررتم للمبيت في خيام. فقط اتقوا الله واصبروا عما قريب بإذن الله حفيد الكرام قد يوزّع عليكم المنازل بالمجان. والأيام بيننا.
2174,انها دماء المسلمين وفواتير الحرب افقرتهم او تكاد بأذن الله.
2177,"لا أظن ان هناك وقت والله اعلم , 2022 قد تكون سنة ملاحم و بأس شديد و امور عظيمة , ارجو ان لا نكون من الذين يقال لهم يوم القيامة ( أذهبتم طيباتكم في الحياة الدنيا)"
2179,قوية بأموال المعتمرين  والحجاج!
2188,لاحول ولا قوة الا بالله  ولهم علاقة اقتصادية كمان وهم جايين يقتلونهم
2198,ويصوت البرلمان .. دستور الدولة الإسلام ؟!
2200,اسعارالبنزين هىاسعار الشركات الخمسة العالمية لتكرير النفط و لا يتحكم بها ولا منتجين البترول كالدول الخليجية الا من باب الدعم ومن اموال الشعب للخزينة العامة
2201,يسرني في المركز الموريتاني لقياس الراي العام ان ندعوكم الي اضافتنا كشريك للدراسة والتعاون في مجالقياس ال اي العام  وهذا رابط بموقع المركز
2202,هل تطوير وسائل الزراعة لانتاج كميات اكبر من الغذاء هو الطريق الامثل لاطعام الفقراء و الجوعى حول العالم ، ام ان هناك طرق أفضل و أكثر فعالية ، بارك الله فيكم ووفقكم لكل خير
2210,لقد خسرت الحكومة الاردنيه بوقوفها مع العبادي وقبله المالكي ضد اهل الانبار لان الانبار عمق الاردن وخسرته للابد ولن يكون هناك خط انابيب نفط الا من الانبار ولن يكون ذالك ابدا
2214,عشر ملاين دينار عراقي ( تسعة آلاف دولار ) وليس تسعون الف دولار
2217,و السعودية تلقت اتفاق نووي من أمريكا، الذي سينعش اقتصاد إيران.
2232,اى عاصفة ؟؟عاصفة عليكم
2256,"بعض الدول المنتجة للنفط بدأت باتخاذ اجراءات رفع الدعم و تقليص الخدمات المقدمة لمواطنيها بسسب انخفاض الايرادات , و بنفس الوقت تسعى جاهدة لمزيد من الانخفاض في اسعار النفط !!"
2258,"ان الله عنده علم الساعة,وينزل الغيث,ويعلم ما في الارحام,وما تدري نفس ماذا تكسب غدا ,وما تدري نفس بأي ارض تموت,ان الله عليم خبيييير.( 2040 )"
2268,ممكن استاذ سلام العبد الله ان نعرف منك ماهي صفحات النت الذي انت ذكرتها . حتي نعرف مثلك . اهم شي تكون مواقع معروفه عالميا . شكرا .
2273,مابعرف هل ستعود بعد ان تحولت إلى صواريخ ومقذوفات وطلقات نارية زلزلت اﻻرض الشامية والعراقية واليمنية
2276,الدفاع عن الكعبة لا آل سعود
2282,نحن مصنع كوالا للمشروبات اقاطع الدولار حتى ينزل
2284,نتبرع لها من اموالنا والحمدلله نصره للمجاهدين.
2287,"رب ضارة نافعة. بيع النفط بهذه الاسعار البخسة يعتبر هدرا"" للثروة النفطية و خصوصا"" ان اعتماد ايران على ايرادات النفط لا يتجاوز ٣٠%."
2299,وجهتهم وليس وجهتم ...مالكم يا ناس الجزيرة
2308,فلم تبطئ شئ بل اعطته قوة
2315,"أعوذ بالله من الشيطان الرجيم""فلما نسوا ما ذكروا به فتحنا عليهم أبواب كل شيء حتى إذا فرحوا بما أوتوا أخذناهم بغتة فإذا هم مبلسون *  فقطع دابر القوم الذين ظلموا والحمد لله رب العالمين """
2319,أعزًكم الله ممكن يقصد حل هشكلة غازات البطن
2321,"هبط سهم فولكس فاغن 19,8 % وبورصة فرانكفورت بنسبة 3.3%.
ياجزيرة أنت صحيفة محترفة وعليك نشر المعلومة بمهنية"
2324,لن يوقف الهستيريا المغربية الا عودة الاستعمارالمروكي من حيث اتى وعودة اهل الارض واسيادها الى وطنهم الغالي الذي حرموا منه طيلة اربعين سنة.
2326,لن يفلح الله من سفك الدماء وحرق الجثث والمساجد وظلم العلماء وخان رئيسه (( إن الله لا يضلح عمل المفسدين )) صدق الله العظيم
2327,لن يفلح الله من سفك الدماء وحرق الجثث والمساجد وظلم العلماء وخان رئيسه (( إن الله لا يصلح عمل المفسدين )) صدق الله العظيم
2328,(( إن الله لا يصلح عمل المفسدين )) صدق الله العظيم والله والله والله لن يفلح فما جربنا على الله كذبا قط
2331,لتثبيث اسعار الخام وكأن السوق بها تثبيث وليس للعرض وللطلب وانتظروا االمكسيك ستدخل على الخط والمنتجين الامريكييين يسعون للتصدير وبعدما كان ممنوع عنهم اما الغرب لحافلاتهم تسير بالطاقة النظيفة اليوم
2336,لان الفلوس مثل الرز.
2343,السياحة أثرت على اللغة العربية في الإمارات الإنجليزية ليست العربية
2344,قد يكون المال نقمة وليس نعمة وتكسب بها الدنياه وتنسى الاخرة وكلنا سنحاكم امام الله ولن يظلم عنده احد
2346,انتهى الرز وحضر الشعير.
2362,5%بشعب ب350مليون نسمة وبحقوق كل الشعب وتامينه الصحى ودفع اجورهم للبطالة واجور المعاش  وليس اقل من 42 الف دولار للفرد بالسنة
2370,اليرة السورية زهرة المصاري يعبث من ﻻ يسعى ﻻقتنائها
2371,البركة محصورة بالريال اليمني والليرة السورية وما عداهما سحت
2374,حاضر ياسيدة كريستين... هؤلاء الذين معك في الصورة لن يجرؤوا أن يخالفوا لك أمرا.
2380,ما يساوي 10 اضعاف الانكماش البشري لحد الآن...بالخزينة ولا بالزينة.
2384,اكتب على اليوتيوب ثوره فى عالم الرياضه اوحول مخاطر الاسلحه الناريه الخفيفه
2386,هذا عندكم في السعودية و ليس في الامارات.
2391,تفتكر كدة. :)
2394,آمين يا رب حسبنا الله ونعم الوكيل في السفلة
2407,انا اعترض ...
2410,اخواني في قتاه الجزيره هذه المره لم تنقلو الحقيقه المجاهدين يسطرون الان علي 80 في المائه من المصفاه امتم اخوان لنا في اللاسلام والرجاء التقصي في نقل الاخبار
2411,ترجمة غير موفقة .................
2414,"الرجاء تدقیق نص  الخبر او المقال , منذ متی اصبحت هیلاری کلینتون مرشحه من حزب الجمهوری ؟ کما جاء فی النص الخبر :""....والمستشار الحالي للمرشحة الجمهورية بالانتخابات القادمة هيلاري كلينتون...."" !"
2417,وأضاف معآآآلي الوآآآآزير ( آآ = شخصية عالية جداً)  أن هذا الإنجاز التقني المعجزة سيكون هدية مصر للعالم و البشرية للعلو بالحضارة الإنسانية عُلُوآآآآ...
2418,كيف وقعت بكين و الصين؟
2427,المراحيض الان بالاماكن العامة اكثر تطورا و بيئية و نظيفة - ما ان تبتعد عنها حساس المسافة يعمل و الماء يتدفق بصورة ليس فيها هدر ارجو من الحكومة تطبيقها
2433,ان شاء الله تعالى ايران واتباعها في كل مكان اللهم لااله الا انت سبحانك اني كنت من الظالمين
2434,الصوره جميله لكن لو تضيفوا نجوم ما بين الخطوط البيض والزرق بيصيروا احلى
2436,السعر العادل للنفط$ 12 $دوﻻر والله على ما اقول شهيد
2445,تعالوا نضحك سوى هههههههههههههههههههه اقسم بالله شي يفطس ضحكهههههههههههههههههههههههههه وﻻ راح نشبع ضحك اذا مافطسناهههههههنهنننننن
2459,صادراته من السيارات ؟اى سيارات ؟لاتكن رونو مغربية ولا بيجو
2461,تجميع وليس تصنيع، وإعادة تصدير وليس تصدير، اقتضى التنويه (-:(-:(-:
2465,إیران الفارسیة هي السبب
2469,"لدلك تولت بعض القنوات مهمة الهجوم على الاكتشاف و التشكيك في الجدوى الاقتصادية له و اختارت ""مدونين"" للخوض في امور المال و الاعمال ."
2476,برنامج شراء الذمم اصبح يشمل السودان بعد مصر و الاردن و المغرب. مبروك للاخوة السودانيين!.
2478,بُكرة حتشوفو...!!!!!
2479,بالطبع وليس الا التصنيع والتصدير عمودالفقرى لاقتصاد الصين بل اقتصادها يتراجع
2497,قل موتو بغيظكم
2498,"...وأعلنت القطرية عن تسيير أولى رحلاتها المباشرة من الدوحة إلى لوس أنجلوس وبوسطن وأطلنطا،...""""وهناك رحلة اخرى من مطار امستردام الى قطر (مطر الدوحة)، ابتدائا من 16 ينيو 2015 انشاء الله."
2499,فاصنعيها يا بلاد الفوتوشوب
2500,اني اخشي ان يستخدمو في عمليات انتحارية ضد منشآت النفط الخليجة.
2501,شبعنا من تأليف و سيناريوهات الجزيرة و آخبارها المرسلة بغير سند!
2508,"وقالوا سيغزون تونس سياحيا بعد رمضان. شد الحزام فالسنوات العجاف قادمة 
مع حبوب و مسكنات (تقشافين)."
2515,النظام الاقتصادي الذي كان محمد و أصحابه يطبقونه في المدينة أليس كذلك
2516,الى الأخ المدقق....متى ينتهي دوامك اليوم؟ لا ن لدي تعليق مهم حجبته مرتين...البركة بتعليق العموري الذي يتحسن.
2517,الاخ المدقق...شكراً
2520,يارب ينزل اكثر يا رب يا عالمين
2522,هذا التقرير يجعل من الجزيرة ناطقة باسم الحزب البارتي المغتصب لأرض زمار. لا رأي ولا رأي آخر
2523,متأكد أن أي شخص من أهالي زمار إذا شاهد هذا التقرير سوف يحزن على الجزيرة أكثر من حزنه على زمار
2534,أدام الله عز قطر، وحفظها وحفظ أميرها. يا أخي الواحد يحس حاله في عز حتى لو كان مقيم. بارك الله  في هذا البلد الطيب
2545,420 جنيها للإردب و ليس 42 جنيه. برجاء ثصحيح الخطأ . أنا مصري أمارس الزراعة.
2547,سواء للمواطنين او الوافدين )  سبحان الله !!!! لن تجد هذا التعبير في غير دول الخليج  المحروسة عدا قطر وسلطنة عمان
2550,(لا تركضوا وارجعوا إلى ما أترفتم فيه لعلكم تُسألون)
2556,واحسرتاه على رياﻻت جمعتها فراح شقه عمري وكأنك يابو زيت ماغزيت
2557,النملة يوم ارتفع النفط ركبت جناحين وعند ماطارت اكلها العصفور هاد من اﻻمثال الاغريقية
2560,فالبنك الدولى يحث دول الخليج ان تبحث عن نوع جديد للدخل؟بماذا حتى انهم لا يقوون عن العمل
2561,السعودية في مأزق مالي و سياسي كبير و تورط عسكري في اليمن في وقت واحد. لا دخل للشعب السعودي في تحمل اعباء و نتائج قرارات خاطئة لم يشارك في اتخاذها.
2562,مع الخيل يا شقرا!
2569,أنصحكم بالتوجه إلى المغرب
2581,التعليق تحت الصورة أنه مقود سيارة نيسان ، ولكن العلامة توضح أنه مقود سيارة تويوتا ، لذا وجب التنويه .
2582,على الاقل تتكلم مع امريكا التى تنتج 10مليون برميل للنفط باليوم اما بنفزويلا للبنزين ومنقرض عندهم
2583,الشعب الجزائري يعترف بسيادة دولة المملكة المغربية، والصحراء جزء من المغرب وهذا يعلمه الكبير والصغير عندنا في الجزائر وتحية للشعب المغربي الشقيق.
2594,"احلى خبر اسمعتوا 
ان شاء الله كل سوريا بتنظم لتركيا وللعثمانيون الجدد"
2595,وفعلا لما سقطت الامبراطورية العثمانية اخر امبراطورية للمسلمين دخل اليهوذ ونصبوا اليهوذ حكما على المسلمين ليومنا هذا فلهذا ترى هذه الجرائم بالمسلمين من حكام اليهوذ منصبين حكما على المسلمين
2618,هذا الحقل من أكتشاف مرسى مش السيسى  هههههههههههههه مرسى أكتشفة من داخل سجن العقرب .
2623,انا كتبت او مرة يتم نشر شيئ ايجابي عن مصر وليس او شيئ ايجابي في مصر لماذا تم تحريف تعليقي ؟ وهذه ليست المرة الاولى ... ارجوا النشر للمهنية الصحفية
2625,لا م واخد بالك بيجيبوا غيرهم يشتغل
2630,"فالمديرون للصندوق ""السيادى"" لشعوب من غير سيادة بالسعودية يمنع السعودية من سحب اموالها لتسد عجز ميزانيتها بازمتها بتراجع ثمن البترول"
2633,يتراجع الدينار و لا يتراجع صاحب الدينار وهذا فضل من الله علينا ولله الحمد و المنة.
2635,اقطعوا الوقود ومحو مصافي النفط تتوقف الحرب والقتل في العراق
2648,كل هذا مقابل 300 جندي ؟! اما ان السودانيين في غاية الدهاء او ان السعوديين في غاية ...
2649,اسعار النفط تتدهور الى الحضيض.وهذا قرار سليم.
2655,عن ميزانية البلد لواخذها-ثلثي ميزانية البلد!-..وان يُفتي او يُفتي له! بان الصدقات لاولي القربي!والشعب الفقير المحتاج اولي بها!!!..او علي الاقل للعامين القادمين...!وتقليص عددهم!!واختصار عدتهم؟؟؟
2658,مشاریع مع الغرب کلها فاشله تعلمو من ایران اصنعو شیاً
2662,اين تعليقي لم ينشر
2663,نيال جلالته
2664,حماس لا تعلم أن الاسلام حَرَّمَ جباية الضرائب ، لأن الاسلام أوجب الزكاة وليس الضرائب. للأسف كم يوجد من الجماعات التي تَدَّعي أنها اسلامية ، ولكنهم لا يعلمون من الاسلام إلا ما تريده أهواءهم ......
2666,إستخدام تقنية النفط الصخري جريمة لأنها تنتج كم هائل من القاذورات بينما تستنفذ كمية كبيرة من الماء.
2673,المقال يذكر بأحداث جميلة، ولكنه يعطي انطباعا بأن الكاتب معلم تاريخ وليس صحغي. مع الاعتذار وشكرا لجهودكم
2674,الطول 3.2 متر وليس 3.2 ملليمتر ... ارجو التصحيح وشكرا .
2676,الطول 3.2 ميلليمترات ?!?!
2678,صدقت يانجم ولكن لا حياة لمن تنادي ألا يعلم الذين خفضوا أيديهم لتعليقك بهذه الحقيقة البديهية ؟
2679,باقــــــية وتتـــــــــــــــمـــــــــــــــــــــــــــــــــــــــــــــــــــــدد انشــــــــــــــــــــاء الله
2680,باقي فهمناها  لكن يتمدد ايش معناها ؟ هل القصد بان هناك علاقة بين اسرائيل و امريكا و داعش ؟ والله يلي لسى لليوم ما أمن ان داعش صنيعة استخباراتية غربية بدعم دول إقليمية بالله حرام فيه دماغه .
2687,عقبال باقي المراسلين وطاقم الجزيرة في الدوحة.
2690,"الله يكثر من امثالهم, يا هيك رجال ولا بلاش, لن يهزم شعب فيه هيك رجال"
2694,تركتوا المهم وعاوزين تعملوا (( هبة وإنتفاضه علي ))
2697,انالشعوب.العرلي
2699,بالمجلس العزائي!!
2701,ومن يهن الله فما له من مكرم
2705,اللهم امين ثبتنا علي دين الحق ولا تعاقبنا بما فعل السفاء منا- هذه بدع ولو ردت الحياة الي عليّ وابناءة لرفضو هذه الافعال خوفا من النار
2706,نعم هذا ليس حب لهم ولكن تعذيب - أين قراءة القران والدعاء لهم لتنزل الرحمة عليهم
2713,لألألألأ
2714,وضع أطفال ونساء عدن صعب
2731,الى عيسى : دول الخليج من أطاحت بمرسي وألصقت السيسي
2735,ولا تقاتلوهم عند المسجد الحرام حتى يقاتلوكم فيه فإن قاتلوكم فاقتلوهم و لا يجب السكوت عن التحقيق
2742,بماذا
2743,الواحد يتحير ماذا يأكل ، غدا سوف يخرجون علينا بأن الطماطم الخضراء تقي من سرطان البروستاتا !! و هل أحد داري أو سائل ما هي البروستاتا يا الله كله ماشي .
2747,الموقع   لايعطي  اي معلومات   مجرد  دعاية   للاسف
2748,"طيب ليش يمشو؟ المشي قاتل السعرات الحرارية !!
://../%9%85%8%7-%9%87%9%88-%8%7%9%84%8%1%8%%9%8%9%85-%8%7%9%84%8%5%8%%9%8/"
2752,إنها بحاجة لمن يدعو لها بالشفاء. :)
2757,لو كان الامر معكوسا لطلب اوباما من قنصلية السودان اعتذارا وتوضيحا وتعويضات عن الاضرار النفسية التي تعرض لها الصبي الامريكي في السودان...اعرف قدرك يا عرابي.
2765,جمهورية الموز 2.0. يا ترى كيف 3.0؟
2777,"أنا لما نشرت تعليقا عن الراعي منذ ثلاثة أيام, لم تنشره الجزيرة"
2783,إن الذين جاءوا بالإفك عصبة منكم لا تحسبوه شرا لكم بل هو خير لكم لكل امرئ منهم ما اكتسب من الإثم والذي تولى كبره منهم له عذاب عظيم.
2786,أعوز ب ألله من الشيطان ألرجيم !
2788,و أين الرأي الاخر في هذا المقال المؤيدين لضرب فرنسا في عقر دارها التي تحارب المسلمين في مالي و سوريا و العراق  و تدعم الديكتاتورية في مصر و الجزائر
2792,الفرنسي المسيحي اقرب الينا من الشيعي الفارسي اقرأوا ان شئتتم قصة سورة الروم عندما نزلت على الرسول وكيف استبشر الصحابة بانتصار الروم على الفرس ( في بضع سنين )
2793,مليون تزغريتة
2794,انت شكلك مبدع ما شاء الله عليك واكيد مش عربي لانك بتخاطب مخاطب
2798,احلام الاخوان..نقطة و من اول السطر
2809,فقط للتصحيح ، الشخص الذي اخذ الخمسين استبدلها بورقه من فئه العشره وليس من الخمسه.
2810,"اتفق مع الاخ عادل, كان انتظام المصريين بمختلف اطيافهم  جدا رائع رغم عدم وجود اي رقيب سولى الله سبحانه وتعالى"
2813,النساء لا تسرق الدولارات بل تسرق القلوب.
2817,وهل آل الخليفة مرغوب فيهم في البحرين؟
2819,خبار بنغازي يوم
2820,دبليودبليودبليو.مسلم فايس.كوم
2824,¡ وا مرساه !
2833,لم نسمع راي الجزيرة بخصوص المقطع
2835,أكيد العرب يغردون بما أن قادتهم هم الشيخ تميم بن حمد آل ثاني والملك سلمان بن عبدالعزيز آل سعود
2843,مرحبااا
2845,الباربيكيو (التكة والكباب) العربي صار لنا 5 سنين نصنع به..ولم يكمل بعد.
2846,باقي الرقص .
2867,أنا أحب المصريين وكذلك أكثر أهل الخليج يحبون الشعب المصري فعيب عليك تتكلم بهذه الطريقة .
2868,""" لا تزال طائفة من أمتي ظاهرين على الحق لا يضرهم من خذلهم حتى يأتي أمر الله و هم كذلك "" .
أخرجه مسلم و البخاري بنحوه و غيرهما ، 
و هو مخرج في "" الصحيحة "" فانظر "" صحيح الجامع "" ( 7164 ـ 7173 ) ."
2879,تحالف السيسي كان مع الملك عبدالله وليس مع سلمان الذي ينتمي للبيت السديري. مع وفاة عبدالله انتهى الحلف مع السعودية خاصة ان السديريين اقرب تاريخيا للاسلام السياسي
2894,"لا يوجد جدل ولا توجد فتوى. 
اقترح تعديل العنوان."
2903,لم تنشروا التعليق يا جزيرة
2904,"يقول عمر """"لماذا الاستغراب؟ شيخه الألباني أفتى من قبل بوجوب خروج الفلسطينيين من فلسطين وتركها لليهود"""" كذب، لم ولن يقول الشيخ ذالك، وسؤالي لك، متى قال ذالك؟ واين قالها؟. اطلب منك الجواب."
2920,لا ادري لماذا غاب خبر موت المخترع المسلم المغربي العالمي عبد الله بن شقرون الذي حير الغربين ب37 اختراع عسكري ومدني في اقل من 12 سنةمات او قتل عن عمر 31 سنة رحمك الله
2924,“ فَانتَقَمْنَــا مِنَ الَّذِيــنَ أَجْرَمُوا وَكَـــانَ حَقّــاً عَلَيْنَـا نَصْــرُ الْمُــؤْمِنِينَ”
2932,وجوه يومئذ شاحبة
2934,الاسلام ليس خرافة
2936,في اي تليفزيون بتتفرج  يا أستاذ  احمد ابراهيم  . عجبي
2941,كلام غير منطقي اذا رجعت للتاريخ حتى الصحابه وال البيت والنبي صل الله عليه وسلم كان يستعمل السيف من صنع الهند الكافر حجتك واهيه عليك مراجعه نفسك وقيمك الاسلاميه.
2943,وان جندنا لهم الغالبون
2946,"في مكة المكرمة كل شهر تقريبا يموت واحد سقوطا من مبنى قيد البناء وكل هذه الحالات في منطقة العزيزية. يعني صارت مكشوفة.
والسؤال لماذا مبنى قيد البناء تحديد؟
إجراءات البحث الجنائي تحتاج إلى مراجعة. جذرية."
2947,الناس تدك بالقنابل المحرمة وتموت  بالمئات ولا تجد حتى من يناصرهم ومن يأويهم وتفاجأوننا بهذه الأخبار التي لا معنى لها
2950,واكيد الشقيقة التي زلت قدمها امسكت بيد اختها ثم قالت لها اتركيني ما بدي تموتي معي ولكن اختها قالت لها انها تحبها ولن تتركها حتى اخر لحضة فكانت النتيجة ان تعبت كلا الاختين وسقطتا معا والله اعلم.
2957,فقط للعلم أسمه نوي الطويرجي و ليس المالكي
2962,"من المعيب أن تكون هكذا وقفات ومواقف في تونس  ""البورقيبية"" ""اللائكية"" ولا يكون ذلك في بلاد ""الأخت الكبرى"" وبلاد ""خادم الحرمين"" ."
2986,انت اشتريتم بآيات الله ثما قليلا فذاك جزاؤكم في الدنيا خزي وفي الاخرة عذاب اليم انشالله
2988,هل هذه دعاية للبرنامج ؟ وبكم
2991,أزمة السكن ليست أزمة فكر فقط ، بل هي كذلك أزمة ضمير وأزمة أمانة وأزمة في الحس الوطني ، لكن من يعاني حقيقة من هذه الأزمات هم بعض المسؤولين في السعودية وليس المواطن
2994,و أنا أسأل الله أن يغفر ما تقدم من ذنوبي و ما تأخر و ما ظهر منها وما بطن ثم أسأل الله أن ينصر الدولة الاسلامية على من عادها
2999,نأسف لمقتل القتلة لعشرات المدنيين يوميا في اليمن والمحاصرين لشعب حتى لا يصله الغذاء والدواء
3014,هناك مشكلة كبيرة في التغريدات المنشورة في المقال فالتوقيت المنشور غير منطقي
3022,مقطع فيديو طويل لكن شاهدته من الثانية الأولى حتى الأخيرة .التهاني لأحمد البحيري
3024,يقصد السيس
3026,أرجو من الموقع المحترم وضع تاريخ و ساعة نشر كل مادة إعلامية إخبارية أو تحليلية في أعلى المادة فذلك أفضل إن شاء الله للمتابعين و المهتمين و شكرا للتجاوب
3027,أرجو وضع تاريخ و وقت نشر كل مادة إعلامية إخبارية أو تحليلية في أعلى المادة فذلك أفضل للمتابعين و المهتمين إن شاء الله و شكرا
3029,اطالب دولة قطر بفتح شبكة تواصل اجتماعية عالمية ومنع الصهاينة من الاشتراك فيها وجب علينا جميعا ابناء الوطن العربي بمطالبة امير قطر النشمي بذالك فبدون تمييز هو الوحيد الحر بين حكام وملوك الوطن العربي
3030,يمكنك تجربة شبكة أصحابي دوت كوم.. تبدو واعدة.
3034,ولاكلمة واحدة عن  اليمن والفاهم يفهم.
3035,أين تعليقي  يا  مسؤول ؟؟؟لم يكن فيه لا سبا و لا شتما فلماذا  ترموه و لا تعرضوه؟؟ أم لعله لم يتماشى مع هواكم؟
3044,اولا قتل الفین من الحجاج لا 717. ثانیا مسئولیتها علی السعودیة لانها مسئول الامن الحجاج . ایران ساعدت العراق و السوریا ضد الارهابیین و السعودیة دعمت من الارهابیین . ایران شرف المسلمین
3047,ما صحة الاخبار التي تتحدث عن اغلاق الطرق بسبب مرور موكب امير سعودي لرمي الجمرات . هل هدا صحيح ام انها اشاعة
3053,"هى هو ما قاله المتحدث الرسمي بإسم الدولة الإسلامية أبو محمد العدناني حفظه الله مند يومين و لندع المسلمين يقرروا   بأنفسهم ما قيل و ما لم يقال.   مؤسسة الفرقان "" قل للدين كفروا ستغلبون """
3056,شكرا
3058,قاتل ناس أبرياء صار شهيد؟
3063,علي
3065,انا وليد السودان  مرحبا
3066,اخ العجمي من باكستان متاثر باخبار الكترونية
3082,إلى عاصفة الحزم: الحدود العُمانية اليمنية
3085,هناك العديد من الالوية و لا في لواء واحد يساند اشبال عدن او بالاصح اسود عدن
3089,لم اقل شيئا خطرا عن موضوع دولة قطر وجارتها التي وصفتها قبلا بالعمارة، وعن موقفهما من السيسي وإنهاء عمل قناة الجزيرة مصر، فلماذا لم تنشروه.
3094,ما دامت إيران تساعد الحوثيين  يجب على السعودية أن توساعد الدولة الاسلامية
3096,الجزيرة قناةالعرب
3106,اريد مشهادة اخبار الجزيرة العربية الحقيقة
3108,المرجو، تعليل رفض نشر بعض التعليقات . أو دعونا من التعليقات الصادحة بالحق فقط.
3109,الدوله الاسلاميه او الخلافه الاسلاميه هي بدايه للخلافه الحقيقيه وسيتاتى ذلك بعد تعديل الاخطاء التي تكون قد ارتكبتها فلا تعجلوا غليها فالتجربه لم يمر عليها اكثر من سنه
3110,"الثورات بلا الجزيره ليس لها رائحه ولا نكهه ولاطعم ولا لون , نرجو الجزيره ان تنقذ الربيع العربي في مصر"
3111,اين كان العرب والسعودية الا ان بلغت ايران ما بلغته لاكن احى المملكة فاان تاتى متاخرا على ان لاتاتى ابدا فلا مزيد من الارانيين لكن بتحاد العرب تدحرا يران ومعها مشروعها التقسيمى
3112,كلام سليم ...  كله ناطر راية حق بالاحرى رجل ما يبدل مبادئه بس يشوف  الكرسي. ((( جلم جميل لو يتحقق )))
3114,ليس عجبا ولا صدفه يخرج الدجال من اصفهان   فإن الفرس غلبوا اليهود في المراوغه وتلبيس الحق بالبطل والباطل بالحق فهم يبغونها عِوَجًا
3115,اين انتم ياعرب والشعب السوري يقتل بدم بارد من قبل الاسد وعصابتة وايران واتباعها من الشيعة
3117,الفرس بعد الانهزامفي النيدان،دائماً يقومون بالمكر والحيلة،فالحذر والحذر.
3119,الوطن لشعوب وليس لطغاط
3122,الحمد لله على توقف عاصفة الهزل
3124,تذكرنا تهمة استعراض القوة بتهمة هتف للحرية هتف الله أكبر أو شارك بمظاهرةأو حمل علم الثورة أو مناصر للثوار أو أو !!!!!!!!!!!!!!
3126,ولّى عهد الطلقاء لاندري هل كان الرئيس مرسي يعلم بذلك أم لا ..
3130,لمدلم تنشر  الجزيرت تعلقي
3133,موقف باكستان من التحالف كان مفاجاء ولم يكن بالمستوى المتوقع
3137,"عااااجل
منتدى الثورة السورية
انفجارات عنيفة هزت منطقة المزة في العاصمة # دمشق
25 / 4 / 2015"
3140,كل شئ يصنع في الصين إلا الرجوله فإنها تصنغ في فلسطين وأكناف فلسطين
3141,ليس بالدعاء تنال الحقوق ولكن تاخد الحقوق غلابا
3142,شكرلل جزيرت التي تدعم اشعوب العربي
3144,"النقاط التي تم نسفها في محيط ساحة الحطب في حلب بالأمس
١-نقطة للأمن الجنائي
٢-=للأمن العسكري
٣-حاجز الفندق

٥-حاجزالحرس الجمهوري"
3145,اعلام الجزيرة
3147,نشكر قناة الجزيرة على الاهتمام والقيام بعملها على اكمن وجه
3149,لازم توضحاي حاكم تعني لم افهم شيئا ؟
3157,"صدق الله تعالى في كتابه ثم صدقت ملكة سبا بردها علر الملا (ان الملوك اذا دخلو قرية افسدوها وجعلو اعزة اهلها اذلة وكذلك يفعلون)  ""اي الملوك"" ولكم في كتاب الله عبرة لاولى الالباب"
3158,"إن ينصركم الله فلا غالب لكم 
إن تنصروا الله ينصركم 
وسعينوا بالصبر والصلاه"
3160,ياليل الصب متى غده-اقيام الساعة موعده
3162,"عيشة حر يوماً خيرٌ من دهرٍ عبدا .
.
عبدالجبار"
3168,الحمد لله معز المؤمنين ومزل الكافرين والمشركين الحمد لله على الذي من علينابالنتصارات وانصر قادم قريبآ جدا جدا باذن الله
3170,شكرا الجزيرة شكرا كل عمال الجزيرة شكرا امراء قطر نحبكم في الله جميعا دمتوم  من الجزائر الحبيبة
3173,قمة الخليج: مؤتمر للمعارضة السورية في الرياض لرسم ملامح مرحلة ما بعد الأسد
3174,لما لم تنشرو تعليقي
3177,امريكا منحت جاءزة القلم لشارل ايبدو...نكاية في وجه الدين يدعون انهم اتباع محمد صلى الله عليه وسلم...ياترى هل نرى موقف حزم...اين نحن من *اشداء على الكفار رحماء بينهم*
3181,للهععالا
3182,الجنوب  العربي
3188,هل تمارس الجزيرة الرقابة في هذا الموقع المخصص لتعليقاتنا ؟، وبالنيابة عن من ؟،
3189,الأخبار
3191,يبدو أن الرقابة قد أخطأت بين الاسماء والكلمات فهذه العبارة ل   ادم سلام
3197,جيد جدي
3200,"تويتر لبنان
المعارك في جرود الجبة على أشدها القلمون... اللهم انصر عبادك الموحدين على اعداء صحابة رسول الله."
3202,لقد رددت عليك ياحيدر
3205,مقتل قائد إستخبارات فيلق القدس الجنرال محمد رضا حسيني في سامراء.مراسلكم أبو فاطمة النجفي
3207,+إيران ساعدت لوجستياً أمريكا في حربها ضد طالبان
3211,مشاهدة البث الحي لرئيس الحكومة عبد الإله ابن كيران في لفاء على الجزيرة
3228,لعن الله سلميتنا أقوى من الرصاص
3237,بدات ولن تنتهي الا بظهور المهدي فاللهم عجل به
3243,شكرا جز يلا لقناة الجزيرة التي واكبت الأخبتر أولا با أول
3245,"تكهنات شمالا ويمينا حول قمة كامب ديفيد ....
لماذا لايكون هناك عاصفة حزم للأدراج السياسية المغلقة ..
عاصفة مكاشفة حقيقية بين الحكام والشعوب ...."
3258,اين تعليقي السابق غير معقول يحذف اول تعليق لي ماالسبب؟
3265,هذا المقال يتكلم عن أجمل المقولات و أروع الكلمات المقولة في الحياة
3267,"المتنبي:
 أكلما خان عبد السوء سيده... واغتاله فله في مصر تمهيدُ... نامت نواطير مصرٍ عن ثعالبها... وقد بَشِمْنَ وما تفنى العناقيدُ"
3268,الخلل في المبادئ أقصد التربية أولا ثم ثانيا ثم ثالثا ولا ننسىقوللالصانع العليم الخبير:إن الله لا يغير مابقوم حتى يغيروا ما بأنفسهم.
3269,لماذا تحيا الجزيره؟؟ هل يمكنك التوضيح يااخي العزيز؟
3277,صج لسانك
3292,حديث ضعيف المسند والراوي تأكد منه لو سمحت
3296,حديث مكذوب ولايوجود لا في صحيح ولا في بخاري
3307,بوغدانوف في قبلة عاصمة الحزم ؟؟؟؟؟
3317,كل الشكر والتقدير لقناة الجزيرة والقائمين عليها ... شكر خاص لكم وارجوا عدم النشر مع الاحترام
3321,بصم الله الرحمان الرحيم ان المنافقين في الدرج الاسفل في النار ص الله ع اتقو الله يا مسلمون اتدرون ما معن قتل مسلم فما بالكم في قتل المسلمين
3332,وهناك نقطة مهمة جدا يافهد لن اقولها لك الا عندما ترفرف راية الدولة الاسلاميية في بلدك ... باااااااااقية وتتمدد باذن الله
3338,الرجاء حد يعطيني رقم تليفون اتواصل به واتساب لقناة الجزيرة
3345,الخيانة طبع عند بعض البشر .
3348,التايم لاين فى الفيس بوك
3349,شكرا.
3353,الى كل اعلامي شريف لا تفسدوا علينا رمضان بتفاهات والتقريرات (...).
3362,ماالفرق بين الحاكم المستبد والإمام الفقيه ؟ المرجو من الإحوة المعلقين إفادتنا بأجوبتهم القيمة وشكرا.
3363,ماالفرق بين الحاكم المستبد عند السنة والولي الفقيه عند الشيعة ؟
3364,ماالفرق بين الحاكم المستبد والولي الفقيه ؟
3365,"اينما يكون الكرد يكون البيع رائجاااااا
عين العرب , تل ابيض 
؟؟؟؟؟؟؟؟؟؟؟؟؟؟"
3368,اريد تردر قناة الجريزة الاخبارية
3370,كالعادة
3375,اي حضارالصومالي
3376,اود الهجرة الى المدينة لديا رسالة لتبليغها للعالمين من هناك فمن يساعدني !?
3377,افضل قناة عربيه
3389,الأخوان في قطر والجزيره لا يجب إنتظار النزاهه والعداله من القضاء الالماني ويجب سلوك طرق اءخرى براءيي المتواضع لتحرير احمد مصور
3391,يا أمة محمد إن كل مايدور حول العالم من حروب وتطهير وتهجيرظد الإسلام وظد السنة  وسننتصر ويعم السلام والإسلام
3392,احمد منصور صحفي محترف ويعرف ان ضريبة الحرية قاسية جدا. فك اله أسره.
3397,من جنوب المغرب... مبروك الحرية استاذ احمد منصور...دمت صحفيا حرا و نبيلا
3402,انا عصو جديد اردو ان ترحبو بي
3407,شهداء حلب اليوم وهو يصلون لله بعد يوم صيام .. يصومون لك ويصلون ويرتقون إلى سمائك يا رب .. رحماك يا رحمن يا رحيم .
3410,الله يلتف بينا ياربي علامات اخر الساع
3414,الزهورصاحيه
3417,سلام
3422,[ وَلِلَّهِ الْعِزَّةُ وَلِرَسُولِهِ وَلِلْمُؤْمِنِينَ ]  باقية وتتمدد باذن الله
3432,"7000 سني عراقي ......
أضاح فارسية"
3433,يقوع الرسول عليه الصلاة و السلام إذا قامت الساعة و في يد أحدك غرثة فليغرسها
3435,يختبئ اليهودى خلف شجر الغرقد فانه شجرهم. يا سلام: الحن منهم يهودى ومسيحى.. والأن الشجر . منه ماهو يهودى... ابقو فى سباتكم وانتظروا ذلك اليوم الأزلى....
3443,يذكرونى بقصة القرد الذى يقتسم قطعة الجبن بين القطين والذى عندما انتهى من القسمه لم تتبقى من قطعة الجبن الا فتفوته لا تنفع ايا منهم
3444,جميل
3449,اسلام عليكم
3451,"على طريق الاسد ::
 جريدة الوطن: قامت قوات الأمن بتصفية 9 من قيادات الإخوان داخل شقة بـ أكتوبر، بينهم ناصر الحافي-عضو مجلس الشعب السابق-."
3459,الجزيرة لماذا لم تنشري تعليقاتي افصحي لمجال حتي القراء يحكمون عليه .يا اشبة الامس بليوم المجاهدين خلق في ايران سببت ب بقاء خميني و فزاعة الاخوان في مصر انشرو رجاًء تعليقي اليوم صبح
3467,سنستدرجهم من حيث لايعلمون صدق الله العظيم
3473,"اللهم اهلك الظالمين بالظالمين و أخرجنا من بينهم سالمين 
و اللهم إخزي أعدعئك أعداء‘بادك المظلومين"
3487,ياخوى مافى ارجل منو
3493,اللهم انك عفو تحب العفو فاعفوا عنا
3495,اين الانتم
3496,"عااااااااااااااجل:
عودة بث قناة مصر الآن على تردد ١٠٨١٤"
3497,مبدا الراي و الراي الاخر يقتضي ان يكون مراسل لقناه الجزيرة في ارض الخلافه مثلما هو موجود حديثا مراسل للجزيرة يبث من موقع الميلشياه الشيعيه العراقيه ارجو النشر و عدم الحذف احتراما للراي الاخر
3499,"أستشهاد بطل مصر بالكونغ فو والمعارض للأنقلاب  هشام عبد الحميد في سوريا على يد قوات بشار ألأسد يؤكد وحدة ألأمة العربية وألأسلامية ...
رحمك الله يا هشام عشت بطلا ومت بطلا"
3505,( إن الذين قالوا ربنا الله ثم استقاموا تتنزل عليهم الملائكة ألاّ تخافوا ولا تحزنوا وأبشروا بالجنة التي كنتم توعدون )
3506,( نحن أولياؤكم في الحياة الدنيا والآخرة ولكم فيها ما تشتهي أنفسكم ولكم فيها ما تدّعون )
3517,لا تشرفنا الوحدة معهم
3520,الجزيرة
3529,سورة الأنبياء	» قوله تعالى بل نقذف بالحق على الباطل فيدمغه فإذا هو زاهق ولكم الويل مما تصفون
3536,"ردد معي ثلاث مرات
""سبحان الله وبحمده عدد خلقه،ورضى نفسه،وزنة عرشه،ومداد كلماته""
""انشرها و أعد تغريدها ليكتب لك بإذن الله أجر كل من يقولها"""
3556,فور
3574,السيسى شق الترعه.
3575,دولة الخلافة الاسلامية باقية وتتمدد باذن الله
3576,رضاء الله والناس يكون بالعدل والعدل بالمفهوم العصري هو الديمقراطية والحقوق والحريات للكل وليس للبعض سواء كان هذا البعض عسكري او اسلامي.
3580,من يئمن بالله والاخرة لن يكون عبد الدنية
3582,"الحمد لله والشكر لله 
مكنتش متخيل إني هعيش وأشوف اللحظه دي 
إنطلاق أول مكوك مصري إلي الفضاء من محطته بدماص أول أمس
السس وعد ووفي شكراً يا سسس"
3599,"لم يكن محمد أحمد عمر إنتهازياً,فكيف لك أن تصفه بالانتهازية يا أستاد منصور وأنت لم تعرفه بل لم تعاصر تلك الفترة إتق الله يا رجل, سيكون لي رد على مادار بالحلقة"
3600,انصحبمتابعة المذكرة السياسية وشهادة عاطف اب بكرلمن يريد ان يتذكر تلك الحقبة منالتخبطات السيسية والتآمرومزعطة القيادات العربية....
3602,الله ا
3608,كان ابو جهل وكفار قريش يمارسون المنع من السفر والتعذيب والقتل لمنع انتشار الاسلام  فقط لم يكونوا بتعرضوا ويغتصبوا النساء
3618,"حملة على التويتر لتفعيل هاشتاج
‪الاسد كيماوي
التوقيت 21/08 ساعة 8-10 ليلا توقيت مكة المكرمة ودمشق
الرجاء الاشت"
3624,دعواتكم لفضيلة الشيخ الدكتور محمد عبد المقصود فهو مريض
3626,هزة بالظبط
3631,منمنمنمنمن
3633,ثُمَّ بَدَا لَهُمْ مِنْ بَعْدِ مَا رَأَوُا الْآيَاتِ لَيَسْجُنُنَّهُ حَتَّىٰ حِينٍ
3634,"لو بُنيَ مسجد ليُعبدَ فيه نبينا محمدﷺ  لعد ذلك من أعظم الموبقات فكيف لو بني معبد يعبد أتباعه البقر 

(وأن المساجد لله فلا تدعوا مع الله أحدا)."
3637,الاخ الواوي    تحيه لك واتفق معك وانما قصدت ان اذكرهم بمكانتهم عند العسكر فهم ليسوا اعز من السنهوري .....كبروا عليهم اربعا
3639,"ا أَنزَلْنَا إِلَيْكَ الْكِتَابَ بِالْحَقِّ لِتَحْكُمَ بَيْنَ النَّاسِ بِمَا أَرَاكَ اللَّهُ ۚ وَلَا تَكُن لِّلْخَائِنِينَ خَصِيمًا (105)
ا"
3640,"ان الاسلام اذا حاربوه اشتد
 واذا تركوه امتد
 والله غنيٌ عن من يرتد
 وبأسه علي الظالمين لايرد
 وان كان العدو قد أعد
 فالله لا يعجزه أحد  ... باقية وتتمدد باذن الله"
3642,73 لاجئ سوري عالقون الان في جزيرة يونانية اسمها فارماكونيسيل مع العلم نصفهم اطفل ،والاغرب عدم استجابة خفر لسواحل اليوناني .24ساعة بدون ماء وطعام،،اخي متواجد معهم وانا اتواصل معهم للان ...ارجو النشر
3643,شكرن
3650,هوكلام
3652,كم عدد اللاجئين السوريين والعراقيين .في كلاً من(قطر السعوديه - الامارات)
3654,"امة عربية واحدة ذات رسالة خالدة                                                 من اقوال
 ~ حافظ النعجه~"
3659,أحب الشعب التركي بجميع قبائله وبأصوله وفروعه .. أحبهم لأنهم تمسكوا بربنا وبديننا وبرسولنا فكانوا خير من حافظ على الدين والملة ( سموهم حماة الدين والملة ) ..
3661,مرحبا يعجبني لكن هل هنك مدرسة غدا ام لا
3678,اللهم اذهب انت وإخواننا في العراق وفلسطين وسوريا واليمن ومصروليبيا  ونصرهم  ورحمهم ها نحن هاهناقاعدون ننعم بطيب العيش ونتسلى في مراقبتكم  الهى نحن مقعدون مع حكامنا فلا تؤاخذنا
3679,اللهم اذهب انت وإخواننا في العراق وفلسطين وسوريا واليمن ومصروليبيا  ونصرهم  ورحمهم ها نحن هاهنا قاعدون ننعم بطيب العيش ونتسلى في مراقبتكم  الهى نحن مقعدون مع حكامنا فلا تؤاخذنا
3682,"(إن الله يحب إذا عمل أحدكم عملاً أن يتقنه) قول رسول الله صلى  الله  عليه   وسلم


لا  تَسْقُطُ التُفاحةُ  لِوَحدِها إما  بالطبيعة  وإما  بِفِعلِ  فاعِلٍ  عن  قَصدٍ  أو  غيرِ  قَصد"
3686,"قال فرعون ما أريكم إلا ما أرى وما أهديكم إلا سبيل الرشاد
هذا هو الدستور الذي يريد"
3687,اللهم انك العدل و هذا ثالث الحرمين يحترق اما الجميع فيا رب كل مسلم لا يتحرك من اجله فاحرق قلبه في أغلى ما يملك سوى كان حاكما او محكوما //
3708,هل سيسلم السيسي المشئولين عن قتل المكسيكيين الي العداله الدوليه كما فعل القذافي ...المكسيك المحت الي تدويل القضيه .......
3719,اتابع القناه لأكون في الصوره
3720,اتابع الأخبار لأكون في الصوره
3722,لا شيء للتعليق وإنما ما أردت قوله الأ تحقن الدماء حتى الانتهاء من مناسك الحج والأحتفاء بعيد الأظحى المبارك أعاده الله على جميع البشر باليمن والخير والبركات من العايدين
3735,"نرجو ان لا يكون تسريح موظفي الجزيرة تغييرا لمكانتها ولخطها الذي ادخل العالم العربي الى فضاء العالمية , كما نتمنى ان لا يكون ذلك نتيجة التناحر مع العربية !!!!!
العرب هم الجزيرة والجزيرة صوت الجميع"
3737,"هواري بومدين خطاب زعزع العالم - كلنا فلسطين -
اكتبها علي اليوتوب وانظر وتعلم من الرجال"
3741,"‏عزمي_بشارة‬: جماعة الإخوان المسلمين ""ليست حركة إرهابية""."
3743,اسضا كان كفار قريش ينسقون مع بعضهم لحصار المسلمين
3744,من المساجد ننطلق لكي نكون (عبادا لنا ) اي لله ليس للشرق ولا للعرب وليس لاذناب الصهاينه من الحكام
3745,وانجلت الشمس قبل أن ينصرف ثم قام فأثنى على الله بما هو أهله ثم قال هما آيتان من آيات الله لا يخسفان لموت أحد ولا لحياته فإذا رأيتموهما فافزعوا إلى الصلاة والله أعلم
3761,فَانتَقَمْنَــا مِنَ الَّذِيــنَ أَجْرَمُوا وَكَـــانَ حَقّــاً عَلَيْنَـا نَصْــرُ الْمُــؤْمِنِينَ  صدق الله العظيم  ... باقية وتتمدد بإذن الله
3769,في العشرة آواخر من أيام الشهر
3773,سالم
3775,"ابشروا خيرا يا أمة الإسلام؛ فإن العزة لله جميعا؛ والنصر لعباده المؤمنين:
( الذين قال لهم الناس إن الناس قد جمعوا لكم فاخشوهم فزادهم إيمانا وقالوا حسبنا الله ونعم الوكيل ( 173 ) ) (آل عمران)"
3776,عاصفة الحزم اظهرت عورات كثير من الانظمة
3780,"السلام عليكم
 بعتلكم تعليق لماذا لم اراه بين التعليقات ؟؟؟؟؟؟!!!"
3783,طالب الرابط مشغل الجزيرة
3791,(ان تنصروا الله ينصركم) اقتدوا بها وسوف تفتحون العالم
3795,ياايهاالذين ءامنوا ان تنصر الله ينصركم ويثبت اقدامكم
3799,نتقدم إلى الشعب التركي الشقيق وإلى حزب العدالة والتنمية التركي وإلى قيادته وإلى رئيس الشعب التركي طيب رجب أردوغان بتعازيه القلبية لوقوع ضحايا العدوان الغادر على تركيا الشعب والتاريخ العظيم ..
3805,بثكم لا يصلني جيدا انا متواجد بالشرق الجزائري
3812,"قال ﷺ : "" إنما الناس كالإبل المائة لا تكاد تجد فيها راحلة ""
أي: من بين كل مائة بالكاد تجد رجلا يعتمد عليه، فدققوا اختياراتكم ولا تنخدعوا !!"
3818,بها
3820,كعرب نحن بامس الحاجة لقادة لا حكام
3821,( كيف وإن يظهروا عليكم لا يرقبوا فيكم إلا ولا ذمة يرضونكم بأفواههم وتأبى قلوبهم وأكثرهم فاسقون ( 8 )) (سورة التوبة)
3828,و سيعلم الظالمون اي منقلب سينقلبون
3841,لماذا لم تنشروا تعليقي امس عن اتهام الصحافة اليهودية لوزيرتهم بانها هي من حرض على اقتحام باحة المسجد الاقصى.
3842,يا ايها القائمون على هذا الباب. لا تجعلوني اشك غي مصداقية قناة الجزيرة بعدم نشركم لتعاليقي.
3845,اللهالسلفيقول   الصالح ولايحمله ما لم يحتمل     عزوجل أفلا يتدبرون القرآن أم على قلوب أقفالها يجب  على متدبرالقرآن أن يبقى فى  أطار فهم
3847,ما أجمل الجزيرة بدون الموسيقة بين البرامج حتى تكون قدوة حسنة للآخرين
3852,كلّ عامٍ جزيرةُ الْعلْلمِ صرحُ = ثغرها فيهِ غضبةٌ ثمّ نُصْحُ
3853,"الشاعر أحمد محرم :
يا أهل إسلام من ترك ومن عربا ... و من يساوي أهل الترك والعربا 
صونوا الهلال و زيدوا مجده علما ... لا مجدمن بعده إن ضاع أو ذهبا"
3855,شكرلك على هاذا التوضيح ولكن ...سبب شتم الشعب السوري غير واضح بالنسبة لي على الاقل .
3858,قال رسول الله صللاه عليه وسلم المسلم لا يشمت بلمسلم ولمسلم من سلم من يده ولسانه
3860,ارجو مساعدة  قناة الجزيرة في  امر يهم العالم الاسلامي اجيبوا علي رسائلي من فضلكم
3876,ارجو ان تظهروا كل تعليقى بالكامل فانا معارض لك برامج قناة الجزيرة فهيا تسب وطنى مصر فانا  احتج على اسلوب القناة
3881,انا لا اشكك في مصداقية القناة والقائمين عليها لكن لم يصلني اي اشعار على عنواني الالكنروني فهل هنالك مشكلة
3886,"بكيت حتي كادت دمعاتك اغراقي
تطمعين اليوم في اشفاقي
ادهبي فليس من اخلاقي
ان اعيد غلطت النلاقي"
3887,ان الله لا يصلح عمل المفسدين
3888,فلسطين = قناة الجزيرة
3889,اللهم إنى أعوذبك من خليل ماكر عيناه تريانى وقلبه يرعانى إن رأى حسنة دفنها وإن رأى سيئة أذاعها
3896,لاداعي لرمي الاتهماة في تغصير الامني ويجب اتوى الوضع داخليا ةتكاتف الجهود مناجل وجود تسوي سريع سياسيه
3898,التفجير في جنوب لبنان عمل اجرامي لا يرضاه الدين، ولكن المشكلة ان حزب الله في سوريا يقتلون المدنيين وبشكل انتقامي كبير. وهورد فعل في الاغلب، وكما تدين تدان.
3899,اخبار الجزيرة نت
3901,الله يجعل الخير
3904,#أعدلواتأمنوافأمن_كوكبنالايتجزأوأيضاعدله ‫#‏سالم_القطامي‬
3918,تركيا : المسلح الذي حاول سرقة بنك و احتجز رهائن بعد أن تنكر بزي امرأة ” ليس سورياً
3919,لاتعتقدوا أن إعلام كل الكرة الأرضية قادر علي التأثير علي دولة الخلافة بل إعلامها المستمد من كتاب الله وسنة رسوله صلي الله عليه وسلم هو الذي سيغيركم ..
3923,"اتمنى الشهاده مع داعس في العراق, او مع حماس في فلسطين او مع المقاومه الموحد في سوريا او مع المستضعفين في كل الارض  بغض النضر عن ملتهم ان كانوا على حق"
3925,ايها المسلمون ان ماقع في الجزيرة العربية خظا فادح ارتبكبوه العرب لهذا ايها العرب راجعوا اوراقكم
3927,أخبار موزيفة لا اساس لها من الصحة   اذكر لي اسم مسجد أغلاقوه
3929,تجار الحرب  من   الإستيلاء  على منابع  النفط  إلى صناعة  الإرهاب ،
3932,توفي ابو تفليقه فمن يليه
3933,يقول كاتب المانى عاش مع داعش 10 ايام ان القصف لا يفيد ولذا نريد انزال برى لتمشيط المنطقة ورش بيف باف عليهم ليسقطوا فى عشش الدبابير التى يختبئون كالفئران بها
3934,"💐💕💐💕💐

أخفى الله القبول : 
لتبقى القلوب على وجل
وأبقى باب التوبة مفتوحا : ليبقى الإنسان على أمل
وجعل العبرة بالخواتيم : لئلا يغتر أحد بالعمل 
      
       أسعد الله صباحكم"
3944,"السؤال المطروح,لماذا يدهب السوريون لأوربا وأغنا الدول عالميا تجاورهم"
3947,اطلب من مواطن سوري ان يخبرنا في اي مدينة في هولندا؟. والمزيد من التفاصيل حول الموضوع.انتظر الجواب.
3948,الحمد لله الذي بعث فينا تنظيم الدولة .
3953,فليهاجروا للدولة الإسلامية.
3973,انظر في المرآة وأعد النظق بكلماتك.
3985,بنحبك ياسيسي تحيا مصر
3998,كله ارهاب كفايا ضحك على الشعب الارهاب انتم من صنعه
4000,لم اعهد العلم المغربي ان يكون بهذا الشكل!!!!! ماذا جرى للجزيرة
4001,هذا ليس بالعلم المغربي، اتقوا الله
4002,النجمة السداسية هي عبارة عن مضلع ذو ستة رؤوس :)
4003,المرجوا من كاتب المقال تغيير العلم، لأن العلم المغربي عبارة عن راية حمراء تتوسطها نجمة خماسية خضراء و ليس نجمة سداسية، و شكرا
4009,أحتج بشدة على وضعكم نجمة إسرائيل في العلم المغربي بدل النجمة الخماسية و أطلب منكم تصحيح الأمر
4018,و ما هي نسبة المدنيين الفتلى في الغارات الجوية السعودية على اليمن!؟. السوريون يتقاتلون فيما بينهم، و لكن ما دخل السعودية في اليمن؟.
4021,العالم يحتاج الى جورج بوش اخر
4022,أسم رئيس الوزارء الكندي هو ستيفن هاربر و ليس جوزيف هاربر.
4024,رئيس الوزراء ستيفن هاربر و ليس جوزيف هاربر
4025,اسم رئيس الوزراء الكندي ستيفن هاربر وليس جوزيف هاربر
4026,نعم بالحق انك بدو واعرابي كذلك
4058,لماذا لا ينتج الممثل السعودي مسلسل يصور فيه الارهاب الموجود عند الميليشيات الشيعية..ولماذا لا يسلط الضوء على هذا الارهاب من قبل وسائل الإعلام العالمية. .الارهاب مرفوض أينما كان مصدره...
4059,ما يبلى الفهيم !!!!!!!!يتحرك و يتلوى ????????
4064,خير الاسلام على الدنيا سابغ ولكنكم لا تعلمون
4068,لا شك أن الكيانات الم
4072,هل الاردن بلدك؟؟؟؟؟ ام انت لاجئ من الضفة؟؟؟؟
4076,مرحبا بجميع السوريات
4078,"لكي نكون منصفين الجدير بالذكر أن المملكة السعودية قدمت ٢٨٠مليون دولار كإعانات للاجئين السوريين , وقطر إستقبلت ٤٢ أي نعم ٤٢ لاجئ سوري ،،كضيوف على أمير قطر،،"
4081,أرجو تصحيح الصورة فهي ليست لمسجد و انما لمعمل سجائر بني منذ حوالي 150 سنة على شكل مسجد على الطراز العثماني من أجل الترويج لبضاعة المسجد في الدولة العثمانية و هو حاليا مجمع لمطاعم و بارات و اسمه ينيدزا
4089,"اول واحد كان بياكل من الطعام هو محمد عبد القدوس , شاهد الفديو ! ومش اول مرة يعمل كده"
4092,اقسمت بالله الععظيم انا جزائري اعتز بدولتنا الاسلامية و ادع الله  ان يحفظ ولي امرنا ابو بكر البغدادي.
4097,هناك نوعان من الإنتحار. نوع محرم يرسل صاحبه إلى الجحيم خالدا مخلدا والعياذ بالله و نوع جائز يرسل صاحبه مباشرة للجنة ولله الحمد و المنة على نعمة الاسلام
4099,وحالنا
4101,يومن راتيس ووتش تقول قصف التحالف قتل عشرات المدنيين باليمن
4112,من حق المغرب أن يفرض التأشيرة لحماية أمنه تماما كما تفعل قطر و غيرها
4113,الفلسطيني من حملة الوثايق ممنوع من الحصول لتاشيرة عمل لاي دولة خليجية       الاقربون اولا بالمعروف يا اخواني
4120,(انما السبيل على الذين يظلمون الناس ويبغون في الارض  بغير الحق اولئك لهم عداب اليم)
4124,"مرحبا ياجزيرة اريد ان ينزل بالجزيرة موضوع على اليتوب ويشاهده الجميع -  قصيدة ""رسالة إلى الأمة"""
4139,دين كويس، وطنيه كويس، لحيه كثة نص كويس، بس مع كل هذا بدلة وربطة عنق مش كويس ابدا؛ هلا كنت باللباس العربي الفلسطيني الاصيل مثل والدك في اسفل الصورة ؟
4144,نعم شكرا اخي  لا ليس بسبب  عدم ادراكي ولاكن بسبب غظبي  كتبته بسرعة   شكرا حياك الله
4150,لا حول و لا قوة الا بالله
4151,بحماس وهو ما خطط واراد بهاالاحتلال وخدمة له
4159,كمواطن مصري لن أغتنم هذه الفرصة السانحة، هستنى شويتين
4167,يقول الشاعر المخلص ولحية بيضاء إ
4191,"""التقرير عن العدوان (على) غزة"" لأن العدوان الذي حصل هو عدوان إسرائيل."
4205,"صورة البلتاجى تمثل حال الجماعة الآن ,, و هذا مصير كل من يتحدى مصر و المصريين ثم كيف عرف ما يسمى عضو المجلس الثورى بالتعذيب و هو هارب بالخارج ؟؟ هل أبلغة البلتاجى ؟ أم عرف من خلال الصورة ؟"
4211,لماذا يجرم المسلمون و يحرمون ما أحل لله تعالى ؟
4213,الي بيدق الباب رح يجيه الجواب
4215,اهل احمد الاسير قلقون على صحته واهالي الجنود الذين تسبب بقتلهم ينتظرون محاكمته .
4232,عار ثم عار على الإنسانية وللأسف عندنا كذلك أخوات هذه الصحفية في مصر !!
4237,تفكير بسيط ومجرد من الأحاسيس والمشاعر الانسانية
4241,عارف ان التعليق لاول لن يظهر  ياصاحب الضمير فى الجزيرة نت   ههههههههههههه
4242,ماذا لو غزا عدة الآلاف حدود اي دولة خليجية فماذا سيكون تصرف اَهلها وخصوصا اذا كانوا ليسوا بمسلمين؟
4243,وبعدماانهالواعليهابمواقع التواصل الاجتماعى سبا وشتما لتصرفاتهااللانسانيةنحوالاجئين السوريين
4249,"كلمة ""قنال"" دخيلة على اللغة العربية ...و الله اعلم !"
4251,تعديلات رائعه الى الامام يامصر بقياده السيسي
4253,الذين قال لهم الناس إن الناس قد جمعوا لكم فاخشوهم فزادهم إيمانا وقالوا حسبنا الله ونعم الوكيل.
4256,يعمل لبشار  الصحافة الحرة لم تفقد شيئ
4275,ومن يثار للحرائر في العراق  والشام ومصر سوى جنود دولة الخلافة اعزها الله ونصرها ؟ والخبر ما سوف ترون لا ما تسمعون .
4276,من عجائب الصدف أن يطبق البوذيون الوثيقة العمرية على المسلمين أنفسهم. اولم يكن عمر بن الخطاب بالعادل.
4283,اسرائيل دولة ديمقراطية ومن حقها حماية مواطنيها من الغوغاء وتصوروا لو ان مواطنا عربيا فعل ذلك في دولة عربية ضد رجل الشرطة اكيد سيكون مصيره وراء الشمس
4295,حكم وجيش اليهوذ ما فعل بالسوريين
4310,هذا خبر قديم يا جزيرة... كل دول العالم و أولها العربية يوجد فيها سجون سرية لمعتقلين يطلق عليها الداخل مفقود و الخارج مولود.
4317,اللهم انصر دولة الخلافة الإسلامية إنك على نصرها لقدير.
4324,هل حكم المستعمر يصلح
4330,ما فعل حكام اليهوذ بالامة
4336,اللهم ارحنا من ايران واذنابها اصل كل بلاء ومنبت كل شر .
4337,"لا أعرف لماذا تنقلون الخبر الذي يقع في أرض عربية عن وكالة أجنبية. اسم المقاوم هو باسم التميمي وليس ""بسام""، وانهالت متظاهرات وليس ""متظاهرون""."
4349,حين يأكل اطفال مخيم اليرموك القمامة تعرف ما مدى دجل محور المماتعة..(بالتاء وليس بالباء)..وعلى رأسهم حسن زميرة...
4350,هذامافعلت بهم حماسوالاميلبيشيا اايرانية وتهديد حقيقىلمصر ولخدمة (احتلال(لأسرائيل
4354,عنوان غير منصف بالمره
4357,"وأنا بدوري قلق على حالة ""بانكيمون"" التي أصبحت تدعو للقلق من شدة كثرة القلق والتصريح بالقلق الذي يصدر عن بانكيمون والذي أصبح يسبب لنا كثيرا من القلق..."
4359,فكرك يعجبني تستاهل أرض.
4360,كونوا رجال ونزلوا تعليقي ههههههه
4361,مسكين هل رجل راح يموت من القلق،  مات لا يقل عن مليون مسلم خلال  توظيفه و بعدو قلقان... استخدم  زاناكس (البرازولام)  مشان تعرف تنام.
4365,هذا الكاتب يضع الحق على داعش و ينسى الانظمة التي و لدت داعش اظن اني اتذكرة في حلقة للاتجاة المعاكس حيث جل ما يعرف معادات الاسلاميين و سورة الرمز يرجى مراعات المسبب للداء و عدم اهمال الدواء
4366,صح النوم!
4374,إستشهدعبرالتسمم
4387,ستتحقق العدالة الشاملة في كافة أنحاء الكون والوجود وسيلقى المجرمين والظلمة جزائهم العادل .
4388,"أخطأت بإرسال تعليقي المعنون بـ""عقدة نفسة مزمنة"" على هذا الخبر ، وآمل في حال موافقتكم على نشره أن تتفضلوا بنقله ليكون تعليقي على خبر ""السنغال ترسل 2100 جندي للسعودية .."" ولكم جزيل الشكر والإحترام"
4390,اللهم انصر الخليفه ابو بكر البغدادي واحفظه
4391,"بل كل قياصرة الروم أخذوا إسم يوليوس قيصر...سنوياو الذي هو مجرد إسم
قبل يوليوس قيصر لا قياصرة...بل كانت روما جمهورية يديرها مستشار منتخب....سنويا"
4404,"مُتُّ من رابعةٍ,,, أحدثت في الحلق غُصّة,,, لا قُضاة الإفك يحموني,,, ولا تلفيق قصة!!"
4407,نظام الاسد
4412,هذا كله بسبب السعودية .نزلت اسعار البترول
4414,بسقوط البراميل يتآكل المعسفة حتى يختفي
4416,تنماهم
4418,كاريكاتير
4419,"صورة غير مؤدبة بصراحة
جزاهم الله كل خير اخوتنا في الدولة الاسلامية"
4421,و هل حركة دول الخليج و السعودية ساكنن ليم يقدمو شيء
4425,"لا يجب رسم علم يحمل اسماء الله عز و جل في كاريكاتير كهذا , وما قدروا الله حق قدره و الارض جميعا قبضته يوم القيامة ."
4435,أول ما يشترونه وفودكم عندما يسافرون للغرب !
4436,شكلكم ماذقتم السنكرس .. جوع الله لا يبلانا.. ترا البارود ما يبني يهدم
4438,1948-2015 = ( 67 )                                                            1967-2015 = ( 48 )
4440,تحية للفنان القدير احمد رحمة ...  وأشكر خياله المبدع !
4441,الجزء الاول واقعي اما الجزء اتلثاني فهراء في هراء ونن سنس
4454,عيب الرسمة دي
4461,قريبا .. قريبا
4463,هذه الصوره قديييييييمه لناجي العلي وانا منذ فتره طويله وانا اضعها بروفايل للفيس بوك
4464,"""ألا إن نصر الله قريب"" .. هذا ما قاله القرآن .. ""وإن وعد الله لآت"""
4468,"هذا الظهر الرحب مخصص للأوزار , والحمولات الجبلية !"
4480,صلاح الدین فخر ایران
4482,وعباس عليه من الله ما يستحق ماسك بيديه اﻹثنين
4484,تعلم اللغه العربيه
4486,مسكين الحوط بريء. الحوط حيوان لطيف و على وشق الإنقراض بسبب الرأس المالية العالمية الصهيونية !!!!!
4487,حبيب ألبي ابو العمرين :)
4490,الیمن تدمر علی ید غطرسة آل سعود التي شنت علیهم حرباً ألیس کذلک؟ و سوریا والعراق دمرتها داعش التي تقف خلفها السعودیة و ترکیا وأطراف خلیجیة. لماذا نخدع أنفسنا. مؤسف أن نحط من قدرة تفکیر الإنسان العربي.
4497,النمور في اليوم العاشر .. لزكريا تامر
4502,2015 اكتر دموي
4505,و الدولة باقية رغم خيانتكم !
4506,إذن الدولة باقية !
4508,هذا الحاسوب وغيره سيستخدم في بث المزيد من القنوات الفظائيه اللتي تهدم الشباب المسلم..
4509,هل هذا ما يسمي بالدجافو ولا  الخبر اعيد بنفس النص من الشهر الفائت!
4512,"جنسية المعدة فراغها ولا تسأل الثمور أفواها تملؤها ٠ 
*مناع للخير معتد أثيم * آية من آيات الله ٠ آحذروها    ٠"
4514,او منزل
4515,اللهم صل وسلم وزد وبارك على نبينا الامام الاعظم بابي هو وامي ونفسي .
4521,من اعظم خصوصية هذه الامة (الاسناد) والتاريخ كشف من هم الشيعة الروافض  وقد وثق مكرهم والخداع والابرام مع الع ضد المسلمين المتمسكين بالوحي الواضح البين ،
4523,اللهم انصر دولة الاسلام
4524,القرار الأخير في هذا الموضوع هو للموساد الإسرائيلية.
4527,الغموض يكتنف طائفة البهرة .
4530,لولا الغرب لكتبت تعليقك على جلد بغل
4531,الحل في راي هو دعم قوات فجر ليبيا للقضاء علي الارهاب في ليبيا وايضا توفير غطاء جوي
4532,"لماذا هاذا الخبر المفجع مدفون وليس على صفحتكم الرئيسة؟ والفيديو نصف ساعة يظهر تدمير مقدسات مسيحية بلعراق وسوريا.
والخيارات : إما الاسلام ، أو دفع نقود وانت صاغر (جزية) او حد السيف"
4563,اسم أل التعريف يافرنسي
4566,العموري محمد من اين انت
4582,ممتاز
4586,اذكر لي يوم واحد لم يقتل به ١٠٠ عراقي  عربي،، كل يوم بوري  ،، حصيله جيده منذ ١٢ سنه،،  ها ابو البواري !!!
4591,(الله مولانا ولا مولانا ولا مولى لكم )اقرأ القرآن تجد الحل (وان جندنا لهم الغالبون) فهل يغلب جُند البشر جندَ الله؟!؟!،مع اي الجند انت ؟
4595,"التعليق يدل على شخصية كاتبه, فالشتائم ترجع على من يطلقها وتدل على مستواه التربوي. الحمدلله رب العالمين."
4600,يبدو ان السعودية هي من ينتظر اليمنيين للدخول بريا للسعودية وليس العكس...
4605,"و شدد على أن خطباء التنضيم أصحاب علم شرعى عال, ... وزادهم علماً و هدى."
4612,الله اكبر الله اكبر الله اكبر  الله اكبر  والعزة لله ولرسوله وللمؤمنيين
4613,جزاك الله الفردوس
4614,جزاك الله الجنة
4615,جزاك الله الفردوس  يا مسلم  جزاك الله الفردوس
4620,الموت هو استدعاء لمقابلة ملك الملوك
4622,أتساءل ماذا يقول عادل إمام في صلاة الجنازة
4624,اللهم إنا نسأل حسن الختام لنا ولكل من قدم شيئا مفيدا للإسلام ونعوذ بالله أن تكون كبرتنا ككبرة من سخط الله عليهم وبان ذلك على وجوههم.
4626,مع الأسف الشديد الفنانون و الاعلاميون مع العسكر قلبا و قالبا.
4628,قدم بعض الأفلام الجيدة ولكن مرة أخرى أنا سوف أتكلم على ما يظن الجميع .الحياة هي أيضا فيلم .هل كانت نهاية حزينة؟ هل دعم الانقلاب؟ الشخصيات على الصورة تجعلني أخشى الأسوأ .
4630,"""الْمُنْخَنِقَةُ وَالْمَوْقُوذَةُ وَالْمُتَرَ‌دِّيَةُ وَالنَّطِيحَةُ وَمَا أَكَلَ السَّبُعُ"""
4631,"قال الله تعالى "" (( أم حسب الذين اجـتـرحـوا الـسـيـئـات أن نجعلهم كالذين آمنوا وعملوا الصالحات سواء محياهم ومماتهتم ساء ما يحكمون )) ."
4639,تقصد جهاد صايل النصيري
4641,الله يرحمه مات قتلا وليس استشهادا
4643,الأخبار المتعلقة بالحرب السعودية في اليمن ليست ذو مصداقية.
4644,الشهيد من يقتل وهو يقاتل مسلم آخر. أنت فاهم الشهيد غلط. هذا مو شهيد و حسابه عند الله.
4667,دور بلاده في دعم الحروب على بلدان المسلمين. هذا والله ما نعرف ونشهد به أما قوله أن بلاده تدعم لم الشمل فهو والله كلام لا صحة له على الإطلاق.
4672,امضي قدما ياسلمان الحزم ولاتلتفت لهؤلا (  فَمَثَلُهُ كَمَثَلِ الْكَلْبِ إِنْ تَحْمِلْ عَلَيْهِ يَلْهَثْ أَوْتَتْرُكْهُ يَلْهَثْ )
4673,هذا ليس عذرا للتهرب من المسؤولية فالاهمال المستمر وسوء ادارة الحج والعمرة والاماكن المقدسة ليس وليد البارحة.
4675,اعداد الضحايا اكثر من الذي اعلنته السعودية. هناك منظمات تقول انه حسب التحقيقات والتقصيات غير الرسمية ان العدد يقترب من 1650 حاج متوفي بالاضافة الى المفقودين والجرحى في المستشفيات.
4676,ارتفع عدد ضحايا هذه الكارثة في مشعر منى الى 1608 حاج بحسب حصيلة اعدتها وكالة فرانس برس يوم امس استنادا الى ارقام نشرتها 31 دولة لتصبح بذلك افدح كارثة بشرية في تاريخ تنظيم الحج حديثا.
4678,نشكر عبد الفتاح السيسي الذي يعمل على تحقيق الامن في المنطقة ومنع الارهابيين من زعزعة استقرار الدول الصديقة عبر تهريب السلاح من الانفاق
4689,ما معنى علماء المسلمين هل هم بعلم بالاسلام اوماذا
4691,"تصحيحا للعنوان.
مثنى الضاري أمينا عاما لهيئة علماء المسلمين بالعراق هذا هو الصحيح ..
وليس . مثنى الضاري أمين عام لهيئة علماء المسلمين بالعراق"
4696,"كان حلما فخاطرا إحتمالا ****فأصبح حقيقة لا خيالا
ببساطة هذه هي قصة دولة الخلافة الإسلامية"
4700,"#بلاطمطاطى من شركة هوبك ( مصر ) يناسب رياض الأطفال والمدارس.
مواعيد العمل: الأحد - الخميس 
ساعات العمل: 9 ص - 5 م
تليفون: 0224719836
قم بزيارتنا على الفيس بوك"
4707,خطوة صحيحة اتخذتها السلطات الالمانية فالرجل مطلوب من دولة عضوة في الانتربلول. المانيا ليست دولة سائبة فهي تسير على مقتضى القانون المحلي والدولي.
4710,اجراء سليم هذا الذي تقوم به المانيا. وهذا تماشيا مع قوانين الانتربول الدولي.
4722,"و قال ""ان من حق الناس ان يثوروا على الظلم و الباطل""، هل ينطبق هذا الكلام على الناس في البحرين و باقي دول الخليج؟."
4724,"الله عليكى يا مصر...وعلى جمال عظّمتك, يارب بارك لنا فى جيش مصر وحاكم مصر...تحيا مصر ,تحيا مصر,تحيا مص"
4737,الله يحميك يا أَخنا المجاهد .
4751,قطر قررت شراء نصف ألمانيا
4752,الشهرة عامل مهم من عوامل نفوذ الصحفي وتأثيره. وقبل توقيفه في برلين، كان منصور -عن جدارة- واحدا من أشهر الصحفيين العرب. أما الآن فقد أصبح واحدا من أشهر الصحفيين في العالم
4758,موقع هارتس الاسرائيلي أفاد ان عباس يقمع الانتفاضه وينسق مع اسرائيل من اجل القمع
4763,للتصحيح شركة أرامكو سعودية تماماً وليست أميركية
4772,لا حول و لا قوة الا بالله،.  يا شيخ حرام عليك، هذا تحريض علي القتل و سيمتلك ذنب كبير،
4784,فما زادهم الا ايمانا و تثبيتا.
4792,"نرجو التنوية 
 عبدالله عزام الفلسطيني نحسبه والله حسيبه ونسال الله ان يتقبله في الشهداء ."
4794,معركة دابق اتية لامحالة وبدأت تتضح معالمها
4795,قم للمعلم و فه التبجيلا... كاد المعلم أن يكون رسولا
4796,انتم معكم روسياوالعالم اجمع ونحن معنا الله وسنرى على من ستنقلب الطاوله. وسوف نذكر ذلك يوما .
4797,""" بينما هو في الاخرة يكون ظلام على اصحابه"". الله وحده يقرر مصير الناس في الاخرة.  لو مجموعة من اشباه علماء او منظمات تكفيرة كانت مخولة لانزال حكم الاخرة على الناس, لما كان يوم الحساب."
4827,تحذير من التابليت على الأطفال
4839,الحمد لله على نعم الله.
4844,للتصحيح فرقاطه و ليس زورق و قد قتل كل من فيها بالكامل
4852,ما يفل الحديد الا الحديد ،، نصركم الله وسدد رميكم
4856,انت ذكي يا ادم الحكومه المصريه عشن شيخ دعا على الضالمين رمجوه من عمله ويمكن يعدموه
4858,فلا لمصر الا ان  تتبنىالديموقراطية وكما جائت به الثورة ولاجل الحرية والديموقراطية والعدل  والمساوات وعليه قامت وتظحى شعوبنا العربية لمصر ومحاكمة كبار رؤوس العسكر واولهم السيسى والا حولتم بلدكم للارهاب
4860,قريبا إن شاء الله ستحرر دولة الخلافة الإسلامية فلسطين الحبيبة بالكامل.
4887,لا رجولة الا رجولة رجال الدولة الاسلامية
4891,وكأن الإسلام أمر بالكذب .. ونهى عن الصدق ؟!
4893,الذين بالصورة ثلاثة عراقيين ولد عشاءير وواحد جزراوي سعودي او بحراني
4896,اسأل الله ان يذهب بملك الظالمين.
4897,اللهم امين يارب العالمين . تقبل الله دعائك يا عامر العمري
4904,"الذين قال لهم الناس إن الناس قد جمعوا لكم فاخشوهم فزادهم إيمانا وقالوا حسبنا الله ونعم الوكيل ( 173 ) ) 

( فانقلبوا بنعمة من الله وفضل لم يمسسهم سوء واتبعوا رضوان الله والله ذو فضل عظيم ( 174 ) )"
4905,مبروك لاتحاد العاصمة و للجزائر. ان شاء لقب جزائري على التوالي. هارد لاك الهلال.
4907,الإمارات?
4910,راجعين ياهوا راجعين
4927,كل الشكر والتقدير لخادم الحرمين الملك عبدالله ال سعود على عدله وتفانيه في خدمة الاسلام .
4941,ما فوائد الحليب و التمر للصحة ، يرجى كتابة مواضيع كاملة و مفصلة عن هذه الفوائد ، بارك الله فيكم ووفقكم لكل خير
4942,يرجى كتابة مواضيع كاملة و مفصلة عن التغذية الصحية و الغذاء الصحي المتوازن ، بارك الله فيكم ووفقكم لكل خير
4946,كلام غير منطقي !!
4947,(َصْرٌ مِّنَ اللَّهِ وَفَتْحٌ قَرِيبٌ وَبَشِّرِ الْمُؤْمِنِينَ) مبروك للمؤمنين ،والحمد لله الذي استجاب الدعوات ودحر الطغاة وفرج الكربات والتصر آت آت
4948,قد تنكر العين ضوء الشمس من رمد-وقد ينكر الفم طعم الماء من سقم الم تقرأ(انها لا تعمى الابصار ولكن تعمى القلوب التي في ابصدور)
4949,اللهم نصرك الموعود، اللهم أمين.
4951,وكالة أعماق ليست تابعة للدولة بل هي وكالة مستقلة مثل الجزيرة بالنسبة لقطر وهذا تذكره الوكالة في كل حساباتها .
4952,هذا ما كان يقوله الصليبيون والكافرون  أيام فجر الإسلام حتى اندحروا وكل المنافقين على يد المقتلين المسلمين وهذه حقائق لا ينكرها الصليبيون أنفسهم  ولم يكذبوها
4953,حفيد رسول الله?????????
4955,أخبار تسر البال .
4958,ولوزير نفطهم لربمالاتفهمون الكلام  الإسي والنفط والدولار وحقيقة
4961,"احسنت اخي الله ينصر دولتنا لكن اود انبه ""نصر"" و ليس ""صر"""
4963,إلى عتبي على داعش : إذا كانت تستطيع تحرير سوريا .. لماذا لم ينضم إليها الأخرين ؟!
4980,"يا مجاهدي الشام 
افعلوا بهم ما فعل النبي و الصحابة ببني قريضة. و لا تخافوا في الله لومة لائم."
4982,ياجماعة بودابست ليست عاصمة رومانيا
4984,يحاربون الاسلام والمسلمين.الحل في نظري هو الالتحاق.
4985,يريدون ليطفئوا نور الله بافواههم والله متم نوره ولو كره الكافرون
4987,"البعض يقرأ العنوان و يعلق !  ""السلعة"" داخل العلبة غير مطابقة لما هو مكتوب على العلبة و هذا غش تجاري."
4988,قال تعالى : ( ومن أظلم ممن منع مساجد الله أن يذكر فيها اسمه وسعى في خرابها ) ...
4990,نعم بٱرادتنا استطعنا آن نجعل اروبا وامریکا تنحنی امامنا!یجب التفاوض معنا لحل الازمه فی سوریه!ولکن بعض الدول العربيه لا ترید ان تری حقیقة اننا دوله اقلیمیه مهمه!النصر قریب انشالله فی سوریه!
4995,عجب يتفاوظون على شعوب عربية وعليهم وهىلا تعلم
4996,اللهمّ انصر جنودك وعبادك المسلمين على الكفرة الفجرة واورثهم الأرض لكي يقيموا دينك الحنيف وشريعت السمحة.  الهمّ أرنا في بلاد الغرب المحاربة آية للعالمين.
4998,التعليقات المنشورة لا تعبر عن رأي الجزيرة و إنما تعبر عن  رأي أصحابها و مع ذلك تتعمد الجزيرة حجب و حذف و تعديل التعليقات التي تخالف رأى الجزيرة و أهدافها
4999,سلامي على نعمة الرحمان !
5006,اشعر برغبة بفرقعة اعصابي، هل فرقعت اصابعك؟
5017,للتصحيح، اسم اللاعب ينطق بالاسبانية خرا وليس يارا
5020,شيء طبيعي اذا اسرائيل لا تطمئن الاردن فمن له الحق بذلك وماكو فرق بين الخال و أبن اخته هع .
5027,إذا لم تتحدوا يافصائل مع الدولة الإسلامية فلن تحققوا اهدافكم وكل جهودكم ستذهب سدى. لأن النصر من عند الله تعالى. والدولة الإسلامية تطبق شرع ربنا فالنصر سيكون معها أن شاء الله
5039,عبقرية بلا حدود، قل خيرا أو أسكت
5046,(نهج شمولي) هيك مره وحده؟؟ لا بس قويه كثير خصوصا من جلالة سيودونا أبد الله أتاني
5070,ولقد استفادت الحكومه الامريكيه  من النصائح الجد مفيدة  التي قدمها له عادل الجبير !
5077,ولا يهمكم قطر تفتح ابوابها للمسلمين
5100,تركيا لا يوهمها الملحدين محتسبين على الأكراد  ، يوهمها دولة الإسلمية ، لي ترظا عنها اليهود و نصار.
5101,لله در المجاهديين في نيجيريا  اللهم انصرهم على اعدائك واعدائهم يارب العالميين
5123,مأساة الأطفال ليس فقط في مناطق الحروب كثيرة ومتعددة ويمتد ذلك الى المناطق الفقيرة والمهملة .
5128,كيف تنظر الى نفسك في المِرآة
5130,يبدوا ان هناك خطئ مطبعي في الخبر: لاول مرة تطالب المعارضة باخلاء سبيل معتقلين و ليس معتقلات... الرجاء التصحيح يا علي سعد...
5148,السي سي راجل جد جد،الله يوفقو في قيادة مصر ويجعل له خلفاء من بعده علي نفس النهج الوطني الغيور،واتمني من الجزيرة ان تكون شجاع وتنشر تعليقي
5156,لابد من تفويضي لصلح شامل وجبر ضرر عام يرفض العدوان ويحافظ على الوحدة اليمنية الاندماجية ويرفع المطالب بما فيها المطالب التاريخية .
5159,الذين تظاهروا من المسلمين يجب عليهم التوبة حتى ولو تظاهروا تحت الإكراه أما الباقي من غير المسلمين من النصارى و الشيعة حسابهم عند ا لله.
5160,الشعب الفلسطيني شريف ولقد احتلوها الشعب الاسرائلي الخبيث
5162,يبدوا لاائع
5167,هاذه بضاعتكم ردت اليكم
5181,يؤتى الحكم في بيته
5184,لماذا لم يستقبل الشيخ سلمان لبوتن ؟.
5188,هو اصﻻ بوتين لم يسمع كﻻم اوباما وﻻ هوﻻند وﻻ كاميرون وﻻ حتى نتنياهو فكيف به ان يستجيب لقلق السعودية وما تريده دول الخليج في سوريا؟!
5190,على الطريق الصحيح. فالسياسة فن المكن.
5194,السعودية تفعل ما بوسعها في ظل الصمت العربي الغير مستغرب فالكل يسعى خلف (الرز) ولعل دولتك، أيا كانت، من ضمن تلك الدول وهذا غير مستغرب منكم أيها العرب.
5195,الوجوه تتكلم .
5199,"السلام عليكم!
قبل أكثر من ٢٤ كتبت تعليق، أينه؟"
5204,الصورة تجمع الراعي بالرعية !!
5210,ده هي نفسها الي قابلت مشايخ الأزهر من قبل كم شهر؟؟؟؟؟؟؟
5221,المدفع الهاوتزر 155مم الامريكي مداه اقل من 20 كم.ومنطقه العزل الحدوديه (20كم).
5223,السؤال اين هو تنظيم الدولة وحتى الجزيرة متلبذه عنه
5231,الاٍرهاب لا دين له فكما نندن بالتفجيرات التي حصلت في اسرائيل فإننا نندن بقتل الرضيع الفلسطيني وهو اعمال إجرامي ويجب ان يتم محاسبة المتهم باقصى العقوبات
5235,رحم الله الطفل الرضيع انه سيكون شفيعا لكل أهل فلسطين يوم القيامة. ومع هذا فنقول انه اليهود ارحم من الشيعة فقد قتلت البراميل الشيعية الحسينية المتفجرة عشرات الآلاف الأطفال
5236,اللهم احفظ يهود متطرفين!
5238,"فرنسي ضد الارهاب الاسلامي

اين تعليقات الارهابيين?!"
5241,ابحث عن قطر
5245,المساومة
5248,مقاومةاييه
5250,الله ينصركم امين وللشعب السورى العظيم امين رب العالمين وللمسلمين والمستظعفين
5257,حسب جريدة الاهرام المصريه اليوم : استشهاد 3 من الجيش المصرى ومقتل 59 إرهابيا .
5258,هناك علاقات حميمة متبادلة بين المغرب و إسرائيل و ضل للموساد حضور دائم. :)
5260,عاش  بلزلري
5265,نسيت أن تقول : اللهم إنتقم من كل من رضي أو ساهم أو دعم أو فرح في الإنقلاب الخسيس  على الرئيس المثقف المتعلم الدكتور الحافظ لكتاب الله محمد مرسي  .
5275,الحسين عليه السلام؟ متى كان الحسين نبيا أو رسولا
5282,يا ثارات الفرس
5292,وليش الجوكر زعلان ??
5299,ندعو السعودية والإمارات إلى هدنة إنسانية و وقف القصف والحصار وإراحة الشعب اليمني القتل والجوع والتشريد
5300,يجب تفويضي لصلح شامل وجبر ضرر عام ورفض العدوان والحفاظ على الوحدة الاندماجية ورفع المطالب التاريخية تحت مظلة مشروع حضاري عظيم .
5301,بصراحة شعب تونس ارسطقراطي بحق أعني بذلك أنه لم يقاتل أبدا جيرانه و لم يتقاتل؛ تجد في نفس العائلة أربعة اتجاهات سياسية ولكن يحب بعضهم بعضا
5302,هههههههههههههههههههههههههههه أيوة
5308,أعتذر لإرسالي تعليقي السابق في المكان الخطأ.
5330,سلمان يعدل المسار .
5338,إلى الأمام نصركم الله وسدد رميكم يا فخر هذه الأمة وحصنها المنيع.
5350,كﻻم قوي  ولكن السيف اصدق انباءا من الكتب. باقية وتتمدد
5357,و الله يا اخي شرف مثل هذه التعليقات لا نتعب نفسنا في الرد عليها... يكفيك التصويت عليه سلبا فانها تفي بالغرض... بارك الله فيك.
5363,ولان حينه انقلبت المائدةعلى المستعمرين واقل ما يقدرون يقومون به وهو مفاوظات لمصالحهم ولن تكن على حساب شعبنا ابدا والله ينصركم ويرحم شهدائكم وللمسلمين والمستظعفين امين رب العالمين
5370,لماذا لم تذكروا مقتل قائد كبير بالقاعده بالامس فى الغارات الروسيه !؟
5380,المسلحين حققوا إنجازا لافتا بوصولهم إلى قلب الشيخ زويد ليحاصروا قوات الجيش ، وأين كنت انت يا محمد انت وقبائل السواركة عندما احتل الدواعش قلب مدينتكم ... كلام مش طبيعي
5383,عاشت اسرائيل من البحر الى النهر و اذا عربت خربت! :)
5393,أهمس في أذنك بأني رجل نشأت مع الأكراد و لا رأيت قوما أخون منهم و لا أحسد على على النعمة النازلة على صاحبه منهم.
5396,نفذوا له رغبته واعدموه
5401,أهذه إمرأة؟
5407,ياحبيبي ماعاد معاك الا الحاصل لاتتفلسف خذ بندقك والميدان
5410,"قتلونا في مخيم اليرموك سوريا  ومنطقة البلديات في بغداد ومخيم تل الزعتر  في لبنان   وينسقون مع ما تسمى اسرائيل في سماء سوريا وينادون بعودتنا , لا نختلف معك فقد في انها غير شرعيه"
5415,الإسلام انتهى
5418,البحث خرج من  جامعة يورك في إنجلترا وليست التي في كندا
5422,يريدون أن يطفئوا نور الله بأفواههم ويأبى الله إلا أن يتم نوره ولو كره الكافرون.
5426,اللهم زدوبارك ولا تترك م نهؤلاء المجرمين المحتلين احدا
5427,ماتت حمده
5435,ايش قصت إسبانيول ... عاد لازم يَدحّوّنكم ( الدَحّي يعني الحشو او التعبئة بالقوة ) بنص درزن ؟! ام ان للفوز ضريبه وللهداف ضريبه ؟!
5436,بنفس السبب الذي فيه بلاد مثل البحرين و قطر والكويت و...
5441,"فوائد اوميغا3 :تنشط الجهاز العصبي والعضلي والتناسلي.
يمنع الإصابة بمرض البروستاتا
تساعد في ترطيب البشرة.
يحسن صحة القلب عند البدناء."
5443,فعلا دولة ديمقراطية تسمح للإعلام بالتحدث الى الناس دون منعهم او إلقاء القبض عليهم
5444,المرجو من الأخ تنمية معلوماتك اللغوية.وشكرا.
5458,"بحثت في القاموس فلم أجد كلمة ""تثبيط"" .لعلى الكاتب أراد أن يقول ""تثبيت"" من ثبت يثبت بتشديد اباء.
يا حبذا لو إعتنينا بلغتنا ."
5464,"الريس عبدالفتاح السيسي رئيس منتخب بغالبية الشعب المصري,,وعليه نحن فقط أبناء القطر المصري من نملك حق عزله (كما عزلنا قبله مرسي) او نجدد له الثقة."
5468,هو أصيل أكيد لكن مش خيل هههه
5477,"قال عنتر بن شداد
""الخيل و الليل و البيداء تعرفني و السيف و الرمح و القرطاس و القلم""
ماذا عن رئيسك ما الشئ الذي يميزه ?"
5482,"""فإنها لا تعمى الأبصار و لكن تعمى القلوب التي في الصدور"" صدق الله العظيم !"
5486,"الاخت (سعودية بنت عز)نقلت الموضوع بالتص مع اخطائه الاملائية من الرابط اعلاه بعنوان (الأخبار عربي
المعارضة السورية تعدم 56 من قوات النظام)وكان التعليق للاخ (المهندس الكويتي)"
5488,"آمين آمين. والله أرجو من كل قلبي أن ينصحهم ناصح بترك الأمر. الدولة االإسلامية لن يوقفها أحد, هي كخالد سيف سل و لن يغمد و الناجي من لم يعترض طريقها."
5499,الانبار فيها اسودا جائعة
5500,اللهم أسالك الرحمه لاخوتنا من جنود دولة الاسلام دولة الخلافه وان تغفر لهم وان ينالوا ماوعتهم على لسان حبيبنا محمد صلى الله عليه وسلم وأسالك اللهم ان تجعل أعداء دينك واعداء رسولك في السَّعير اللهم امين
5501,من وجهة نظري التقرير ذهب يمنة ويسرى وفيه أخطاء. أرجو التصحيح والتركيز في المواضيع
5502,كلمه حق اريد بها باطل
5512,يا ليت يا جزيرة تكتبوا لنا عن الصحف التي أيدت الحرب الروسية في سوريا على الإرهاب.  و منهم صحف عالمية بالدرجة الأولى.
5526,عيد باية حال عدت يا عيد
5536,الآن اطلعت على حكم الزواج العرفي طلع حلال اسحب كلامي طلع مو بدعه.
5543,خطا عند النقر على اسم الامير : سياسي عراقي، وابن خالة ملك العراق فيصل الثاني الذي قتل في الانقلاب عليه عام 1958. تزعم الحركة الملكية الدستورية التي كانت أحد أحزاب المعارضة العراقية
5551,الحمد لله ان حرمت على نفسي اكل اي مخلوق خلقه الله نبضت فيه روح خشية وحبا في الله ولو كان اكسير الحياة في اكل خصية لتمنيت  الموت رحمة في خلق الله.
5552,والعقل السليم بالجسم السليم والجنس الا فانتزايا العقل ويؤكده العلماء
5557,الحمد لله.
5566,كم من العناصر تابعة لكم في سوريا تنشر الفوضى !!
5583,هو شهيد بإذن الله على يد شيعة لبنان الصفويين... نال ما تمنى ... أما إن فك الله أسره فذاك ما أتمنى. يا أهل السنة يا مليار : الشيخ الأسير قصة كل سني صالح: إما مضايق أو مطارد أو شريد أو أسير أو شهيد
5597,تحية تقدير ومحبه الى شيخناالعزيز الاسير المقاوم لحمير الشيعه في بلادنا العربيه طغات الطائفية العمياء حماك الله وثبت خطاك وايدك بنصر من عندهانت والذين معك
5609,"اذا سمحت اكتب الآية صح

(اللّهُ يَسْتَهْزِئُ بِهِمْ وَيَمُدُّهُمْ فِي طُغْيَانِهِمْ يَعْمَهُونَ)."
5610,نرجو الحياديه ياجزيرة لماذا لاتنشري تعليقاتى مع انها ليس بها سب لاحد وانما رأي مخالف لتوجهاتكم
5621,عندما تم الاستفتاء على استقلال جنوب السودان تم استفتاء اهل الجنوب و ليس كل الشعب السوداني. هذا ما سيحصل ايضاً في كردستان العراق و الصحراء الغربية.
5624,لا تعليق وان كان هناك تعليق فانا هعلق هدومى على حبل الغسيل اللى فى البكونى علشان انشف الهدوم من المطر
5628,نيالووو طلعلو غرفة 5 نجوم ووجبات ملكية وتلفاز وكمبيوووتر
5634,يعني لو الاحتلال الصهيوني وفر فرص عمل وامن وامان للفلسطينيين ستتوقف الانتفاضة؟؟ هذا هو المهم؟؟
5651,كلب الحراسة يموت .
5660,قال عليه الصلاة والسلام وجعل رزقي تحت ظل سيفي
5675,الى الاخوة المدققين...وقد قرأتم التعليق...طيب احذفوا منه الآن عبارة (اسالوا مرسي والقرضاوي ) فقد انتفت الحاجة لسؤالهما.وشكراً
5690,إنا أنزلناه قرآنا عربيا
5691,سيتبدد ويتقلص بقوة أبنائنا الأشاوس
5706,یه‌ک  ته‌ن هین بخۆ
5713,الحكم.. قال تعالى (فَمَنِ اعْتَدَى عَلَيْكُمْ فَاعْتَدُواْ عَلَيْهِ بِمِثْلِ مَا اعْتَدَى عَلَيْكُمْ. إذاً هم يحرقون الزبدني بلا شفقة، وأنتم احرقوا الفوعا وكفريا، ولا تأخذكم شفقة.
5717,"تابعونا على الهاشتاقات التالية على الفيسبوك:
‫#‏غزةـتردـالجميل‬
‫#‏تضامنامعتريكة‬
‫#‏تريكةخطاحمر‬"
5722,اللهم زد وبارك امين رب العالمين
5735,الله يستر...
5737,قريبا سنرى طائرات الدوله الاسلاميه تحلق في أجواء دوله الخلافه الاسلاميه وصقور الخلافه لا يهابون الموت ابدا.
5744,"غرف السائقين في البيوت مادخلها في ارسال الاموال

الغرفه متر في متر يارجل لو حيوان ماراح يقدر يعيش فيها 
اعوذ بالله"
5748,كان المفروض ذكر اسم المسئول في الحكومه العراقيه بعض اخباركم غير موثوق فيها خاصه اخبار فلسطين لنشر صورة مسجد قبه الصخرعلي انه المسجد الاقصى!
5765,أطرح عليك سؤالك وما هو أسمك لنعرف بأنك عراقي يا عراقي ضد الأعراب زائر  مستغرب أمام سؤال عجيب قل لي أسمك أقول لك جنسيتك هذا علم الغيب يا فيلسوف والله سؤال مضحك
5769,ما فوائد هذه الأغذية و غيرها في معالجة أعراض الشيخوخة عند المسنين مثلنا ، أطال الله أعماركم و شفاكم و عافاكم من كل سوء
5786,ياساحر العينين يا اكحلووو . عيناك لا احلا ولا اجملووو .. اعطيك حبي دائما وابدا واراك بطلتكا تبخلوووو ههههههه تحيه يا للقمر  (( رولا ابراهيم ))
5787,فلا تستمر بالعناد وما قاله الامريكيون فيكم وصحيح كيف ستتولون انتم سلاح نووى ولا توليتم حتى  شانكم
5789,أرى أن السعودية هي تقترب من الجميع .لكن سيكون من الأفضل إذا كان التقترب شعبها
5794,تلاىتلاا
5806,هذا الحساب وهذا الكلام من شخص مزور وينتحل الإسم الذي أكتب به التعليقات ، أرجو من إدارة الموقع أن تحذف تعليقه وتنشر تعليقي .
5807,بئس الأحرار.
5811,"یا دیاری الحبیب, لاتشتم اخوانک امام العرب افهم یا اخی"
5814,حيّاك الله وبياك وجعل الجنة مثواك واسعدك في دنياك واخراك
5816,تصادف أمس يوم الأحد 27 إحتفالات عيد القمر عند الصينيين حسب التقويم الصينى
5817,ياسلام على قلة العقل
5818,الجهل لية ناسة
5820,الله أكبر ستفرح السعودية والامارات!
5821,طيب  ماذا تسمون هاذا الان ؟؟؟؟؟
5823,اولا البارزاني ليس له صفة الرئيس لأن مدة رئاسته انتهت ورفضته غالبية الاحزاب وثانيا اي قرارات البارزاني تدعمه، قرار منع رئيس ونواب البرلمان الى قبة البرلمان ومدينة اربيل ام شيء اخر.
5826,ارجو من القائد الكردي محمد حاجي قادر ان يذكر معلومات عن المقبوض عليهم من(تنظيم الدولة)ومتى ستتم محاكمتهم وهل بالامكان انزال فيديوات عنهم كما هم يفعلون ؟نحن بالانتظار لتوثيق الخبر.
5834,فلهو منزلك اما بقصور الحكام العرب هى ملك للشعب
5866,هل نعتبر هذا التعليق تصريح رسمي أو تحليل للموقف.
5868,النقاب الا بدعة ويقوله الاسلام
5871,رجاءا صحح كلامك ..بعض حكومات الخليج
5874,"جنــــــــــة الخدمات الحيوية ترخيص زر بنك المعلومات ٠
ويــــــــلكــــــــم ."
5875,"سبــــايس وورك  تعنــــــــي مجـــال عمـــــل .
                     لاقيمة لرباعية الدفع دون بطارية ."
5876,او ككهرباء بلا كهرباء.
5880,الإجابة لا.
5883,غاختبار
5886,لقد تم نشر هذا الخبر في سي ان ان من اجل تشجيع السياحة الى اسرائيل.
5888,"الهجرة إلى قطر لمن استطاع إليها سبيلا.

على كل طموح و راغب في التغير ، الإلتحاق بقطر في اسرع وقت ممكن.

الله يسر"
5890,"سوريا مباشر: 11 قتيلاً من جيش النظام إثر كمين لتنظيم الدولة "" على طريق دمشق تدمر في ريف حمص الشرقي."
5897,شكلك لا تقرا  الاخبار  احد اقارب المعتدى على العامل المصرى تم طعنه حتى الموت على ايدى عامل مصرى فى دبى
5898,اللهم اغرق فرعيين هدا العصر كما اغرقت فرعون و هامان و جنودهما بل قبل لا تمته الامدلولا مهينا هو و اتباعه
5902,هيفاء وهبي تستنكر.
5913,تنويه ...!!! التعليق الذي ارسلته من دقيقه  سبق الخبر معلش المباراة بتمز الواحد الرجاء وضعه عند نزول الخبر الصح....عذرا هذا التنويه ليس للنشر وشكرا..
5921,ايام و نشاهد الحقيقة الكاملة على احدى اصدارات الدولة الاسلامية - ولاية سيناء...
5937,اهو دة اللي كان ناقص...
5941,انشاء الله
5943,يا عباس لا نريد وقفا للتصعيد شعبك يريد الفردوس و انت تحرمه منها... ان كنت لست اهلا للمسؤولية اتركها نصيحتي لك قبل ان تسأل عنها يوم غد يوم لا ينفعك منصبك
5949,هل تم توظيفك بقناة الجزيرة
5953,"الأفضل أن تكون الجزر المتنازع عليها مع إيران تكون لصالح الجزيرة الكبيرة مملكة البحرين و بذلك يتم حل مشكلة التنازع بين إيران و الإمارات ..

محمد كمال الشاطري"
5984,معليش شعب عاطفي... بكلمتين بتغير رائيهم. انا موافق الرائي والقاتل جبان لأنه خان أصدقائه في فترة الغداء غدرا، وهذا الحكم على الظاهر كما قرأت الخبر وقد يكون كل شيء مفبرك.
5995,اذا كانت ابران تحتل سورية فماذا تسمى القوات الامريكية على ارض السعودية؟؟والتي دخلت الى العراق البلد العربي ودمرته وقتلت اكثر من 1.5 مليون عراقي
6004,سلام عليكم
6010,"اوافق راي سماحه المرشد الاعلى للاديان, بابا الفاتكان, رئيس الطائفه الكاثلوكيه المقدس, حامي روما,نصير الانسانيه,حارس الحريات,بعد موقف الوهابيه من الاباده الجماعيه في اليمن لطائفه الاحرار الحوثيه."
6013,سلم لي على بدو سيناء سيناء
6016,اعلام في اتجاه واحد
6020,اذا انفرد الذئب بالاغنام فعلى الحملان السلام؟
6026,هههههههههههاى ..... حلوة
6027,ليتكم تحذفون الكلمة الأخيرة من تعليق الأخ (البحريني) فهي لاتليق بموقع الجزيرة المحترم
6052,لأنه ما فيه حد مخلد كلنا سنموت ....ههههه و لكن ربما الموت يأتي بعد حين
6057,ليش زعلان من الميكروييف يا زلمة ما حدا جاب سيرته في الخبر تحشره انتا ليش هههههههههه
6058,بسم الله الذي لا يضر مع اسمه شيء و هو السميع العليم
6069,تحيا الامة العربية وعاشت العروبة والقومية
6071,اللذي اطلق عليها النار زوجه الاول
6073,"الموضوع انتهى بهدوء منذ ثلاث ايام ولم يسقط قتلى او حتى جرحى , من اين اتيتم بهذه الاخبار؟"
6076,برأيي الحكم كان مخفف كان يجب المده تكون اطول
6084,"نبحث عن العم محمد حاج بركل لاجئ سوري, من أجل مساعدته
://../"
6087,الامتناع عن اكل الخص يمنع الخصخصه  .
6091,تجنبوا الإعصار بقدر الأمان لكونه مدمر
6096,مبروك عليك المنصب ( با سليم الجبوري )!
6110,والان سيكون عمله في استكشاف طبقات الارض اكثر دقة
6112,... هههههه... وهل تبنت هذه التنظيمات الارهابية هذه العملية أم لا فيما بعد... انه مسلسل شكري بلعيد الليبي حسبما أرى... نقطة...
6113,حلوا مشاكلكم الداخليه ونزلوا خشومكم شوي. التكبر لله سبحانه وليس للبشر.
6114,نستنكر قتل المدنيين الأبرياء. أما الآية (ومن يقتل مؤمنا. .... ) فتحدد (مؤمنا) لا غير. والذي يطعن رسول الله بعرضه وشرفه ليس مؤمنا ولا مسلما فلا تطبق كلام الله عن المؤمنين وتلصقه بغير المسلمين
6122,ما هذا؟ وكيف هذا؟ ومتى هذا؟ ولما هذا؟ ماذا يحدث؟ ماذا نفعل؟ أين نذهب؟
6124,"اللهم نصرك الذي وعدتنا يا من لا يُخلَفُ وعدك ولا يُهزم جندك سبحانك وبحمدك لا إله إلا أنت.
اللهم من أراد الإسلام والمسلمين بسوء فأشغله بنفسه واجعل كيده في نحره واحبسه في بدنه يا قوي يا عزيز"
6125,"والله يا جزيرة أوقات بحس بطريقة عرض أخباركم عن داعش, كأنها بتكون رفع لمعنوياتهم,ما في و لا  وكالة أنباء عالمية أو عربية بثت هذا الخبر"
6126,لا افهم لماذا فقط قناة ألجزيره عندها هذي المصادر العسكرية ولا توجد في القنوات الاخرى ؟ ام انه لا يوجد مراسلين عندهم . الا هذي القناة يا قتيبة
6127,كقارئ= لم نفهم؟!اين الصواب.. ..
6132,مسجد الامام الحسين في حي العنود.
6135,للمعلومية   اسم المسجد هو مسجد اﻻمام الحسين وليس مسجد العنود!  العنود هو اسم الحي السكني في الدمام الذي يقع فيه المسجد.
6138,الذي احبط التفجير هو والد احد الشهداء وليس الجهات الأمنية أرجو منكم التصحيح
6142,بل مسجد شيعة في متطقة(العنود) شيعية!
6145,"أذكرك يا صاحب شرط الشيخين
أن أحد الشيخين و هو البخاري رحمه الله
قال(لا أبالي صليت خلف رافضي او يهودي او نصراني)
يعني كلهم سواء.
فلا يحل لكافر أن يقيم في البلد الحرام قط."
6146,"التفسير والمبرر الشرعي موجود في سورة التوبة الاية ""5"""
6150,من الصعب على السعودية ان تستعيد جزرها المحتلة تيران وصنافير او حتى تتطالب بها
6156,غضب السعودیة  من الایران لعدم قوتها ضد الحزب الصغیرة  فی الیمن بعد تسعة  اشهر
6189,يَا أَيُّهَا الَّذِينَ آمَنُوا إِن تَنصُرُوا اللَّـهَ يَنصُرْكُمْ وَيُثَبِّتْ أَقْدَامَكُمْ.اللهم احفظ دولة الإسلام و انصرهم على المرتدين و الصليبين. امين
6199,"اللهم لا شماته..
أفضى الى ما قدم من ظلم وقتل وتعذيب واغتصاب وانتهاك اعراض وحرمات المسلمين..
اللهم عجل بأخذ جميع الظالمين.."
6201,عندما يتحقق العدل الالهي سينعم الجميع بالأمن .
6232,بفتح اللام في عنوان التساؤل، رجاءا.
6241,للقضاء على الأرهاب يجب أولا تجفيف مصادر تمويلة مع الملاحقة الأمنية و هذا ما تفعلة مصر  الآن مع أكبر الجماعات الأرهابية بالمنطقة و هى ما كان يسمى بالماضى جماعة الأخوان ..
6259,لو يقذفون قرون الدولة لن تتزعزع شبر ،من نصره الله لا غالب له باقية وتتمدد
6280,على السعودية دعم ثوار العراق وسوريا بكل الوسائل والا فسوف يجتاح قوم ياجوج وماجوج واعوانهم القادمين من الشرق المنطقة باكملها.
6281,الله يحفظ الدكتور الرئيس بشار الاسد و يطيل بعمره
6297,ليلة أمس حوالي الساعة االعاشرة مرت من الحارة المجاورة مسيرة إخوانية رددت الشعارات المألوفة لهم.وبسبب ضيق الحارة والظلام لم أتمكن من تحديد العدد.  عشرة ولا خمستاشر
6298,وليس الا ذلك فجنوب اوروبا التى يطل عليه المغرب والجزائر وتونس يعانى من ازمة ولم تدخل من بعد ايران لسوق النفط لتكمل الازمة
6310,مليت وانا اكلمكم ولاا تنشرو كلامي باي
6314,أي لااااااا؟!!
6322,أيها البابا العظيم ، أنتا انسان رائع
6325,من اين هذه الاخبار ايته الجزيره وماهي المصادر نعلم ان الرمادي ولفاوجه بيد داعش هل هي اخبار من داعش ام ماذا يجب تدقيق الخبر
6327,"يا أخي في الوطن  نحن أغلبنا سنة, و قطار الموت الصفوي لن يتوقع عندنا. يجب أن نعرف حجم المؤامرة."
6333,اسرائيل بقعة من الضوء وسط مستنقع من الضلام!
6335,"مصطلحات الجزيرة .. في ليبيا ""فجر ليبيا"" مقابل ""قوات حفتر"" .. في سوريا ..""الثوار"" مقابل ""الشبيحة"" .. في اليمن ""المقاومة الشعبية"" مقابل "" ميليشيات الحوثيين"" . الجزيرة اختارت معسكرها."
6347,"أقول لأحبابي من جبهة النصرة:""ولا تنازعوا فتفشلوا وتذهب ريحكم "" انظروا إلى المعارضة التي تستعين بغير الله. تعاونوا مع اخوانكم. إنه ليس من العيب أن يعترف المرء بخطئه."
6350,هاذا من فضل ربي ....الحمد لله
6353,بسم الله الرحمن الرحيم... اسال لو نظرت الى الصورة اسفل الخبر تجد مجاميع من الشباب يقذفون الحجار واى رصاصة ستطلق سوف تصيب احدا فليس هناك خرم ابرة فاضي فهل هذا شهادة او القاء نفس الى التهلكة؟؟؟!!!
6371,قال تعالي:ألا ان جند الله هم الغالبون صدق الله العظيم. باقية وتتمدد بثبات وعز.
6374,بدو بتطبيق قوانين في اوروبا. نعم اللاجئين.عد من حية أتيتم. طلبتم بخروج بشار ف خرجتم أنتم . أنتم لستم لاجئين بل مهاجرين غير شرعيين.
6383,فحكم وجيش الجزائر وسورية هو حكم وجيش فرنسا
6386,بارك الله فيك يا أخ حسين وحياالله أصلك .
6394,هذه الغارات حصدت أرواح المدنيين العزل اللذين لا حول لهم ولا قوه.. الأخ عبد المؤمن شجاع الدين وزوجته وابنه استشهدوا جراء القصف اللذي استهدف فج عطان..
6396,اللهم لك الحمد
6397,ارجو ان تزيل الجزيرة كلمة اسرائيل من على الخارطة وان تضع كلمة فلسطين
6398,فلسطين وليس اسرائيل..حسبنا الله ونعم الوكيل
6400,كارما
6412,ارجوا ادراج احمد الكحلاني وعلي الكحلاني في المسودة
6414,دولتنا منصوره....باقيه وتمتد
6421,اللهم شد أزرنا وأمدنا بمدد من عند وآونا وكفنا ورزقنا وثبتنا (... ربنا أفرغ علينا صبرا وثبت أقدامنا ونصرنا على القوم الكافرين** ٢٥٠) اللهم آتنا نصرك الذي وعدتنا قولوا معي آمين.
6429,على الاخرين من الدول الاخرى ان يهتموا بشعوبهم واجراء انتخابات تحافظ على المؤسسات والاموال المهدورة في الشر
6430,رحم الله الفيصل و رحمة الله على الدبلوماسية السعودية.
6432,و مصر تدعم الشعب السورى فى حريته المطلقة فى اختيار من يحكمه حتى لو كان معاكس لرغبة الوهابيين
6435,تسلم إيدك ياأستاذ حسام..يارب الأشقاء يعرفوا إن مشاعرنا إتغيرت ناحيتهم بعدما بدأوا هم ..وليس نحن من بدأ
6442,والله سينتصرون يا رينزي بس لا تستعجل فالحرب سجال كما قال قيصر الروم وسيدخلون روما والله ثم والله .
6445,الخلافة الاسلامية وعد الله وإنها قادمة على منهاج نبوة رسول الله،الخلافة تم إعلانها و أصبح لها خليفة وعملة خاصة وجيش يهز جيوش العملاء والكافرين
6447,العنوان تحريضي من الطراز الاول
6448,"اللهم انصر جندك وارنا في اعدائك عجائب قدرتك
اللهم امين"
6457,باقية وتتمدد بأذن الله سبحانه وتعالى. وانا ابايع أبو بكر البغدادي الحسيني الهاشمي القرشي خليفةً وأميراً للمسلمين والمؤمنين
6463,"أحلم حتى تصحو على.... إن صحوت, و إن لم تكنسك المكنسة أو يجرفك النهر إلى مكب."
6466,وما مستواك العلمي انت فمن شيم واخلاق الرجال والادب حفظ السان فسوفى تحاسب يا شيخ عند موتك ودفنك في باطن الارض الاينفعك النظام الذي تدافع عنه مقابل المال اتقي الله في كلامك .
6471,"الله يفتح عليك أبا همام, أترجو الخير من ميت انقضى عمله و أمله, كيف يستقيم حب الملك العضوض مع أمل الخلافة على منهاج النبوة!!!!!"
6474,سنرى يا كاميرون
6492,بسم الله الرحمن الرحيم... زعم الفرذدق ان سيقتل مربعا::: فابشر بطول سلامة يامربع
6498,"الخلافة الاسلامية هي الحل الوحيد لهؤلاء الفقراء المساكين 
الله ينصر ابو بكر البغدادي وجنوده كي يصلوا لهؤلاء الفقراء"
6511,ان شاءالله فتوحات الدوله الاسلاميه تشمل اسيا الوسطى عن قريب فخيره المجاهدين من أسيا الوسطى.
6513,القافله تسير وكمل كلامك الليلادي معاك أنا
6516,الحمدلله. االله معک ضدالارهابیین یا اسد
6526,الله اكبر والعزه لله ابطال ابطال ابطال اللهم انصرهم اللهم انصر الدوله الاسلاميه
6543,عفوا من أنت ؟
6559,"""شرفتموني بها ثلاث مرات، وقد استجبت للنداء وقبلت التضحية رغم ظروفي الصحية الحالية التي أحمد الله عليها"" هاهاهاهاهاهاهااهههاهاهاه"
6562,حتى بعد الموت؟
6567,التنظيم في العراق يحارب الروافض والملالي والخليج يريد القضاء عليه تحتى مسمى الارهاب! ولكن لماذا تحالفوا للحرب على الحوثيين؟!
6576,رحمة الله عليهم اجمعين ربح البيع (الفاتحه)
6599,سبحان الله الجزيرة تنشر فقط لطرف. ولا تنشر للطرف الثاني . ساعات وفقط تعليق واحد على هذا العنوان
6605,لا انصحك بتناول الفول يوميا
6607,تراورى* ديديه *جابر *مصعب  *الباشا *الريح *على جعفر* تصحبكم السلامة
6620,"مظاهرات تندد بحكم العسكر والشهيد اللي قتل ١٢ مسلما
حرام عليكم اتقوا الله وخافوا عذابه"
6628,الجيش السوري والمقاومة اللبنانية يسيطران على كامل جرد الجبة في القلمون
6632,لا يا اخي بل هي صحيحه لان الباء مع المتروك لغويا.
6634,راية لا إله إلاّ الله محمد رسول الله تتوسط باقي الرايات وخلفها مباشرة توجد صورة لا يصح و لا يجوز أن يكون مكانها خلف الشهادتين مباشرة. فهل هذه صدفة ؟؟؟؟؟؟.
6649,قول ان شاء الله تنهار ايران وتريحنا من كل وجع هالراس وان شاء الله لا يتفقوا وتنهار ايران في العراق وسوريا واليمن ولبنان وفي طهران كمان قولوا آمين
6656,كما هـــو معروف: إ نـــهـــا بــــــــاقـــية وتتـمــدد بإذن الواحــــــد الأحـــــــــــد
6659,نعم حلفاء من الدرجة السابعة ، كما تفعل أمريكا مع باكستان
6660,"نرجو تصحيح اسم المشارك من شركة ايهورايزنز من محمود مسعود لإسمه الصحيح ""محمد بن مسعود""

مع الشكر الجزيل"
6661,"شكراً على تعديل اسم محمد بن مسعود. يبقى تعديله أيضاً في الكلمات المفتاحية حيث أن الاسم محمد وليس محمود.

وأيضا نود تعديل اسم الشركة من هورايزن الى ايهورايزنز.
ولكم منا جزيل الشكر"
6667,يرجى كتابة مواضيع كاملة و مفصلة عن تغذية الحامل ، بارك الله فيكم ووفقكم لكل خير
6668,يعني أن لا مانع لديك أن تلعب مع نادي الجمهورية الصحراوية العربية وتقع بين المغرب وموريتانيا.
6681,"سبحان الله
القرآن مع ترتيله بالألحان ( التغني او المقامات)"
6684,لا ياخي الكريم. مجاهدي الدولة الاسلامية لايذبحون المسلمين. انهم يذبحون الكفار والمرتدين.
6685,حياك يا وردة
6691,إرهاب تطرف تحديات أعباء لاجئين روسيا تحالف نظام تنظيم، حد فهم حاجه،إنت بتأول إيه،اديني جملة مفيده،  لاحول ولا قوة الا بالله السلوك كلها دخلت ببعض،عليه العوض
6693,مفيش حد يزغررررط للتصريحات الرنانة....
6696,التاريخ يعيد نفسه..شاهد ماذا قال السادات عن نظام الأسد منذ 35 عاما! والآن شاهد ماذا قاله ملك الأردن عبد الله الثاني عن نفس الموضوع وهوالإحتلال الروسي لسوريا فإنتبهوا ياعالم فأنتم اللاحقون.
6709,الحمدلله الذي بنعمته تتم الصالحات
6712,وكما انتم لن ستنسقون لوانتم بحكم الفلسطين وضرورى لا مفر منه
6725,بس نجيك نعلملك كيف الوسطية
6728,لبيك ايها الخليفة
6742,أسوشيتد برس :  عيوب كبيرة في منظومة أمن مطار شرم الشيخ المصري .
6752,1400 سنة ، واللبيب بالإشارة يفهم.
6753,اثبتت اﻻبحاث انه يوجد عﻻقة عكسية بين كورونا والمناطق الملتهبة
6756,و احييك و احيي الاب القائد سموا الشيخ حمد بن خليفة آل ثاني حفظه الله ورعاه و ادام عليه موفور الصحه و العافيه
6761,محاكم تفتيش جديده في أمريكا الشمالية !!!
6762,كل التعليقات المنشوره تعبر عن رأي ألجزيره.....الدليل معظم تعليقاتي لا تنشر...فالجزيره تختار ما يناسبها وتنشره
6767,الجزيرة لم ترصد القصف في اليمن .
6772,بأذن الله شهداء الدوله الاسلاميه مع الصحابه وأل البيت والصديقين وكلنا على طريق تحرير امتنا الاسلاميه نفدي الغالي والرخيص اهم شي ترجع دوله الخلافه الاسلاميه من جديد.
6775,"لو سمحتم انقلوا الأخبار السارة وفقط . 
أو خلوا الأخبار السارة في قسم والأخبار التي تقصف الجبهة بقسم آخر ."
6777,تلذرزر
6779,تالرن
6781,"بالطبع ,الا جعل الله على اعين شعوب المنطقةغشاوة"
6787,عقول تكنلوجيه
6788,من قال انها تعذيب هذه لوحة زيتية رسمت بيد رسام فلسطيني بارع يتبع فلان او فلان لا نعرف كلهم عندهم انامل رشيقة وكلهم من خريجين الجامعات العربية العريقة او الغربية اذا كانوا ميسوري الحال والاحوال
6789,"أنت تونسي و باش تفهم كلامي:
يعيش خويا سكر جلغتك  و برّا أرقد"
6790,أرجو من الإخوة في الجزيرة سحب التعاليق التي تحض على القتل
6791,الحمدلله. .. كانوا 83 فصيلة متناحرة و أصبحوا اليوم 79 . خبر عظيم.
6793,اذا اتبعت السعودية هذا النهج الذي سبقت اليه سلطنة عمان وهو نبذ التطرف الطائفي والتكفير لأمة لا إلا الله إلا الله محمدا رسول الله
6797,لماذا الامارات فقط؟. ماذا عن السعودية و البحرين و قطر؟.
6801,السعودية بحاجة ماسة لاتخاذ خطوة مماثلة قبل فوات الاوان.
6807,اعكسوا العنوان حتى يكون معناه سليما  ، فليست السكتة الدماغية من يؤدي الى طول ساعات العمل بل العكس ، ولتكتبوا   السكتة الدماغية ترتبط بطول ساعات العمل .
6809,قال أعز من قائل: ومن اعرض عن ذكري فأن له معيشة ضنكا. صدق الله العظيم
6811,يجب فرض العقوبات الدولية على تركيا
6830,اضحي للغرب بعد اتفاق نوويالمزعوم والزفة الاعلامية-وبعد مروور الفترة!/او اي تشغيل لشاغل مثلاً حسب توجهاتهم واستشراف النظرة!- المضي =والإتجاهين!
6833,الموضوع كله عن التدخين فلماذا خرجتم عن الموضوع؟ الحقد الاعمى هو الذي يدفع صاحبه للتطرف المقيت الذي معه لا يرى اي حسنة في المقابل. موتوا بغيضكم فالدولة الاسلامية بقوة الله وحده باقية وعالية الجناب.
6834,"الدولة الوحيدة التي يمنع فيها التدخين هي ""الدولة الاسلامية"" نصرها الله."
6862,في المكلا يقوم موزعوا القات في الاحياء باطلاق نار وقت الظهيره ليجتمع عليهم الناس بشترون القات ثم يتسللون عائدون لبيوتهم.فهذه مقاومه عدن وحضرموت في وجود القاعده.
6881,عيد سعيد ياعمو
6883,لاداعي للقلق ابدا فقط ابلغو أمير المؤمنين البغدادي وسوف يقوم بعمل اللازم
6884,فالصين تعش الابسرقةالتكنولوجياهذامعروف وبموساماتهاولامريكاوروسيا بالحرب العالميةالثانيةمن المانيا
6885,وكان عليه ان ينهزم وصناعةاستعمارية لوطئ الثورة الحقة والمشروعه والصاقها بهذا االتنظيم بالارهاب وصناعة الامريكان لابه شك وكماصنعت القاعدةومؤكد
6896,التقرير المرئي :  غزوة أبي عمار الفهداوي 02
6906,"يا اخي احترمو عقولنا شوي!! تركوا اهلهم وبلادهم كي يمارسو الجنس تحت الصواريخ !! كثير منهم اتى من اوروبا حيث يستطيع فعل ما يرغب دون عناء ..لا نقول سوى "" ان لعنة الله على الكاذبين"""
6910,أتق الله وتذكر أن هناك يوم حساب أن كنت مسلم فلن ينفعك بذلك لا يهودي ولا نصراني.
6915,يا الله يا ابن الحلال .... مشيها هالمرة بس.
6921,ان الذين جاءوا بِالإفْك عصبة منكم لا تحسبوه شراً لكم بل هو خير لكم صدق الله العظيم ؟ وما اصدق وأنور واصفى من هذا الاعلام .الذي تلقاه وحضنه النبي العربي واكبر معلم وقائد اعظم جامعة في كل العصور
6926,يا راجل!!!
6933,اعوذ بالله من الشيطان الرجيم ...
6943,ماشاء الله فوه اقليميه هائله.تستطيع فرض وجودها وقرارها في الشرق الاوسط مثل اسرائيل.
6950,انها محاولة فاشلة لاظهار بعض المسلحين على انهم مقاومة منسقة حيث ليس لهؤلاء قيادة ولا قاعدة شعبية في اليمن وان الجيش اليمني يبسط سيطرته على مناطق واسعة رغم قصف الطيران المدمر والظالم .
6956,ألم يتم الإعلان عن وقف الحرب! لماذا الهجوم مازال مستمراً؟
6957,فصف الطيرات يطال المدنيين والبنى التحتية وقد دمر الجسور.
6958,(بقرة النقد) هو مصطلح غريب لا نسمعه في العربية، من الافضل لو تم ترجمته الى (الدجاجة التي تبيض ذهباً) فهو مصطلح أكثر شيوعاً ومعروف في العربية. مع الشكر.
6967,الله اکبر و لله الحمد..الله اکبر کبیرا. و الحمدلله کثیرا و سبحان الله بکره و اصیلا..
6969,فحتىالغازالطبيعى سائل  وغاز
6972,الیمن یتحرک باتجاه عصر الظهور و لا مکان فیه للمرتزقة و الفاسدین.سینتصر هذا الشعب العریق فی نهایة المطاف مهما تکالب العدوان و ابواقه.
6974,هذه المعطيات القانونية تجبر الحكومة الألمانية على تسليمه ، تستطيع فقط أخذ ضمانات انه لن يتعرض للعقوبة القصوى اي الإعدام ، لهذا على المانيا التذرع بشئ ما كأعتقال خاطئ بسبب ما كتشابه الاسماء او نحوه .
6976,اللهم انصر من جاهد من اجل كلمة لا اله الا الله محمد رسول الله وزيد ياربي من عاداهم
6987,رينا ينصر جيش مصر على عدونا يارب العالمين امين امين امين يارب
6988,"طبعا كلكم ترددوا كلام خارج السياق لكن لا رد على المعلومات ""ناس بتضرب و تجري"" المرة دى اتقتلوا قبل ما يجروا..جثثهم تملئ الانترنت"
6994,ملاحظة : الابن يجلس في الخلف
7004,لدي سؤال فضولي :-) هل عنوان تعليقك اقتبسته من مقطع للتنظيم عند قبضه على احد الصحوات ؟
7021,يا لغز الوطن وحروفة
7028,فيه خطأ في الكابشن بتاع الصورة التالتة
7039,اللهم انصرك الذي وعدت  اللهم أحصي الحشد ومن ولاهم عددا و أقتلهم بددا ولا تغادر منهم أحدا
7042,هل تكفي الكمامات الورقية البسيطة لتنقية الهواء الداخل الى الانف ، يرجى الكتابة في هذا الموضوع ، بارك الله فيكم ووفقكم لكل خير
7062,من انت؟؟؟
7064,للتصحيح أكبر آكلات لحوم برية هي الدببة القطبية
7065,الجزيره تتحدث عن خسائر فادحه للنظام ولايران وقتل مدنيين بواسطة الروس ولم تذكر كلمه واحده او حرف واحد عن سقوط فردا واحدا من المعارضه  !!!!!!!!!!!!!!!!!!!!!!!!!!!!!!!!!
7071,ياريت كل المسلمين يكونو مثل تشودري هو مفخره الأمه الاسلاميه في أوربا والعقل المنير للجاليه الأسلاميه.
7072,حشرك الله مع من تحب. قل آمين!!
7080,يا انس وما فائدة كلامك وفلسفتك ان لم تفد البشرية؟ الحي ابقى من الميت والدنيا ابقى من الاخرة
7091,"السؤال الذي يطرح نفسه هنا
ها امريكا والغرب يصدق اللعيب النظام البحريني؟!"
7098,يا سودان معليش حكموك ناس الجيش انت ما بتستاهل الذل دا
7099,في خبر مقتل المطلوب السعودي :وقتل ضابط برتبة رقيب أول و هذه رتبة لصف ضابط أرجو  تصحيح الخبر
7100,اللهم تقبله شهيدا يارب العالمين
7101,يا ابناء الحرمين يامن تريدون التغيير الان جاء وقت التغيير الان وقت المطالبه وانتزاع الحقوق
7102,( أعظم الجهاد كلمة حق عند سلطان جائر )  يا ابناء الحرمين الان وقت التغيير الان وقت انتزاع الحقوق والله اكبر والعزه لله
7103,باقي بتتعود اكثر ان شاء الله
7112,"أيهما أرحم: الأنظمة القومجية العربية أم الاستعمار؟

هذا عنوان مقال لفيصل القاسم يستحق القراءة ."
7116,الأخ طالب. أعتقد أنك من عشيرة انبارية مدنية غير دليمية فما عهدنا أن يتكلم دليمي بالإسلام والمنطق. وإذا كنت دليمي فعسى أن تكون أنت بادئة خير
7119,عجبني تغيير عنوان الخبر من استمرار الاشتباكات الى مقتل 13 حوثيا
7121,هل اصبحت اليمن ولاية التابعة للسعوديين ؟
7124,كاوة محمد لاكلامه صحيح ولاكلامك شعب واعي وقيادة وطنية مخلصة للكورد وكوردستان
7125,شكراً وتحية لقولك الحق خصوصاً انك كما يبدو اخ كردي فقط اسمح لي انك لم تنتقد قادة كردستان العراق لعمالتهم لامريكا كعبيد وتنسيقهم مع رافضة بغداد لضرب اخوانهم السنة !تحياتي
7128,طيب بالنسبة لضحايا ميدان تقسيم وغيزى والضحايا الاكراد من الاطفال والنساء التى تقصفهم الطائرات التركية ومذابح الارمن ملهومش يوم عالمى. ياعم اردوغان خف علينا
7132,المستتركين و ما ادراك ما المستتركين!
7148,إذا كان النظام يقصف المدنيين كما يقولون بمجرد دخول المعارضة إلى الأحياء السكنية، فمن واجب المعارضة الابتعاد عنهم و عن مساكنهم حفاظاً عليهم، و على سلامتهم. لا يجب تعريضهم للخطر.
7150,وانا المنطقه ولاتوجد شفته اكثر من 30 سنه!
7154,الا اذا اراد الحوثيون تهلكتهم فحزب اللات وايران واتباعها سيجثثون من الارض العربية مثلهم مثل اليهود وواجب وحق وشرع ونحن شعوب
7165,سلمى الجمل ياذووق انتي منوره و كثر ما بالعمر :ضيق ..وتعب ، وإرهاق أنا مشتاق ..!
7172,المشروع الايراني يتطابق مع المشروع الغربي الصهيوني حيث أن ايران و اسرائيل و الغرب كلهم يريدوا تغيير العقيدة و الدين للايجاد اسلام بدون جهاد و تحت قيادة كاملة و شاملة و تامة لخامئني.
7174,"""وعددت يوسف في مقالها"" ههه"
7177,ومن لم يكن على عجالة من أمره فإنه سيعجل بالعودة حرصاً على حياته وخوفاً من نزول كارثة أخرى ما كانت على البال ولا الخاطر أهمل حساب حسابها القائمون على خدمة الحجيج، حج مبرور وذنب مغفور.
7186,غارات تقتل المدنيين وتدمر البنية التحتية فان دور تقوم به السعودية في المنطقة !!
7187,"متجوزة البنت ؟ :) ما شاء الله عليها, الله يرزقنا مثلها"
7188,"""ولا تحسبن الله غافلا عما يعمل الظالمون , إنما يؤخرهم ليوم تشخص فيه الأبصار , مهطعين مقنعي رؤوسهم لا يرتد إليهم طرفهم , وأفئدتهم هواء"" صدق الله العظيم."
7190,"في بلادنا...السروال الواسع أو ""الدشداشة"" نلبسها للطفل الصغير...كي لا تكون ملتصقة بالحفاظات تجنبا لاتساخها...لم أكن أعرف أن هناك أقوام يضعون عليهم حفاظات حتى وهم في سن البلوغ..."
7194,قد اخطأت عندما دعوت لهم بالرحمة، فالمنافق مطرود من رحمة الله، لكن صدقت بالحشد والفرد.
7199,"تره القناص هو واحد مو عشرة. واذا طلعت راسك, راسك يطشرة. واذا لبست درع فرح بروحك. واذا انت السبع ضمد جروحك"
7202,نطالب بحذف كلمة ابو جهل والتي اتهم بها ابو الحكم زورا وبهتانا
7204,من حسم المعركه؟ ماحد درى
7205,مروا من هنا
7207,لو كانت تسبب العمي لكان ابوهريرة الذي يتقول الاحاديث اعمي هو الاحر
7210,لوكان عنوان المقال بهذا العنوان لكان أحسن حكام المسلمين يدافعون عن بعضهم ويسوغون المبررات لفشلهم
7217,سبب التدافع وموت واصابة الالاف هو إغلاق البوابات فجأة امام الحجاج لمرور موكب الامير خالد ال سعود
7219,مصادر سعودية تأكد مقتل الآلاف سببه إغلاق البوابات امام الحجاج لمرور موكب الامير خالد الفيصل
7220,مصادر سعودية تأكد مقتل و إصابة آلاف الحجاج في التدافع سببه الاستهتار بأرواح الناس بإغلاق البوابات امام الحجاج لمرور موكب الامير خالد الفيصل
7224,كلام فاضي يقصدون فئة أ القريبة من الجمرات وهي منى القديمة ولا يوجد مخيم رفاهية يحرص عليها الناس لانها قريبة من الجمرات انا سعودي واعرفها جيدا
7230,نعم اخي سأجيبك على سؤالك مصير العراق كمصير سوريا ومصر وباقي دول الشرق الأوسط وشمال افريقيا وأسيا واجزاء من اوربا و أواسط افريقيا دوله اسلاميه واحده تحكمها دوله الخلافه الاسلاميه وشكرا لتفهمك.
7235,هذا الخبر العرب عارفين له من 60 سنة تقريباً.
7238,و حتى إذا دخلوا تم تطويقهم و التعامل معهم ،كيف مجموعات صغيرة تدخل و تسيطر؟ هذه مدينة كبيرة و قلة العدد تجعلهم محاصرين و سهل التعامل معهم فقط.
7239,الحمد لله شفاء للصدور و ذهاب غيظها.
7240,بل الأرض كلها لله و لعباده المؤمنين أما الكفرة فلا سلطان لهم
7242,"العمورى محمد يعلق قائلا: ( هو هو هو هو هو هو هووووووووووو !!!)
يقول الحق تبارك وتعالى: (قل موتوا بغيظكم)"
7243,هذه نتائج اخونة الثورة السورية، اكثر الفصائل المقاتلة قياداتها اخوانية فهذه هي النتيجة
7247,خبر جميل ... إلى الأمام ...
7253,"يقول الخبر ""ويشارك فيه رؤساء الأركان بالعديد من الدول العربية منها قطر وليبيا والأردن وفلسطين ومصر"" . هل هناك دول اخرى مشاركة ؟ من هي ؟ لماذا لم تُذكر ؟!"
7255,رؤساء أركان الغرب يبحثون في القاهرة آليات إنشاء قوة مشتركة...يمكن لمجرد نقطة أن تحدث فارق كبير في المعنى له وزنه...
7257,مبروك لك حجزت لك مكان مع اليهود والنصارى.
7258,ان شاء الله ،تحياتي
7259,تعازي لقناه الجزيره ودواعش النت والرفيق شارخ ،، خيرها بغيرها
7261,بينما يهتم العالم المتقدم بالحاضر و يُحسِّن فيه .. نغور في الماضي و نحسِّن فيه .. و هذا هو الفرق بيننا وبينهم ..
7263,"""للتعريف بالنبي""!!! لا حول و قوة الا بالله, يتاجرون حت بالنبي و المكانته العظيمة في قلوب المسلمين !
سؤال لماذا لم نسمع بها المشروع يوم كان البترول ب130دولار؟"
7264,"هناك خطأ
الحبيب صلى الله عليه و سلم لم يدفن بالبقيع بل في بيته مكان وفاته الذي هو الأن جزء من المسجد النبوي الشريف"
7267,ياليت لو اقيمت البنايات الحديثة بعيدا وبفيت مكة والمدينة فواحتين بآثار النبوة العطرة و اسال الاخ المنتج للمشروع ان يقيم لنا مثله في بروكسيل ليعرف الناس قدر نبيهم ومنقذهم من الضلال
7268,"يقول الشاعر الموريتاني ابن رازقة العلوي الشنقيطي
لأن فاتنا عين الحبيب فإنما
بآثاره الحسنى اكتفاء من استكفى"
7269,الله اكبر و الحمد لله الذي صدق وعده عبده : انا كفيناك المستهزئين. و أيضا : و رفع لك ذكرك
7271,سيتم التعريف برسول الله حينما يكون الحكم و السياسة و الاقتصاد على قال الله و قال الرسول.
7293,"أفضل تطبيق يوجد على أندرويد هو""صلاتي"" لمطورين سعوديين و كذلك تطبيق ""أتاندنس كييبر"" لتسجيل الحضور و الغياب للطلبة و الموظفين من إنتاج نفس الفريق أيضاً."
7311,{إِنَّ الَّذِينَ يُحَادُّونَ اللَّهَ وَرَسُولَهُ أُوْلَئِكَ فِي الأَذَلِّينَ }المجادلة20
7320,المراسلين تبع الجزيره كلهم من المناطق الشماليه نرجو من اخواننا في الجزيره النظرفي مراسليهم لان يغالطون في الاخبار ليه مافيه احد جنوبي خصوصا في المحافظات الجنوليه
7321,اى تغيير ؟؟فيجب الله ان يبدل قوم بغيرنا
7326,وهذا الذى بالصورة هو حركى
7333,اسمه دشتي وليس بشتي الرجاء عدم الأستهزاء وسخرية والألتزم بحدود الأدب ولياقة
7336,لقد كتبت لكم مراراعلى انه ليس من الممكن ان تكتبوا  اوغلو  لان اوغلو يعني ابن، يجب الافادة بشكل داووداوغلوا  لان اسمه احمد ولقبه داووداوغلو   يعني احمد ابن داوود.   والسلام عليكم ورحمة الله وبركاته
7351,"أحسنت أيها الواعظ ، و كما قيل لصلاح الدين الأيوبي: ""تقاتل الشيعة الرافضة و تترك الروم الصليبيين يحتلون القدس""؟ فأجاب: ""لا أقاتل الصليبيين و ظهري مكشوف للشيعة""..
فقضى على الدولة الفاطمية ثم فتح القدس.."
7374,انت صدك كردي بالامس كنت ضمن قوات الفرسان اللتي اسسها صدام البعثي وسماها الاكراد(الجاش) واليوم اصبحت داعش
7378,لم تنشري تعليقي يا جزيرة لماذا
7384,عفية عليك ايها البطل المجاهد المقدام و اذا عربت خربت فاحذروا! :)
7399,هنا ايضا عشرات
7402,لا نريد أن تشارك المرأة في الإنتخابات ﻷن الرسول صلى الله عليه وسلم نهانا من الإختلاط
7426,وادي الذئاب.
7431,"لا أستوعب لماذا يحمل معه جواز السفر...

هل يعتقد أنه سيكون جواز مروره إلي الجنة.. مثلا

وجود جوازات السفر هي الدليل القاطع على وجود مسرحية تدار لهدر دماء المسلمين

و لكنهم يمكرون و الله خير الماكرين"
7433,و لا تبكينا إلا ليث غاب شجاعا في الحروب التائراث دعوني في الحروب أمت عزيزا فموت العز خيرا من حياتي. ثئرا لإخواننا من أهل السنة.
7434,و هل من يدافع عن المستضعفين من أهل السنة شخص بدون استحياء. انا إرهابي و أعتز بدالك لأن الله سمانا ارهابين. ترهبون بهي عدو الله و عدوكم. و هذا فخرا لي
7441,متى نرى رسالة سلام من السعودية بدل رسائل التطرف والطائفية وتسليح المرتزقة وقصف الابرياء
7444,عنوان الفيلم في حد ذاته يستحق جائزة .
7448,يا ليت أمير الأردن تكلم عن اللاجئين السوريين القابعين في صحراء الأردن حيث تضربهم قوات الدرك بين الحين و الحين.
7474,"الامعان في قتل اليمنيين قبل مؤتمر جنيف لن يزيد الشعب اليمني الا صمودا"" و وحدة. ثأر الشعب و القبائل اليمنية من المعتدين قادم عاجلا"" او آجلا""."
7477,التماسيح هى الحيوان الوحيد  الذى بقى من عهد الديناصوات بالارض
7479,التبرعات التي جمعت كانت 100 الف ليس 100 مليون
7490,المجاهدين يبذلون مافي وسعهم لتطهير مصر يا اخواني لاتنسوهم بالدعاء
7500,أنا رأيى نستعين بالتجربة الرائدة لقطر فى تأميم المساجد بشكل تام لصالح السلطة
7501,"لاتأسفن على غدر الزمان 
لطالمارقصت على جثث الاسود كلاب 
لاتحسبن برقصها تعلو أسيادها تبقى 
الاسود أسودا والكلاب كلاب 
وتبقي الاسود مخيفه في اسرها 
حتى وان نبحت عليها الكلاب"
7502,قَالَ فِرْعَوْنُ مَا أُرِيكُمْ إِلَّا مَا أَرَى وَمَا أَهْدِيكُمْ إِلَّا سَبِيلَ الرَّشَادِ
7509,لا يجوز ان تكون مثل سياق الايه القرانيه
7511,اقتلوهم حيث ثقفتموهم،نصر الله الشعب الفلسطيني على المحتل الصهيوني
7514,شكرا على الموضوع المفيد جدا ، الله يسهل الانجاب لجميع المتزوجين و يرزقهم الذرية الصالحة ، أطال الله أعماركم و شفاكم و عافاكم من كل سوء و أسعد جميع أوقاتكم
7515,"سيحكم علي الرئيس المصري بالاعدام وسيبقي السيسي حاكما بالحديد والنار!
وكل من حكم عليه بالاعدام سينفذ في حقه هذا الحكم,الشعب المصري قالها بالفم المليان ,ان اعطيتني حريتي قتلتك وان سلبتها مني فروحي ملكك!"
7516,على جماعةالاخوان المسلمين دفن شعار سلميتنا أقوى من الرصاص والاستعداد للجهاد .الجهاد هو الوسيلةالوحيدة لردالحقوق ودفع المظالم ونصرةالدين وحياة العز .وسترون كيف يندحر جيالطغاة بأسرع مما تتصورون
7517,"حما الله مصر وشعبها وجيشها  الكارهون لمصر هم الإخوان  
 كلنا نكره الإخوان  والحمد لله أراحنا الله منهم ومن شرورهم  وقلوبهم السوداء  الإخوان يمثلون أنفسهم  شعب مصر يحب جيشه"
7532,{إِنْ تَمْسَسْكُمْ حَسَنَةٌ تَسُؤْهُمْ وَإِنْ تُصِبْكُمْ سَيِّئَةٌ يَفْرَحُوا بِهَا وَإِنْ تَصْبِرُوا وَتَتَّقُوا لَا يَضُرُّكُمْ كَيْدُهُمْ شَيْئًا إِنَّ الله بِمَا يَعْمَلُونَ مُحِيطٌ (120)}.
7540,السودانيين دايما مميزون...منتخب قطر غالبيته من السودان...المنتخب السعودي غالبية لاعبيه من اصول سودانية او تشادية....
7541,دائماً الى الامام ايها الشعب السوداني الموهوب المبدع الذي لو وجد القليل من الرعاية والامكانيات لكان استحوذ على كثير من البطولات .. رفعت راسنا يا ود ام درمان . وكل عام وانتم بخير
7542,احسنت اخي (الموحد) دعهم يتخبطون  في تقاريرهم ومراسليهم  فقد اكرمنا الله (بدولة العز )التي اجادت اللغة التي يفهمها العالم واهذرا يرددونها بكافة اللغات والحمد لله
7546,يعجبني في الاستاذ محمد البخيتي براعته الجدليه وابداعاته في تطوير الدياليكتيك الزيدي.انت تشرف الثقافه والسياسه ياابن البخيتي.
7557,أفلا ينظرون إلى البعير كيف خلق و الى الكنغر كيف جهل وإلى البكتيريا كيف جننت و ما يعلم خلقه إلا هو الذي علق بالسماء الدنيا
7560,ايه رأيك بقا ... مش اول مره
7562,وهل تتوقع ان ترى انت بنفسك وابنائك وأحفادك السلام والطمأنينة في ظل صراع مستمر عمره ١٥٠٠ سنة ؟
7564,ºهذه الآيةالكريمة يا أخي لا تُلغي ما جاء في المقال زكفى تلاعبًا بكلام الله.
7565,خمسين مجرةولو اننا نعرف المسافة بيننا ومجرة تتلف ومعرض لكل مخاطر الكون فلاهناك بيظة كالارض لتحمينا من الاشعات وخاصة الشمس
7573,قرار صائب لانه منظر غير حضاري
7578,الفروض الاسلاميه ٥ فروض . هل هما ذادوا من غير ما نعرف .
7586,أنا شخصياً لا أوافقها الموقف... صحيح لها الحق كون أنها مسلمة أن تشتغل ما تشاء، و لكن للزي المهني أولويات... كمثل طبيبة مسلمة تمتنع عن فحص قضيب رجل مصاب بداء التبول
7597,ماذا عن صحة المرأة أثناء الحمل ، يرجى كتابة مواضيع كاملة و مفصلة عن صحة المرأة أثناء الحمل ، و الكتابة عن صحة الاسرة أيضا ، بارك الله فيكم ووفقكم لكل خير
7602,"واامعتصماه اليوم ننادي واا أبو بكراه البغدادي واا دولة الإسلام واا دولة الخلافة ليس عندنا أحد يدافع عنا بعد الله جل جلاله 
غيركم يامجاهدين"
7604,لا يهم. اهم شيء ان طويل العمر سالم.
7606,سلمى الجمل جميله وجهها يفتح النفس وصوتها يرد الروح
7607,فين راحت رولا ابراهيم  اشتقت اشوفها اتمنى توصلون لها تحياتي واتمنى اشوفها قريب وانت تجودي فصيليني .
7610,سيد حركى بامتياز
7614,المهم لو تذكروا لنا  كوكتيل الارهابيين الذين يهاجمون درعا من كم جنسية هم ؟؟واين تقع غرفة عملياتهم ؟
7615,غرف العمليات في الاردن وتركيا ومقاتلين من 88جنسية وشحنات  من الاسلحة النوعية مشافي تل ابيب لاستقبال الجرحى الا زلتم مصرين على انها ثورة ينيمة ام هى ثورة الكوكتيل ؟؟؟
7622,رحم  الله المسلمين منهم
7626,كما معلوم وهناك تقرير لصحفي سوداني بأن هناك حاويات أدخلها وعبر بورتسودان تشادي تحمل مواد مسرطنة.
7630,حسي عليك الله خلينا من نسبة المشاركه دي ، بس شوف سلة الفواكه القدام ناس المعارضه، ديل قبل ما يستلموا الحكم بيضربوا في اللذي وطاب ، او بعد ما يستلموا يبحثوا عن حقي او حقك .
7635,"يحيا العدل .
وتحيا مصر"
7642,يُقال: تَنّصُّت بدل: تصنُّت. وشكرًا.
7643,نرجو تصحيح كلمة (تصنت) الموجودة في عنوان الخبر إلى (تنصت) ولا داعي لإظهار هذا التعليق، وشكراً لكم يا موقع الجزيرة على كل جهودكم الطيبة.
7647,"رويترز : مسئول أميركي يؤكد أن الطيران الروسي قصف مناطق شمال "" مدينة حمص "" ."
7661,الم تعلم السلطات الاماراتية عن التجربة المصرية المريرة في اليمن؟!، و لماذا لم يكن هناك جنود سعوديون من بين القتلى الاماراتيين؟!.
7667,المعتدين ينتقمون هوالحقيقة
7673,يا خوفي دعوة المظلوم قد أصابت الإمارات .
7674,يبدو أن غارات طيران الخليج دقيقة 100%، لأننا لا نسمع عن الضحايا المدنيين. قريباً يفتحون كورس للأمريكان ليعلموهم التصويب الدقيق.
7691,نرجو من الدولة رفع فيديوهات طحن الحشد الشيعى، ليس لعدم ثقتنا فى صحة الخبر ولاكن شفاءا للصدور.
7692,نتمنى الاستفادة من هذا الشاشات المتطورة في التوعية الصحية و الاجتماعية في الاماكن العامة كالمطارات و الجامعات و المدارس و محطات القطارات و الحدائق و مراكز التسوق ، بارك الله فيكم ووفقكم لكل خير
7701,نريد تعليق من فيصل القاسم وأحمد منصور أعداء الشيعة.
7708,نسأل الله ان يفرج عن اهلنا في كل مكان وان ينصر الدولة الاسلامية يارب
7709,صاحب العلم بعلمه يشققى ... و أخو المخدرات بمخدراته في شقاوة ينعم.
7720,اتمنى ان تقوم الشرطة بتدريب رياضي خاص من اجل التحرك السريع والقيام بواجبهم المطلوب..اعتقد ان الكلام معروف، والله الموفق.
7723,"الرياض لا تريد فهي في سكره النصر الجوي اللذي لم تتصوره, على بلد ضعيف خالي من ادنى سلاح مضاد ولايقدر على اسقاط طائره ورق.ولم يبق الا الشرف يسنده فهل تتوقع ان اليمني  بلا شرف؟!"
7727,كلّما تقدّم وعينا واستوعب عالم السر والخفاء كلما زدنا واكتسبنا وسائل وأدوات المناعة.. وكلما أزحنا الإله من أذهاننا كلما ولجنا أكثر في عالم التيه الذي نتخبط فيه!
7753,"منصورة منصورة , دولتنا منصوره , بعون الله منصورة ."
7755,"النصر للخلافة الإسلامية 
والعار على كل من يحارب الخلافة الإسلامية 
وخصوص من السنة العرب"
7760,شكراً ابو بكر،هكذا ربتنا المساجد بين الراكع والساجد.
7777,تا هدا اشبينو و بين شي كورة؟؟
7784,لماذا لا تنشر الجزيرة كل الآراء ؟  ما دامت في حدود المعايير المهنية ؟
7797,أعيش في ألمانيا حوالي العقدين،ما حصل لأحمد منصور هو ضربة وتجاوز للخطوط الحمر لأشياء،الأمر تعدى أحمد منصور،سيظهر ذلك إذا شاء الله،هذا غير جيد.
7804,"تم القبض عليه في ألمانيا لان العالم اصبح "" بلا حدود"" وبعد خروجه سيكون احمد منصور "" شاهد على العصر "" !!"
7812,رولا ابراهيم . منوره الشاشه .. شاشه لا رولا فيها ..جدول لا ماء فيه .. منوره والله تقبلي تحياتي واحترامي وتقديري استاذه رولا ابراهيم
7814,بعد التحية والسلام، الرجاء من إدارة التعليقات الموقرة حذف تعليقي في الأعلى بسبب حذفكم الكلمة الأساسية التي بني عليها التعليق والذي بدونها يصبح مشوهاً عديم الفائدة وخالي من المعنى والمضمون، مع الشكر.
7816,شكرا لالمانيا
7823,اعتقد ان المقال منشور في صفحة الاعلانات.
7829,"بحثت عن الخبر في موقع وكالة الأناضول فلم أجده، فهل لكم في إضافة رابط الخبر عند الوكالة؟

مع جزيل الشكر مقدما."
7831,الصياغه الصحيحه لعنوان الخبر هي : حكم بأعدام 5 من القتله الارهابيين في قضية كرداسه
7835,لاحول ولاقوة الا بالله الى متى يارب وكل هاذا الباطل يحدث على ارضك وتحت سماءك الم يحن غضبك بعد عجل يارب عجل
7836,العرب تمردوا على الله و بياعوا أمريكا على سمع و الطاعة . إنها ردة و أبو بكر الكرار لها إ نشا الله.
7842,طبيب أسنان ٠
7843,"الشيخ احمدالأسير تعرض للتعذيب من قبل مخابرات الجيش , ومعلومات مؤكدة تفيد بأن الشيخ أحمد اصيب بجروح وكسور بالغة"
7856,قال النبي محمد عليه الصلاة والسلام : إنما اهلك الذين من قبلكم انهم اذا سرق فيهم الشريف تركوه وإذا سرق فيهم الضعيف أقاموا عليه الحد وأيم الله ، لو ان فاطمة بنت محمد سرقت لقطعت يدها .
7860,"سلام ...
اود التطوع في الدفاع عن ارض الله المقدسة (المملكة السعودية)ويشرفني ان افديها بروحي الف مرة."
7869,من فضلكم دعونا نستطيع تنزيل هذي الكتب من الشبكة العنكبوتية لندرسة لاولادنا في بيتنا ريثما تصلونا وندرسه لهم في مدارسنا جزاكم الله كل خير واننا لكم لمنتظرون
7880,صدق الله(ما اغنى عني ماليه.هلك عني سلطانيه.خذوه فغلوه.)
7885,تحيا مصر و السيسى رئيس مصر .
7886,كان على مصر السيسي ان تكون جزء من الحل السلمي وليس جزء من العدوان
7889,سوريا للسوريين. من خولك التحدث باسمهم؟!!
7896,إستجداء لرفع اسعار النفط
7899,التهم 62 شطيرة
7905,السلام عليكم، ليس من الصحيح على الجزيرة بإن تقول قتل فى غزة واستشهد فى الضفة والعدوا واحد، على قنات الجزيرة التدقيق اكثر فى تلك الفوارق، تحياتى
7913,سيد صالح، سواء بقيت داخل بلادك أم غادرتها، أنت متهم بارتكاب جرائم ضد الإنسانية وسيتم اعتقالك وتقديمك للمحاكمة
7914,بالرغم من الماّخذ الكثيرة على علي عبدالله صالح الا اني اصدقه و لا اصدق تقارير الاعلام الخليجي .
7915,البطل علي عبدالله صالح يفضل مصير مبارك او صدام والقذافي على مصير بن علي وعيدي امين.
7926,قلناها بالامس ان المنطق يقول ان خبر الامس كان غير منطقي وبدون شرح اسباب عدم منطقيته
7938,سقوط مدينة صرين بيد القوات الكوردية وقطع طريف إمدادات داعش بين الرقة وحلب الا يستحق هذا الخبر يا جزيرة النشر! عجيب امركم!
7941,يقول المثل ( لايُسمع لقصيرٍ قول )
7943,بارك الله فيك يا دكتور وأطعمك لحم الديك
7954,هذا الخبر يذكرني تماما باتهام إيران في حادث منى في الحج.
7957,انا سارشح هذا الرجل  .
7960,حالة من القلق في قطر -حاليا- حيث أصبحت الدوحة مهددة بخسارة 60 مليار دولار قيمة تكاليف إنشاءات البنية التحتية لإنشاءات مونديال كأس العالم 2022 بعد أن هدد الاتحاد الدولي لكرة القدم بسحب البطولة منها.
7965,حقا ان الاعراب اشد كفرا و نفاقا . كلام الله لا ياتيه الباطل من بين يديه . نسال الله تعالى ان ينصر الظلوم على الظالم المتجبر و يرد كيده الى نحره .  امين يا رب العالمين
7967,و قطر؟؟؟  :)
7968,"يحتوي كل كوب من شراب الرمان (250مل) بحسب موقع شهية، على المعلومات الغذائية التالية:
السعرات الحرارية: 103
الدهون: 0
الدهون المشبعة: 0
الكوليسترول: 0
الكاربوهيدرات: 26
البروتينات: 0"
7969,"معلموات قيمة شكرا لك ,ولكن من الانصاف ذكر المصدر وهوا الويكي بيديا!"
7970,هناك خطأ إملائي في كلمة الزيتون
7977,الله يسهل الإنجاب لجميع المتزوجين ، و يرزقهم الذرية الصالحز أطال الله أعماركم و شفاكم من كل سوء و أسعد جميع أوقاتكم
7978,الله يسهل الإنجاب للمتزوجين ، و يرزقهم الذرية الصالحة ، و نتمنى منكم المزيد و المزيد من التوعية الصحية و الاجتماعية ، أطال الله أعماركم و شفاكم و عافاكم من كل سوء
7984,يجتبي إليها خيرته من عباده.
7994,لله در اسود الجزائر
8005,نسيت أن تذكر نفسك والإنقلابيين  في بداية مقولة الامام الشافعي رحمه الله
8010,"اصبحت تقارير الجزيره في صف التحالف كيف يكون قصف حوثي والقتلى حوثيين
متى يكف التحالف عن قصف وقتل الابرياء"
8023,"الحمد لله الذي نصر عبده واعز دينه , حلفاء الصهيونية و الامارات و السعودية يتلقون ضربات موجعة في سوريا و العراق و مصر و ليبيا و حت في اليمن."
8034,أن كان ألي في الصوره طفل أذا مولود أول مبارح..
8042,اناشد المانيا و فرنسا ودول الاتحاد الاوروبى الى ترحيل كل اللاجئين الى دول عربيه واسلاميه ليس فيها حروب  .
8044,وكتبنا عليهم فيها أن النفس بالنفس والعين بالعين والأنف بالأنف والأذن بالأذن والسن بالسن والجروح قصاص فمن تصدق به فهو كفارة له ومن لم يحكم بما أنزل الله فأولئك هم الظالمون
8046,هذه حرب فظفرنا بهم اليوم لامصطنعة
8051,وحروبه مع أمير المؤمنين معاوية وام المؤمنين عائشة سببت قتل مئة ألف من خيرة الصحابة فلا أظن أن حربه للخوارج تشفع
8053,زلزال قوي  بمدت خمس دقائق هزت مدينة بيشاور في الساعت ٢/٣٠بعدظهراليوم والناس خرجومن بيوتهم
8055,يرجاءتصحيح كلمة (يستعبد) في عنوان المقال الفروض تكون يستبعد مو يستعبد........
8061,1.2 مليون مسلم لو نحن المسلمين نتحد ونتعاون في الخير هل سوف يبقى فقير. لو كل واحد يدفع 1$. 1.2 مليون دولار في صلاة واحده.....
8062,العدد كبير و البركة قليلة!.
8073,"والله كلام من ذهب 
اضحكتني مع ان حال الأمة ابكى الحجر والسجر قبل الشجر والبشر !!!"
8080,لم تذكر الجزيرة ان فوز يلماز جاء بالاتفاق مع حزب الشعب الجمهوري اليميني القومي؟؟؟ اين التحليل ولماذا لم يتم توضيح اسباب الاتفاق بين الحزبين المتنافرين فكريا وسياسيا؟ ما الذي جمعهما؟
8082,ولآمرهن فليغيرن خلق الله.
8091,دعوها فانها مأمورة
8093,"التقرير المرئي:
مقبرةالأعادي.4"
8110,ربما المرة القادمة... سيسعى عباس لاطلاق سراح السجناء الفلسطيين  المختطفين لدى اسرائيل.
8112,تادب في الكلام ياولد
8113,هل هذه الصور من اليمن أو أفريقيا مع كامل إحترامي للأخوة الأفرقيين
8114,الخلافات طائفيه فى سوريا واليمن يامحترم  .
8115,هل هذا يعني سوف يتوقف اشقائنا في  الجزيرة عن استعمال كلمة، شيعي، وكلمة ، سني، في غالبية تعليقاتهم عن احداث المنطقة.
8120,ماشاء الله على الديمقراطية القطَرية!!!! مدرسة!!!!!!!!!!!!!!!!!
8128,ان الموز من فصيلة الفواكه وليس من فصيلة الورود.
8138,"""..حتى إذا اداركوا فيها جميعا قالت أخراهم لأولاهم ربنا هؤلاء أضلونا فآتهم عذابا ضعفا من النار قال لكل ضعف ولكن لا تعلمون.."" من سورة الاعراف، الاية 38."
8142,ليه مش جايبين الاخبار الحلوه من الصحف العالميه بخصوص القناه والسيسي وحديث مرشح الحزب الجمهوري الامريكى وكلامه الرائع عن السيسي ووصفه بالشجاع الحياديه ياجزيره
8146,هذا الخبر مفبرک و غیر صحیح. قوانین الدول الغربیة لاتسمح بهذا النوع من الدراسات اطلاقا! این المصدر؟! لا اعتقد لدیکم مصدرا!
8151,دكرتك ضعيفة جدا
8164,الهلاك الذي في ليبيا و اليمن و العراق و سوريا سببهم الوحيد هو دخول الدين في السياسه .
8167,"حكم غيابي بالاعدام شنقا"" على الشيخ يوسف القرضاوي."
8169,التعليقات كلها تعصبيه و عصبيه و عصيبه .
8171,مبروك ياسعوديه
8176,اللهم امين ليتم الدور عليكم يقينا وباشد
8179,المهنية تقتضي نشر كل التعليقات طالما أنها تتفق مع المعايير المهنية والأخلاقية، خاصة إذا كانت لشخص عايش التجربة ومازال، العدل يا محرري الجزيرة
8188,"""قَالُوا لَن نُّؤْثِرَكَ عَلَى مَا جَاءَنَا مِنَ الْبَيِّنَاتِ وَالَّذِي فَطَرَنَا فَاقْضِ مَا أَنتَ قَاضٍ إِنَّمَا تَقْضِي هَذِهِ الْحَيَاةَ الدُّنْيَا"""
8200,ندعو العلي العظيم أن يعين كلا الظالميْن أن يتناحرا، اللهم زدهما شراًّ لبعضهما بعضاً. قولوا آمين
8201,أشك في صدق هذا الخبر فجنود إيران لا يسقطون إلا على أيدي المقاتلين المسلمين والمسلمين فقط.
8204,سلامة حماد لم يكن جنرالاً سابقاً، وكل خدمته في وزارة الداخلية .. يرجى التصحيح
8212,(((سيهزم الجمع ويولون الدبر)))
8225,البخاري ومسلم وكافت المسانيد خرجت لهذه الأحاديث وصححها أهل العلم وأجمعوا على حرمت تلك التماثيل والأحاديث في الباب بلغت حد التواتر .
8234,"السعودية تقود الدول التابعة لها على إجبار شعب اليمن بالقوة على رئيس يوالي السعودية.
اليمن لا يمكن يقبل رئيس يرضى تدمير اليمن وقتل الشعب من أجل السلطه"
8237,قال تعالى  (ما كان لنبي أن يكون له أسرى حتى يثخن في الأرض تريدون عرض الدنيا والله يريد الآخرة والله عزيز حكيم). هل سمعت جبهة النصرة بهذه الآية؟! وهل تعرف جماعة النصرة تفسير هذه الآية؟!
8242,شهاب الدين......من أخيه
8245,جيش فيه أسود الإسلامية لا يهزم.
8249,ستكونون بخير حينما تكونوا 1 وليس 41
8254,روح رهز
8275,ضراط
8276,"هل تعلم ان هناك صفحات اخبار ية أخرى غير الجزيرة؟ فيها ستقراء من الحقائق ما لا يسرك ,,"
8277,اعتقد ستكون العشرة الاواخر من شهر رمضان المبارك محرقه لجيش السستاني و البيشمرقه و اسيادهم الامريكان و الصهاينه
8278,لا خوف عاصفة سلمان سوف تتجه لنجدة فلسطين وتحرير القدس!
8285,ما الذي يجري على شاشات الجزيرة فيما يتعلق بترويج للطوارئ في تونس؟
8286,(تحسبهم جميعاً وقلوبهم شتى ذلك بانهم قومٌ لا يعقلون)
8288,ياسيد أمين شبكة الجزيرة متخصصة في الأخبار السياسية والرياضية والتقنية وفي الشأن العربي والإسلامي والدولي ومالا تحبه غيرك يرغب به فليس كل الخلق يفكرون بعقلية واحدة
8303,"جواب، لان الاعراب اشد كفرا"" و نفاقا. اشد كفرا و نفاقا"""" من الكفار و المنافقين. هكذا كانوا و هكذا سيبقون الى ابد الآبدين."
8308,نقل خالد بحاح والجرحى من اعضاء حكومته الى الامارات على متن طائرة على وجه السرعة.
8310,لا أدري ماذا ستجني الإمارات بعد مقتل عشرات الجنود الاماراتيين في اليمن لدعم هادي وخسارة المليارات في سوريا للإطاحة بالاسد والإطاحة بمرسي
8311,حياهم الله أسود التوحيد قول وفعل وكل المسلمين معكم لانكم الرجال الذين صدقو على بركه الله وتحرير القدس انتم أهلا لها أعزهم الله بلسان يتحدث بكل لغات العالم فهم منصورين بأذن الله.
8315,ولكن ليس على حساب حماس بإطلاق صواريخ شبه أقلام من قطاع غزة لتسقط في الصحراء لكي ترد إسرائيل بعدها برد مزلزل بحُجت تم إطلاق قلم من قطاع غزة و سقط في منطقة خالية من السكان و النبات.
8317,ولانه يخدمه
8330,هذا الرجل له يد بتحرير سوريا و العراق...سيحاسب و يجازى على كل ما فعل من خير أو شر كباقي البشر.
8332,غريب أمرهم هل يتوقعون أمريكا أقوى من الموت أو لا يوجد أطباء في بلدان العرب لكي يتوفوا دائما خارج الوطن إذا حضرت الساعة لا تنفع أمريكا ولا الغرب
8333,وجاءت كل نفس معها سائق و شهيد . الموت إما راحة للرعية أو للرعي...و لن ينفع بعده مال ولا سلطان ولا جاه ولا بنين
8339,دول الخليج الفارسي من حصة ايران غير مأسوف عليها
8340,السودان بلد غني فتح ابوابه للخبرة السورية بكل المجالات و فيه الان ٨٠ الف سوري بالخرطوم و ام درمان
8353,لماذا علامة السؤال في العنوان؟ كيف هنا ليست في محل سؤال!!
8373,و هل هناك نفير أكبر من هذا الذي هم فيه !!
8374,هههههه أكثر من مضحك هو تعليقك الذي لا يوجد فيها جمله مفيده الله يرحم يونس شلبي قبل ان يموت بدقيقه قال جمله مفيده...نقطه...
8379,عجل يابه جاييكم انشاءالله هههههه
8381,ألحمدلله رب العالمين
8386,أعتقد أن هذا الحل لن يفيض لأن الغدة المسؤولة عن خصوبة الحيوانات المنوية موجودة في الرأس. وليس عن العضو التناسلي. وأرجو من المتخصصين تصحيح كلامي إذا فيه خطأ
8388,((إن الذين كفروا ينفقون أموالهم ليصدوا عن سبيل الله فسينفقونها ثم تكون عليهم حسرة ثم يغلبون والذين كفروا إلى جهنم يحشرون)). صدق الله العظيم
8389,السر أن الله يدافع عن أولئك الذين آمنوا وأنهم أاهموا عونا لربما استطاعوا به نزع الجبال
8390,وهذا يكون حتماً على حساب ألمانيا في حضنها الأوروبي. تصحيح بسيط بحذف تلك اللا التي وُضعت سهواً وخطأً في نهاية آخر تعليقٍ هنا
8391,"على الرئيس السابق ان يقدم مبادرته الى الله, فانه المرجع الوحيد في صعده."
8395,رجل من اقصى المدينة = الله درك
8397,وكان حقاً علينا نصر المؤمنين
8398,وبالصحيحة ؟؟لا   علماانه من الورق تصنع وتركب الصحيحة
8410,"أنتم تسمونها ""كوارث الطبيعة ""...ونحن نسميها جنود الله التي لا يعلمها إلا هو...ترقبوا المزيد..."
8413,الله اكبر
8414,لقد كررت هذه الجملة عدة مرات لمواضيع مختلفة عن الطائرة اليوم وامس فلماذا؟!؟؟،
8416,كلامك فيه من العنصرية ما يكفي ليهدم كل فكرة حق أردت ايصالها
8418,أرسلت رسالة من اربع ساعات ولم تنشرها الجزيرة نت،،،،بدأت أشك في صدق الجزيرة وانتقائها ماتريد
8427,اسمه الخليفة ابو بكر البغدادي امير المؤمنين في دولة الخلافه الاسلامية .
8434,ماذا
8436,ولكم في القصاص حياة يا أولي الألباب .. صدق الله العظيم.. من قتل يٌقتل ويد الارهاب حتما ستقتطع وما هؤلاء إلا ارهابيين قتلوا الأبرياء وروعوا الأمنين
8454,هذا ليس إرهاب و الحمد لله رب العالمين.
8458,مقال علمي رائع و مازاد من روعته هو أن كاتبه صحفي عربي اختصاصي بالمجال العلمي و الأهم من ذلك كله هو عدم اقحامه لله و بقية الكائنات الوهمية
8460,بعد التعبير عن خجلي نم اسمي ادعو الله ان يمكن الدوله الاسلاميه الانها الامل الوحيد للمسلمين
8464,ولماذا يامحمد لم يحكم مجلس الأمن ضد النظام الأسدي وترك الأمر للفيتو الروسي الصيني إلا إذا أمريكا والصهاينة يريدون بقاء الأسد
8469,ياصباح النور ياصباح الهناء ياصباح السعاده ياصباح الجمال ياسلمى الجمل .
8494,سبحان الله والحمد لله ولا اله الا الله والله اكبر.
8508,من السخف أن تصف الكورد باليهود. فقط لإنهم يحررون مدنهم! ولكن أُ بشرك أن الرقة هي في مرمى قوات حماية الشعب الآن!
8509,قرية؟؟؟ كان الأفضل أن اقول إنها إسم حارة مكونة من منزلين فقط!!! سكانها يتجاوزون ال 20 ألفا يا شاهد عيان!
8520,يصعب التمييز بينهما في العراق..فقد اختلطا في الظلام...ضرط الوزّان فضاع احتساب الوزن...اعيدوا العراق للمالكي فهو الوحيد الذي يعرف اين وكيف لاصها.
8523,مالقصد من التقرير ؟  داعش تريد اباده الشيعه وروسيا تضرب داعش التي تريد اباده الشيعه والسنه وكل من يعارضها  فماذا تتوقعون منها ؟ تستنكر ام تتأسف ام تشجب ؟  مالمغزى التقرير !!!!
8531,الانباري ... لم اقصد الشعب و إنما الحكومة لأَنِّي أنا عراقي سني
8534,الحمد يا محمد أولادي على طريق نيل الجنسية الألمانية،ولن يستطيع أولادك أن يهجروا أولادي بإسم العودة،الحمد لله.
8540,ذكرني بفلم عماره يعقوبيان
8548,الحماية التي حوله اماراتية!. أتوقع ان لا يخرج من اليمن سالماً.
8549,وماذا عن امتك الإسلامية ؟
8550,هو في أمة سنية؟؟؟   وش الي حصل للأمة الإسلامية؟؟
8551,ياريت تكملها وتقول مسلم شيعي حوثي ايراني .
8560,هههه والله مضحك ومبكي بنفس الوقت بمجرد أن نطالب بحقوقنا ونقرأ تعليقات عنصرية كهذه في حين إن الجزيرة لم تنشر تعليقاتي!
8564,لن تبقى في الحكم كي تسمح ولا تسمح
8570,وردني قبل قليل انه تم القاء القبض على الطيارين الذين سقطت طائرتهما وهما الان في قبضة  احد فصائل المعارضة (ليس الدولة)فنأمل التعامل معهما كاسرى حرب ونترك لحكمة المعارضة تقدير ذلك.
8571,الله يرحم الطيار البطل وينصر الجيش.
8578,اللهم اضرب الظالمين بالظالمين وأخرجنا من بينهم سالمين
8580,وبعد،رفعتم العلم وأديتم القسم،بعد رجوعكم إلى منازلكم ماهي نفسيتكم.
8599,لماذا لم ينشر تعليقي هل قلت شيء غلط نحن كعرب غير متعلمين على الانضباط واحترام الطابور
8600,من المؤمنين رجال صدقوا ماعاهدوا الله
8602,اللهم ارزقنا الخلافة يا كريم .
8603,دولة الخلافة دولة العز ستغير خريطة العالم
8608,الصحيح لغة أن تقولوا (يسك) وليس (يصك)
8610,تماماً كما أنا بعد البشر تحسب نفسها من البشر ...العين بالعين
8619,سئل احدهم عن انواع العرق ...فاجاب : عرق الجبين..وعرق المستكي...وعرق السوس ..والعرقجين( الطاقية)
8621,الكاتب اما يقصد اللاجئين الجدد او يقصدنى انا .
8637,لم نفهم شيئ مما تهذي به. من فهم هذا الهذيان يفهمنا.
8639,أرى أنه ينطبق عليهم قول رسول كسرى لسيدنا عمر ( حكمت ، فعدلت ، فأمنت ، فنمت ، يا عمر ) .
8647,"مبروك لهاذا الانجاز"" العظيم"""
8651,– تشهد مدينة سيلوان الواقعة في جنوب شرق تركيا حرب شوارع ضارية منذ ثمانية ايام من دون تغطية اعلامية واسعة، تتواجه فيها قوات الشرطة الخاصة مع المتمردين الاكراد للسيطرة على ثلاثة احياء.
8652,السعودية هي من الاسباب الرئيسية لهيمنة سي سي و الجيش على المصر! ما لكم كيف تحكمون؟
8655,نفس بطولات البيشمركةةةةةةةةة ههههههههههههههههههههههه.
8658,"بصراحة انا حيران ,لم افهم شيئا."
8662,سيبكم من الكلام دة ... في الاخر هتنجح الزيارة ونتمنى استثمار كبير زي اللي حصل في المانيا اتفقية انتاج كهرباء ب 9 مليار دولار ... انجاز كبير يحسب لمصر ... اللهم احفظ مصر شعبا وجيشا
8665,"تصحيح جنكيز أيتماتوف ليس روسيا, إنما هو قرغيزي من قرغيزستان. أما بالنسبة لكتابته فهو من أحب الكتاب علي قرأت له عددا من الروايات و هو ليس رائع بل أروع من رائع"
8669,"اسم منسوب إلى عَشْواء
طائشٌ ، مُتسرِّعٌ لا تَبَصُّر فيه ولا رَويَّة ، على غير هدًى ونور
اختيار عَشوائيّ : هذا هوالمصطلح يشاطر والعسيري مايحتاج اشيد فيه"
8672,من اعطاك الحق ان تتحدث باسم غيرك اولا...ثانيا من اقنعك ان ما تتحدث به صحيح؟على ما يبدو انك من متابعي العالم و المنار و الدنيا....سدد الله خطاكما يا سلمان و يا تميم
8677,نسأل الله ان يتقبلهم .
8686,هل انت متاكد ؟ فلن تعرف شهوة الملك اﻻ بعد تذوقها ولن تعرف حقيقة النفس وضعفها اﻻ بعد كهذا ملذة
8711,"كلامه صحيح فعلا 
القضية الفلسطينية لن يحررها سكاكين ، و ما يفعله الفلسطينيون ارهاب لا يقل عن ارهاب اسرائيل المضاد 
طعن مدنيين أبرياء مش هو حل القضية الفلسطينية ، و ده مش دفاع لا عن العرض ولا عن الأرض"
8722,وشيوخه محمد حسان وعلي جمعة وعمرو خالد ؟
8742,"أنا أنا طبيب وبوصف وكل الفلاسفه والجيوش والبتاع, طيب فين السماعه"
8749,الساده المحترمين /انتم ليه شغلين نفسكم بمصر .مصر وحشه فالافضل تنسوها وتشتغل بنفسكم .وتاكدو ان مصر اكبر انها تتشغل بكم.اتشغلوا بنفسكم
8750,أعلن ترشحه سنة ٢٠١٤ و ليس ٢٠١٣
8751,خير اجناد الارض منصوريين ان شاء الله يشهد عليهم حثث الارهابيين التى تملئ شمال سيناء
8753,حفظ الله مصرمن الخائنيين والإرهابيين والداعمين لهم والشريف هو من يحكم مصرالآن
8755,التاريخ الوارد في اول الخبر خطأ فالعام هة ٢٠١٤ وليس ٢٠١٣ فالانقلاب حدث في ٣ يوليو ٢٠١٣. برجاء التصحيح. 
8757,حفظ الله مصر من الخائنيين والإرهابيين والداعميين لهم يارب العالمين
8769,لاحظوا قال جل وعز إن أهون البيوت لبيت العنكبوت، ولم يقل إن أهون الخيوط لخيط العنكبوت. ففي بيت العنكبوت القوة والقوامة للأنثى وهي تلتهم الذكر وتجوفه بعد أن تفرغ منه.
8776,واليوم تمنع تحررنا عنها
8777,خيرها بغيرها وقافله الجهاد تسير.
8778,تولون لا تولوز
8779,أرجو تصحيح الخطأ. المدينة المقصودة هي تولون و ليس تولوز. تولوز ليست مدينة ساحلية أصلا.
8784,ما اهمية النوم للمرأة الحامل ، يرجى كتابة مواضيع كاملة و مفصلة لأهمية النوم الجيد للأطفال ايضا ، بارك الله فيكم ووفقكم لكل خير و شفاكم من كل سوء
8793,"قال النبي صلي الله عليه وسلم:""المكر والخديعة والخيانة في النار ."
8801,موجودة مثل الشس في رابعة النهار(بين السطور)اقرا البيان  بروح المسلم تجد بغيتك!
8808,أين تعليقاتي يا جزيرة
8812,كيف حصل هذا ؟ انا جلست مع عسكري ويقول السعوديه دخلت الاراضي اليمنيه و وضعت ارض محرمه بعرض عشره كم على طول الحدود .
8820,إسمع تفرح جرب تحزن
8821,ومسؤوله ايضا عن جرائم سولي.
8838,لقد أفرحتنا بالعيد .
8860,"أعجبني رد زعيم تيار المستقبل! فعلا قيادات السنة في العالم العربي سبب نكسة الأمة! وكأنه أحد قادة السنة في العراق..
أما حسن نصر فإنه بالطبع مضطر للعب على المكشوف."
8874,هو يدعى لتعميم التخريب الا ميليشيات مجندة من اعداء الله والمسلمين ما فعلت بشعوب فما هو فاعل بنا المستعم
8878,"قال تعالى ""الا ان حزب الله هم الغالبون"" صدق الله العظيم
نصرك الله يا شيخ نصرالله على اعدائك و على رأسهم قناة الجزيره الحاقده. واتحدى الجزيره ان تنشر هذا التعليق كاملا."
8899,لقد عاد الرئيس هادي الى عدن.
8904,تواصل الهجمات والهجمات المضادة مع اقتراب شهر رمضان الكريم يحزن الله في أرضه ويحزن رمضان الكريم .
8908,"حسبي الله ونعم الوكيل ، 
قَالَ نُوحٌ رَّبِّ لَا تَذَرْ عَلَى الْأَرْضِ مِنَ الْكَافِرِينَ دَيَّاراً (26) إِنَّكَ إِن تَذَرْهُمْ يُضِلُّوا عِبَادَكَ وَلَا يَلِدُوا إِلَّا فَاجِراً كَفَّاراً (27)"
8912,رولا ابراهيم افضل واجمل مذيعه ..اتمنى لك التوفيق والنجاح دائما ..تقبلي احترامي واعجابي وتقديري
8914,زيدوا من هذه التعزيزات فهي غنائم عباد الله بحول الله وقوته.
8926,"التطرف السني اصبح العدو رقم واحد لكل حكومات و شعوب العالم و ليس لحزب الله فقط، و هو السبب في عملية الاستبدال التي وعد بها الله في كتابه"" يستبدل قوما"" غيركم ثم لا يكونوا امثالكم""."
8928,اجمل مذيعه نشره جويه ربى خليل ..اتمنى اشوفها دائم وسلمولي عليها وبوسولي عينيها ههههههههههه اللهم اني صائم
8932,بالطبع
8933,أستغفر اللهم ربي وأتوب أليك فأنتي حسبي وأنتي مخلصني من الضيق الذي ألم بي فأعفوا عني وأرحمنى وتقبل مني صلاتي وأحسن وقوفي بين يديك
8937,الله يحفظه وتسلم ايده
8938,أحسن!!!
8939,حيّا الله النشمي، لم يحمل جينات الملك.
8941,الله اكبر الله اكبر الله الله اكبر ولله الحمد
8943,الله أكبر اللهم تقبله شهيدا عندك
8944,الله أكبر ولله الحمد تمددت إلى الأردن باقية و تمدد
8949,ألحل هو حدثهم بأللغه ألتي يفهمونها.
8953,الله اكبر . يتقدم الابطال يطلبون النزال ساده الارض  واسياد الارض يطلبون النزال الله اكبر والنصر لابطال الدوله الاسلاميه .
8955,لا أعتقد بأن هذا الخبر صادق..
8970,وانت سامي بتعليقك
8974,بكم الكيلو؟؟
8975,هل يفيد المشمش في علاج أعراض الشيخوخة ،  شكرا على الموضوع المفيد جدا ، و نتمنى المزيد و المزيد من التوعية الصحية و الاجتماعية ، أطال الله أعماركم و شفاكم و عافاكم من كل سوء و أسعد جميع أوقاتكم
8977,بالطبع هو افضل خيار لانهم لن يجدوا افضل الشيعة لقتال المسلمين بالنيابة عنهم.
8980,داعش تحط الرحال بعاصمة الأنوار باريس.
8993,نبارك للجزيرة و العربية .
8995,ماذا ربحت مصر من قطع العلاقات مع إيران 35 عام؟ لا يخشى الانفتاحَ إلا الضعيف، الذي لا يستطيع البقاء إلا بالانغلاق على نفسه، ولا يتصور بقاءه بغير الحجر العقلي والفكري والثقافي والحضاري
8999,انصح بتعويضهم بالاجئون الجدد من سوريا... وننصح اللجؤن السوريين بتحويل البوصلة الى اليابان لوجود 60 الف فرص هناك
9012,قريبا يصبح ان شاء الله من املاك المسلمين
9021,منصورين بإذن الله عز وجل. باقية وتتمدد
9022,الله اكبر والعزة لله  حيا الله اسود الانبار  لله دركم وعلى الله اجركم ...سنصلي صلاة  العيد  في بغداد ان شاء الله ....
9034,سلامي يالأمير ولا تزعل
9036,اين تعليقي ياجزيرة اعتقد انه من خلال المنطق كان الكلام ولا توجد به اي اساء وانما كان تعقيب على كلام امير دولة قطر بتأيده بموضوع التطرف
9039,معا لانتخاب أوردغان خليفة للمسلمين على كل بلاد المسلمين من إندونيسيا شرقا وحتى نيجيريا غربا ومن البوسنة وتتارستان شمالا وحتى مزمبيق جنوبا
9040,نهنئ تركيا ونهنئ حزب العدالة والتنمية ونهئ الرجل الحر أردوغان على هذا الفوز الكبير وهو فوز لكل الأحرار
9042,"الله أتم نعمتك علي باقي الدول العربية المسلمة 
وانصر المسلمين نصرا مبينا مظفرا انك انت العزيز المنتصر"
9045,اي حزب يتاجر بالدِّين طبيعي يحصل على غالبية أصوات العوام ولكنه لا يعكس التوجه الفكري ورأي غالبية النخب ولذلك يظل عرضة للتراجع ورغم دعم التنظيم الدولي للإخوان
9046,طبعا لاستكمال مسلسل تدمير سوريا الذي بدأوه هم وامريكا وغيرهم حسبنا الله ونعم الوكيل حسبي الله ونعم الوكيل
9059,"حجي انت ليش متساهل كثيرا ؟؟؟ ليش ما تطلب دولة ايضا, عجبي."
9062,ان الله لایدافع عن قتله المدنیین العزل انه لایدافع عن مختطفی الفتیات الله یبارک فی غزوه الفرنسیه المبارکه
9063,"سلاح الردع ... لو قامت فرنسا بقصف المسلمين في ارض الخلافة , لتم الرد السريع من اسود الخلافة ولن يكون مثل سابقه, وما قامت به فرنسا هوا امتصاص غضب الشارع فقط."
9065,الموعد دابق
9066,الحديث بدابق صحيح، ووطء ما ملكت اليمين صحيح وهو الزنا بعينه
9067,هذا لان الله معهم...
9069,صدقت(داعش مستمرويتمدد)اصدق عبارة قلتها ،والباقي !
9072,شكرا على المقال، لو ذكرتم اسم الاعلامي من فضلكم لقراءة المزيد من مقالاته لأنها تبدو مفهومة وملخصة ومبسطة للقارئ غير المتخصص في مجالات الفيزياء
9076,العطشان وتل سكيك بيد النظام ، وغدا يذوب التلج وبين المرج
9077,سؤال فضولي  هل يرقي البرلماني لاعداد له حداد وكم يوم حداد اذا كان الجواب بنعم
9083,ارجو التصحيح محمد عبو مدينة تاونات شمال المغرب
9090,بعد قرأتي لاجوبة هذا الصحفي ، اصبحت على يقين ان اسبانيا لم تحبسه لسنوات ظلم وتجني وانما لسبب اكيد
9091,تنظيم طالبان تنظيم ارهابي و الملا عمر زعيم تنظيم ارهابي و مطلوب القبض عليه. اليس كذلك؟.
9095,و ما يعلم جنود ربك إلا هو
9098,لا أحد تتجسس على مشجع كرة القدم
9104,ما هو
9106,تمام يا ريس ووحشتنا خطاباتك الدقيقه وغيرالمطوله والفصحى لك
9117,اللهم انصر دولة الخلافة الإسلامية العظمى  و جندها الغر الميامين، إنك يا قوي يا جبار على نصرها لقدير.
9129,"(اليمن ليس عمقا استراتيجيا للسعودية) .. هذه العبارة قالها ""علي أكبر ولايتي"" في لقاء له مع قناة الجزيرة ولم يقلها ""محمد جواد ظريف"" كما هو وارد في الخبر .. ربما لديكم خطأ مطبعي يحتاج لتعديل"
9136,نتمنى من الدول المتطورة ابتكار طرق و وسائل رخيصة لتحلية المياه المالحة ، لتستطيع البلاد الفقيرة توفير الماء العذب الصالح للشرب للعائلات الفقيرة ، بارك الله فيكم
9137,و 120000 اكاديمي يرفضون هذه الفكره .
9138,هذا الخبر کذب و صنع بید الصهاینة و الدواعش. ایران الوحیدة ضد الدواعش و الصهاینة.
9157,معك الا في قولك ان فلسطين لايمسها الا المطهرون لان هذا خاص بكلام الله ، القرآن الكريم  فلا تبالغ يا اخي . كلنا نحب اوطاننا ونحب فلسطين لكن المبالغة شيء اخر .
9161,لا طريق للقدس .. لان مؤسس المذهب واحد ؟!
9167,انشالله ترفع رايه التوحيد في ولايه النعمه‏(‏ البحرين‏)‏الاسلاميه قولو أمين.
9168,تواصل اعتدائها على شعب اليمن
9169,نفس موقف السعودية
9174,"يقول الله سبحانه و تعالى "" أجعلتم سقاية الحاج و عمارة المسجد الحرام كمن آمن بالله....لا يستوون""، و انتم تقولون العكس!، فهل نصدقكم ام نصدق كتاب الله؟!."
9176,والله اضحكتني كثيرا يا محمد الحصان.
9181,الحدث ان الامريكان تتطاولوا علي جلالة الملك وسط صحكات مشبوهمن الاردنيين الجالسين فما كان من البطل الا ان قام باللازم  حيو البطل وكثر الله من امثاله وكل من يدافع عن اسم جلالة الملك
9182,لحدث ان الامريكان تتطاولوا علي جلالة الملك وسط صحكات مشبوهمن الاردنيين الجالسين فما كان من البطل الا ان قام باللازم  حيو البطل وكثر الله من امثاله وكل من يدافع عن اسم جلالة الملك
9183,انّى للاسود ان تطوق وهي في غاباتها تتجولُ !ويل الفريسة اذا غدا ابصارها كالاحولُ!قسماً ستزول عروشهم من قدسىنا!فرجالنا حين الكريهة اهولُ!
9193,من انت؟ حيرتني بتقييمك فوضعت (ديسلاك) لغموض كلامك!
9197,عندي مثل هاي اللوحه للبيع ب 300 دولار فقط هههههه.
9198,ان الانسان ليطغى ان رآه استغنى.
9212,"حاشا اسم عمر 
اكرم الله اسم عمر"
9215,حكومه دستوريه في الرياض؟!!
9221,الرجاء إعداد تقرير على شاشتكم الكريمة عن محمود عباس و هل فعلا هو بهائي؟  و ما هو تاريخه؟
9223,انشروا الصور ؟! ألم تنشروا صور شهداء تونس .
9229,بااااااااااااااااااااااااااااقــــــــــــــــــية
9238,"رجل كبير السن,ولكن عقليته كطفل عمره ثلاث سنوات."
9239,حقيقية لا تستحق الرد ولكن كلام بسيط وحقيقي يكفي وهو .جاك الموت ياتارك الصلاة
9240,غيرت اسمك يا ام عمر؟ ليش؟
9242,ولماذا لم تقم بأي إجراءات قانونية ضدهم ؟!
9255,هولاند جه و جاب معه 2100 جندي سينيغالي .
9256,انت لا تدمر الیمن ما نرید منک العون!!!!!
9258,احم احم يرحم والديك خلينا ساكتين
9260,وما دخل فرنسا بالشأن العربي الخليجي ليحضر القمة الخليجية التشاورية؟؟
9261,شئ غريب والله يقنبلهم ويغيثهم.
9262,يعتدى ويدعى انه يغيث  لا حول ولا قوة الا بالله هذا التناقض يوجد الا عند المسلمين
9267,على الجزيره ان تختار عناوين تعبرعن متن الخبر
9269,"الف مبروك لابطال العراق شيعة وسنة ...مسيحيين وإسلام ...كرد وعرب وايزيديين ,,,"
9271,"تعليق رائع اخي  ابن الشارخ  لاكن بيني وبينك لم اعد افهمك في الاونة الاخيرة  هههههه او احدا ما "" يعلق باسمك "" الله اعلم  المهم  اعلم اخي اني احبك في الله ....تحياتي"
9273,جدي الله يرحمه كان يدوي بالكَي وفي هذي الايام أصبح اخر الطب هو الكي  . تحياتي لك أخي الفاضل إبن الشارخ . صهيل شمال المانيا .
9275,هذا نشرته بسرعة وعن تزويد امريكا بمعلومات عن الثوار بالقلمون عبر جيش لبنان لحزب ايران  لا
9276,وماذا نقول بعد الذي قيل ههههههه
9291,راجع عقيتك فاﻻسﻻم ﻻ نهاية له و الله لﻻنه بالغ ما بلغت الشمس :)
9292,الرجاء من كل تعليق هنا تجنب تجريح التونسيين او سب التوانسه رئيسا و كحومه و شعبا ...و الا تحب نقول لك خليك في بلدك احسن... و شكرا لقناه الجزيره على الخبر
9301,لا تسحق ولا مساحق ابقى تظلل تحت نجوم كندا افظل لك
9305,"الحمد الله مسيحي . فقط للتذكير  . وعباس بهائي , فقط للتذكير . واغلب الشعب الفلسطيني مسلم سني شافعي , فقط للتذكير ."
9306,الست الاماراتية تتحدث عن عش الزوجية الذي يجمعها والسيد الايراني
9307,طبعا كل العالم بيد الله ولكن ليس من الضروري أن يبقى زب ويتمدد فكل من عليها وما عليها فإن ويبقى وجه الباقي سبحانه وتعالى ذو الجلال والإكرام
9330,"اخي (الانباري)فلا نرى جواز إضافة الدعاء بـ "" رضي الله عنه ""، أو "" عليه السلام "" لاسم يزيد بن معاوية ، ففي ذلك تزكية لا يستحقها فيما يظهر لنا ، والله يتولى السرائر .
ملخص كلام العلماء والله اعلم"
9337,لبيك اللهم لبيك ان الحمد والنعمت لك والملك لا شريك لك
9342,"صحيفة سويسرية: وفاة ""بوتفليقة"" عن عمر يناهز 75 عاما"
9344,هذه باركة العيد.
9345,بكل قوة وتمكن واقتدار يهاجم ويتوسع ويتقدم نعم انه (جنود الدولة)انهم منصورون (وان جندنا لهم الغالبون)
9346,هذه دولتي فخري و أمنِيَّتي .
9352,فمن جعل للامة لا وزن لها هم هؤلاء العملاء المنصبين على حكم المسلمين
9357,الله سوريا بشار جيشنا المغوار
9358,حقوق التعبير عندهم راقية! تخيلوا لو صحيفة مصرية عرضت صورة السيسي بأنياب يشرب دماء الشعب؟ اترك لكم الوصف! او حتى عرض صور رؤساء عرب؟!
9360,"ثقافة غريبة , و لدة السيد المسيح مريم محجبة , و ديانة المانية هيه المسيحية اولا , فلماذا يرفضون الحجاب اذا دينهم كان مبني على الحجاب ؟"
9361,"لمن لا يعلم.. لقد ولدت أنجيلا ميركل في مدينة هامبورغ في شمال ألمانيا بتاريخ 17تموز 1954م ,كأول مولود للقسيس اللوثري هورست كاسنر."
9365,المثل الشعبي الحجازي يقول : اللي عندو قرش وِمْحيِّرو ، (أين محتار أين يصرفه) ، يشتري حمام ويطيّرو !!
9366,الدولة الاسلاميةباقية وتتمددبإذن الله و سوف يدخل أسود الدول الاسلامية أرض الجزئر و سوف ينضم إليهم الملاين الشباب، الخبر ما ترون لا ما تقرؤون.
9387,الله یعین الرییس بشار الاسد علی الموامرات المتواصله!ولکن ارید آن اوکد انه الحق دایما مع المظلوم!النصر انشالله لبشار الاسد و الشعب السوری!و لا عزاٱ للارهابیین
9391,صليتم العيد ام لازلتم صائمين؟؟؟ اخشى ان  يدوم صومكم الدهر كله..
9393,انا حزين ..تعليقاتي ماتظهر ؟
9395,يجب ايجاد الأحزاب في السعودية و فتح الحريات بخلاف المذيعات و مباريات كرة القدم، و ايجاد ممثلين للشعب في مجلس شورى حقيقي، و اعادة كتابة دستور السعودية حيث يكون الحكم شوري و ليس ملكي مطلق.
9396,خبر علي الجزيره قريبا: منظمه حقوق التهريب تهاجم مصر بعد الانقلاب!
9398,ليش ما يروحوا على قطر اقل ما فيها ببنوا ملاعب لكاس العالم او على السعوديه وفي السعوديه يادون الحج والعمرة من مره
9413,(ان الله يدافع عن الذين امنوا )فل يهزم من يدافع الله عنه؟
9417,""" وما يعلم جنود ربك إلا هو """
9419,"معدل الوفيات :7115/365=19,5"
9422,يحيى العدل وعاش الشعب المصري والقائد سيسي منقذ الأمة وصمام أمان مصر بلد ام الدنيا بلد الفن والجمال والشعر والفن والسباحة بلد مل المصرين بعض النظر عن الدين والمذهب
9440,ولكن تحت دستور وقانون امريكا فالرئيس لا لا له صلاحية مطلقة بامريكا والكونغرس مجلس الشعب هو من يحكم امريكا ولهذ ا هى قوة
9442,الدولة السعودية تعطيه  اخر.
9443,اتمنا ذالك لكل حام العالم، آمين يا الله...
9445,لن ينفعك محمد صلى الله عليه وسلم عند الاطرار ولكن لو قلتي يا الله كان تغير الحال
9448,لا تقل السعودية ولكن قل بلاد الحجاز ،،فأرض محمد ليست ملكا لأحد ...
9449,تنظيم الدوله يتمدد بالجزيره القطريه  وينكمش بسانا السوريه .
9452,حلب  ..السفيرة
9461,"ارجو تصحيح اسم المستخدم اسمي بالرسالة السابقة،
ابن الشارخ"
9465,وتلك هىالديموقراطية وحكم الشعب
9476,ياسلام انا احب الطبيعه الجبليه ان شاء الله يسيطر عليها المجاهدين في الدوله الاسلاميه اللهم انصرهم يارب العالمين
9479,الجزيرة طبعاً
9488,(وَلَا تَحْسَبَنَّ اللَّهَ غَافِلًا عَمَّا يَعْمَلُ الظَّالِمُونَ ۚ إِنَّمَا يُؤَخِّرُهُمْ لِيَوْمٍ تَشْخَصُ فِيهِ الْأَبْصَار)
9489,"ماذا يقول اصحاب الضاحية الجنوبية عن هاته المأسا؟؟؟؟
و الله العظيم شئء فضيع للغاية"
9490,"وما الله بغافل عما يعمل الظالمون .
وسيعلم الذين ظلموا اي منقلب سينقلبون .
الى الله المشتكى ، يارب يارب يارب اهلك طاغية الشام عاجلا غير اجل"
9493,"استروا عورات الناس أكثر يا جزيرة, أيضا للرجال حرمة مهما كانت المبررات الإعلامية و لا حول و لا قوة إلا بالله العلي العظيم"
9497,بارك الله بأسود الدوله الاسلاميه المباركه تحيه لكم من ولايه كردستان الاسلاميه.
9503,8 أشاوس قتلوا وأصابوا 500 واحد فعلا ثأر يشفي الغليل لله درهم .
9504,يعملوا على الوحده والتوحيد تحت رايه الله ةرسوله لاقامه حلافه راشده على نهج النبوه
9505,مسألة تحتاج إلى إعادة النظر فالزائر مفقود والعائد مولود
9506,ارواحنا في خطر
9507,ﻻ اريد ان القى حتفي
9508,تعددت الوسائل واعداد الصرعى مهولة
9510,الحجيج دوعست
9512,لسﻻمة اسنانك
9513,أسأل الله أن يتقبل من الحجيج حجهم ..
9523,أنا داخل قناة اخوانية و عليه متوقع ان 99% يصوتوا ضد كلامى لكن بما ان أعداد المصوتين ضدى كثيرة فهذا لان كلام حقيقى و يأتى على الجرح
9538,هذه هيا الطائرة لأسقطتها تركيا بطائرتان حربياتان وثلاث تحذرات
9565,محاولات و محاولات فاشلة لايهام الخليج انهم يعملون شيئ لكي لا ينقطع الدعم.لا تهم خسارة المعركة بقدر ما يهم انقطاع الدعم الخليجي.
9567,الحوتيون يحكمون اليمن من صنعاء، فالتحرير يبدأ من صنعاء ، أما ما يحدث في عدن والضالع وأبين ، الخ ، فهو تقسيم وليس تحرير.
9568,العميد محمد الشامي مدير الأمن  في محافظه اب والمعين من قبل الحوثيين فر من مبنى الأمن إلى جهة مجهولة مع وصول رجال المقاومة إلى مشارف المدينة.
9569,مقتل القياديين في جماعة الحوثيين حميد المكرمي وأخاه القيادي في حزب صالح (المؤتمر) حسن المكرمي ظهر اليوم، في منطقة الحزم بالجوف.
9570,هداهو التعليق الاخير لي بالجزيرة نت  //دمتم سالمين //
9572,دخول حاملة الطائرات الصينية (لياونينغ) إلى ميناء طرطوس
9575,على دول الخليج الفارسي التفاهم مع ايران بدلا من المنوشات
9596,وما ظلمناهم ولكن كانوا انفسهم يظلمون
9599,على القاعدة أن تنضم لتنظيم الدولة .
9604,حبيت نغنيلك أغنية من أغانى أم كلثوم ولكن نسيت الكلمات :(
9605,قوى إلاهية
9614,اظنها فلاتر صينيه
9615,بنحب السيسي لانه راجل وطنى وخطواته كلها ايجابيه داخليا
9631,"يا سيد خاميني الرسول (ص) قال "" آيَةُ الْمُنَافِقِ ثَلاثٌ : إِذَا حَدَّثَ كَذَبَ , وَإِذَا وَعَدَ أَخْلَفَ , وَإِذَا اؤْتُمِنَ خَانَ "" ."
9632,"الرسول (ص) قال 
"" آيَةُ الْمُنَافِقِ ثَلاثٌ إِذَا حَدَّثَ كَذَبَ ، وَإِذَا وَعَدَ أَخْلَفَ ، وَإِذَا اؤْتُمِنَ خَانَ """
9635,وقتل أيضا ثلاثة من جبهة النصرة في غارة روسية استهدفت سيارتهم ............ثلاثه فقط لاغير !!!!!!!!!!!!!!
9636,فيه ناس عايزه تفنى الشيعه وتقضى على العلويين فى ارض الشام  .
9638,وجود الإرهابيين بين المدنيين هو ما أطال الحرب، معروف و واضح جدآ أن وجود الإرهابيين لوحدهم مكشوفين معناه انتهاء الأزمة السورية.
9640,"""الآذان"" و ليس الأذان...للفائدة..."
9641,"قال تعالى (وَانتَصَرُوا مِن بَعْدِ مَا ظُلِمُوا وَسَيَعْلَمُ الَّذِينَ ظَلَمُوا أَيَّ مُنقَلَبٍ يَنقَلِبُونَ  ) سورة الشعراء
صدق الله العظيم ..."
9644,"المثل بيقول ""إقرأ المكتوب من عنوانه""... وهو كذلك كان كافي العنوان دون المقال"
9668,خليك باسبانيا
9673,"من أعجب ما رأيت!
الجزيرة نشرت : لماذا برأيك تفرض الدولةالإسلامية دورات شرعية على التجار؟

احد الردود : لان داعش تنظيم ارهابي لايمثل الاسلام !

باااقية"
9674,هههه. والله اضحكتني    هههه
9682,والله على راسي لمعانبه كلهم
9684,جنود الدوله الاسلاميه يغيبون اسبوع ويرجعون باااااااااااااك
9685,اللهم انهم جندك فانصرهم وكن معهم وايدهم بملائكة من عندك.يا حي يا قيوم.باقية باذن الله وتتمدد.اللهم احفظ دولة الخلافة.
9687,لم يكن صلاح الدين مخلصاً للعرب
9688,هههها و ماذا عن سمعة العرب..ول اصبحتم اضحوكة اضحوكة...
9701,"اليوم 22-06-2015 اذا اراد الله ان ابقى حياً, سأذكرك بتعليقك هذا إعتباراً من يوم 29-06-2015 ان شاء الله. الحمدلله على نعمة الاسلام والتوحيد."
9710,طبيب جراح ألوب الناس أداويها ترم برررم. أنا ربنا خلأنى بوصف حتى الفلاسفه والبتنجان حتى إسألوا الخيار
9723,ثوار الناطو يقصفون ليوث الدولة الإسلامية نيابتا عن ولي أمرهم الشيخ سركوزي.
9727,"تتكلم و كأن حماس ديه دولة عظمى تهتم مصر بأن يكون لها علاقة صحية معها كما تقول 
مصر لا تهتم بحماس ولا بأى كيان سياسى اخر فى غزة"
9729,ياسلام على استفتاءات الجزيره كلها صدق وامانه وراح تدخل التاريخ من اوسع ابوابه وهذا نتاج طبيعي لانو قناه الجزيره لاتمثل الا السنه اما الشيعه فهم يشاهدون قناه العالم او المنار
9732,"نعم .... ""و اذا خاطبهم الجاهلون قالوا سلاما""!"
9738,هل انتهى السور حول كربلاء ؟!
9741,واضح من اعداد قتلاهم المتزايد (خاصه القياديين) اللهم زدهم خزي ورد كيدهم في نحورهم
9758,سيستان وبلوشستان اسم لمحافظةشرقی ایران و لیس محافظتین
9760,"الرجاء التصحيح.. مدينة سلا
شاله مدينة اثرية تقع في اطراف الرباط"
9767,فهل لنا موعد مع أنور ابو زيد قريباً في تونس ؟
9768,سوف يكون له نفس المصير و الكورة سوف تواصل الدوران و لن ترجع 1400  سنة الي الوراء...
9783,ويل لمن شارك وساهم بقتل نفس مسلمة وفي الشهر الفضيل
9794,من الخوارج ؟!
9801,قارب ايراني في سد مأرب؟!!
9821,وما فائدة الزواج بعد ان تعطلت اجهزة التكاثر لديهما وتحبل الجلد
9822,معظم التعليقات على دار العجزة .. لكن كل أسرة لها ظروفها
9826,للتصحيح نحن نطلق هنا في السعوديه على الرحلة صباح يوم التاسع من منى الى عرفات التصعيد وليس النفره. النفره هي بعد غروب شمس اليوم التاسع وتكون من عرفات الى مزدلفه
9828,عرفة التاسع وليس العاشر
9833,88 سنة...
9834,( لو ان فاطمة بنت محمد سرقت لقطع محمد يدها ) هذا حديث رسول الله محمد بن  عبد الله عليه الصلاة والسلام  .
9837,الحقيقة أن الصحفي أحمذ منصور أعتقل بطلب من و.م.أ وذلك بسبب لقاء أجراه مع أمير جبهة النصرة
9842,كلنا احمد منصور..
9844,ملف منصور امام المدعي الالماني وليس المفتي فلماذا كل هذه المخاوف
9859,ارجو حذف هذا التعليق
9864,"الفخار يكسر بعضه البعض,"
9867,فعلا انت سرسري محترم اللهم احفظ قوات البشمركة الأبطال
9870,عظيم
9874,الله يستر ان شالل
9876,ياناس اسمي ليس احلام ،احلام منافي لموضوع التعليق.
9879,"تبلع العافيه وتسكت , لان من عوفي فليحمد الله."
9882,آمین یارب العالمین
9885,كلام فيه كثير من الحقد والكراهية. في هذه السن الإنسان يتسم بالحكمة والتعقل.
9896,أعتقد  مرحلة لا أهداف هو أكثر معقولية.مرحلة اليأس .
9899,كن اول من يبعث اولاده و اولاد الامراء الى الحرب، حينها سوف يصدق الشعب العربي انكم اصحاب قضية!
9908,اسلميين
9910,اناشد الساده فى قناة الجزيره ان يلعبو دورا اكثر ايجابيه فى استقرار مصر. فاستقرار مصر من استقرار العرب جميعا ومصر القويه هى قوة للعرب.
9916,لو سمحتم بدي اسأل هل قدم الاسد شقق مؤيديه للروس مع خدمة شقق او بدون. بالسوري بصانعة او بدون صانعة
9917,اول كليه طب بأستاذه مصريون
9925,إلى بين داعش والنصرة : هذا الشيخ الظواهري قال : لو كنت هناك لعملت مع تنظيم الدولة !
9928,اسمها جيزان وليس جازان وسكانها من أصول قبائل همدان وكندة اليمنتين
9932,"انتم زعلانين من عنصرية بريطانيا. طيب وعنصرية السعودية والإمارات والكويت. شو بتسموها. ..حلال.
اخواتي انضربوا في مول في السعودية علشان شكلهم شامي.وين الإسلام وين العدل؟؟؟"
9935,"نحن المسلمين؟ وما يدريني انك من ""نحن المسلمين""؟"
9947,"أفادت انباء عن مقتل العميد الركن في الفرقة الذهبية عبد الحسين العبادي في معركة اليوم الثلاثاء في الرمادي.

وتشهد المدينة الان، عاصفة ترابية منعت الرؤيا حتى 5 متر."
9949,اذا انتم رجال انزلو على الارض
9950,الحمد لله الذي عفانا مما ابتلاك به يا عموري
9956,شسس
9957,حبيبك/حبيبك/حبيبك
9958,اللة اكبر اللة اكبر اللة اكبر
9961,لماذا لم يسبح البلد مسلم مثل البحرين او قطر او الامارات
9963,كل القصة ممكن أن تكون من الخيال إلا الرشوة فهي حقيقية 100%
9971,ييييييييييييييييييييييييييييييييييييييييي
9980,واضح من الصور خيبة الامل الكبيرة في وجوه الوفد الخليجي.
9994,عيب الكلام دا حتى بالمزاح ،ناس بتموت وناس مش بتتعض ،تبقى مشكلتنا كبيرة لما تبقى في الدوق ،نستغفر الله لي ولكم
9995,القناه المحترمه تنقل اخبار موثوقه واكيده. انا شفت الفديو ولا شف البصمه . وممكن اي شخص يتصور بجانب قتيل قتل رمي بالرصاص واقول هذا مطعون في بطنه بسكين . وقناه الجزيره تنشر الخبر ؟
9996,إذا كان الإخوان لا يريدون حمل السلاح .. لماذا لا يحولون شعارهم من عودة الشرعية إلي عودة الديمقراطية !
9999,غير صحيح اطلاقا روسيا لم تعتذر سابقا ولم تعتذر الان لهذا الادعاء الحديث ولن تعتذر في المستقبل. حتى الاعتذار لن تطاله تركيا.
10007,ما هي نتيجة مباراة فرنسا وألمانيا ؟؟
10012,140 قتيلا بهجمات بباريس وإعلان الطوارئ بفرنسا
10021,الحمد الله
10028,(فترى الذين في قلوبهم مرض يسارعون فيهم يقولون نخشى أن تصيبنا دائرة)
10029,""" وما أرسلناك الا رحمة للعالمين"""
10032,اذا كانوا مثلك فهم كذلك....
10033,عذرا سيدي هذا لم يكن الا تنويه لتصحيح املائي فقط وليس للنشر ..ارجو المعذره
10039,"""حرق خمس حافلات نقل عام في محافظة الإسماعيلية غربي القاهرة""
تصحيح - الاسماعيلية تقع شرق القاهرة"
10040,ولا تعديل لحملة الوثائق الفلسطينية للحصول على تاشيرة عمل للاسف
10042,يعني مازال امكانية اعتراض على الخروج ..
10043,نتوقع الافضل دوما.  أتمنى إعادة كتابة المقال للتركير على وجوه التحسين في القانون الجديد مقارنة بالقديم. وشكرا
10045,أعلن عادل دخيل النائب الأول لمحافظ ذي قار ،قبل قليل عن وفاة نائب رئيس مجلس وزراء النظام طارق عزيز  وإن “إدارة سجن الناصرية قامت بنقله الى مستشفى صدام التعليمي وسط الناصرية، بدعوى إصابته بذبحة صدرية”.
10051,الهدف من كل هذه الضجة هو عدم اقامة مباريات كأس العالم في روسيا 2018و قطر2022، و مع الاسف سينجح الغرب في مسعاه.
10052,ولماذا لا تستقبلهم قطر وتحل المشكله التي كانت احد اسبابها
10053,الله اكبر والعزة لله. غزوه مُباركه
10054,ليش التعتيم يا الجزيرة؟. بعتت تعليق من ٧ ساعات وما نشرتو. وين الرأي والرأي الاخر.  ولا بس كلام.  للعلم على القنوات الحضاريه متل السي ان ان بيطلع تعليقي بعد ثواني فقط
10055,قال المقاومة اليمنية هييه
10062,شكرا على الموضوع المفيد جدا ، و نتمنى المزيد و المزيد من المواضيع من السويد ، للاستفادة من الخبراء و الباحثين و المختصين في هذا البلد الأوروبي الناجح ، أطال الله أعماركم و شفاكم و عافاكم
10063,لم تنشروا خبر قتل جرحى سوريين دعسا بالسيارات و ضربا حتى الموت في اسرائيل الجولان
10065,انتوا بتتهموا مصر بايه تحديدا ؟؟ انها بتحمى حدودها ؟؟ كان أولى تلوموا الجار المتطفل اللى بيخترص حدود جاره بدون اذنه و غصب عنه
10069,تسلم الايادي.
10071,أرجو وضع تاريخ و وقت نشر كل مادة إعلامية إخبارية أو تحليلية في أعلى المادة فذلك أفضل للمتابعين و المهتمين إن شاء الله و شكرا
10075,هل خوخو بو علام لاعب قطري! مبروك للمنتخب السوري الوطني
10078,لو تشغل نفسك بنيجيريا اخرج لك
10088,لا ادري لماذا كل هذا الهجوم علي المرجع أيت الله سيستاني حفظه الله!!المرجع علي صواب يجب ان نحارب الإرهاب في العراق!ارجو من الجزيرة حذف التعليقات التي تسئ للمرجعيه!و شكرًا
10089,بمجرد ما وقعت عيني على الصورة استعذت بالله السميع العليم من الشيطان الرجيم...
10091,( وَلَن يَجْعَلَ اللّهُ لِلْكَافِرِينَ عَلَى الْمُؤْمِنِينَ سَبِيلاً )النساء:141
10101,كيف يمكن تعويض ملايين مستخدمي الحاسوب حول العالم الذين تضررو من القرصنة و الاختراق ، و كيف يمكن توعية مستخدمي الحاسوب و الانترنت بطرق حماية بياناتهم الشخصية و العائلية ، بارك الله فيكم
10103,ما افضل جهاز كمبيوتر للمسنين مثلنا ، و كيف يمكن الاستفادة من الانترنت لتوعية المسنين صحيا و اجتماعيا ، أطال الله أعماركم و شفاكم و عافاكم من كل سوء و أسعد جميع اوقاتكم
10104,يا حظك يا أخي تسوي إعادة تشغيل 20 كرة بس! أنا أعرف إن المتوسط 50 مرة باليوم. إتكل على ربك وجرب لينوكس ترى وما تندم إن شاء الله... أنا أستخدمه من عام 1998 وما فيه مشاكل.
10105,هل يوجد بدائا طبيعية للمضادات الحيوية من الثمار او الاعشاب ، يرجى الكتابة عن هذا الموضوع بالتفصيل ، بارك الله فيكم و شفاكم و عافاكم من كل سوء
10113,مدهش إيمان هؤلاء الشباب بقضيتهم ، يقدمون أرواحهم رخيصة في سبيل مايؤمنون به
10115,اذا كان الخبر صحيحا إذن هذه المتفجرات لتفخيخ معابد الروافض . و الله أعلم
10116,اين الدول تتعلم من احترافية الجهاز الخارق
10132,لم يترجم الا النزر اليسير من أدب أمريكا الجنوبية الى اللغة العربية .
10139,"تبحث في غوغل ""هيلاري كلينتون تعترف أنهم من أنشأ تنظيم القاعدة"""
10147,ما فوائد الحليب و التمر الصحية ، و هل هناك حمية تعتمد عليهما ، أطال الله أعماركم و عائلاتكم و شفاكم و عافاكم من كل سوء و أسعد جميع أوقاتكم
10155,الصورة مالها داعي .. امرأة تشرب باليسار
10156,"ولقد جاء في الديانة البهائية ايضا، حيث قال الله سبحانه وتعالى في احدى آياته الكريمة: ""  بادر أوَّلا بالرَّقيق قبل الغليظ و بالمائع قبل الجامد إدخالُ الطّعام علی الطّعام خَطرٌ کن منه علی حذر"""
10161,اعبدوه واركعوا له فلستم بعيدين
10176,أعلنت وزارة الخارجية التركية ، اليوم السبت ، ان سلاح الجو التركي نفذ أولى غاراته الجوية على مواقع تنظيم داعش في سوريا، ضمن أطار التحالف الدولي.
10194,أنا من المعجبين بصفحة  افيخاي أدرعي وما يقوله صحيح
10205,بارك الله في الرجال الأحرار الشرفاء الكرام الذين لا يقبلون الضيم ولا ينزلون أبداً على رأي الفسدة ولا يعطون الدنية أبداً من وطنهم أو شرعيتهم أو دينهم
10207,الحمد لله على نعمه العقل والسيسى بطل شعبى
10211,حتى الان انا لا اعلم من يمول الارهاب فى سوريه  !؟؟!
10217,تتحسن علاقة الدوحة بالرياض .. فتضيق مساحة الحرية على موقع الجزيرة !! لدرجة صرت أتمنى معها أن تسوء العلاقة بين البلدين ، كما كانت سابقا ، لكي تعود الجزيرة ، كما كانت سابقا ، منبرا لمن لا منبر له !!
10219,الله يرحمك يا قذافي فقد صدقت عندما قلت بان ليبيا ستتحول الى دمار وان الإسلاميين سيتقاتلون فيما بينهم فقد كانت ليبيا طيلة حكمك تعيش في استقرار وسلام
10222,اللهم اجعل بأسهم بينهم شديد
10231,انا اتقن العبريه لأَنِّي من فلسطيني الداخل ، والإعلام الاسرائيلي يعيش في نشوه ، وجميع التعليقات مع الإعتقال وتمجد بالسيسي
10248,هل في القانون البريطاني ما يمنع من زيارة اليهود ؟!
10252,جامعة اسطنبول تفتح أبوابها لطلاب الإستكمال القادمين من سوريا
10253,"المالكي طائفي  لكنه قال الحقيقة , و الذين لا يتقبلون الحقيقة  لا يقلون عنه طائفية."
10269,النظام السعودي استنفر كل اجهزته الاستنكارية.
10272,تحرك روسي في سوريا بمليارات السعودية
10282,(والدين كافرو يتمتعون كما تتمتع الأنعام والنار مثوى لهم) صدق الله العظيم
10293,الكتاب والمبدعين في شتى فنون الابداع وطرقه واساليبه سيلقوا من العناية والرعاية والانتشار فوق مستوى كل تصور .
10298,الحكومات العلمانية تتتتتتتتتتتتتتتت٠٠٠تلعثم لسان حالهم
10299,الرجل فقط ينفذ أوامر فرنسية، من قال لك انه أصلا ذات سياده. أبناء فرنسا ينفذون فقط.
10307,خيرا ما فعلته حكومة هادي في قرارها هذا. أي تفاوض مع الحوثيين وحلفائهم في هذه المرحلة قد يقود اليمن إلى شاكلة الوضع البناني القائم الذي يجب ان نحذره وعدم إستنساخه.
10308,ده حتى جيش بوركينا فاسوا طلع فيه قادة شرفاء. أنا مش عارف اللى عندنا دول جايبينهم منين.
10320,اخواني اخواتي لقد ضغطت على علامة عدم الإعجاب بالخطأ ولم أستطع تغييرها.... سبحانه الله مالك الملك الواحد الأحد الذي لا حول ولا قوة لنا إلا به.
10321,رسول الله محمد بن عبد الله صلى الله عليه وسلم هو ولي العهد للملك الواحد الأحد الملك القدوس المتكبر المهيمن القادر الرؤوف الرحمن الرحيم ولا ولي للملك سواه صلى الله عليه وسلم
10335,بسم الله الرحمن الرحيم... اكثر الدول تضررا كانت الدول الاكثر ظلما للبشرية فهل يظن الظالمين ان يفلتوا بظلمهم لضعف البلاد المظلومة فليعلموا ان هناك الملك الجبار المتجبر الذى لن يفلت ظالما
10336,يرجى كتابة مواضيع كاملة و مفصلة عن أفضل أنواع الحمية الطبيعية و لجميع أفراد العائلة ، بارك الله فيكم و وفقكم لكل خير و شفاكم و عافاكم من كل سوء
10337,هل الرياضة افضل طريقة صحية لتخفيف الوزن ، بارك الله فيكم ووفقكم لكل خير و شفاكم و عافاكم من كل سوء
10338,النفاق يهاجم الشرك والزندقه ولا ينظر لما قدمت يديه ولسانه وفمه واذنه لاعداء الله بتثبيت تملك بخلق الله وارواحهم وحياتهم.
10349,ولماذا لا تستوعب السعوديه و قطر هؤلاء الاجئين السوريين   !؟!؟!؟!
10350,قطر والسعوديه تحتاجان الى ربيعا عربيا .
10357,لن تحارب السعودية اسرائيل.
10362,متفجرات تنظيم الدولة تميز بين المؤمن والمرتد فتقتل المرتد وتحافظ على المؤمن
10368,نقرأ لك تشفيا عندما يقصفون مناطق الدولة الإسلامية!!! ربما هذه الأراضي لا يقطنهما مسلمن بنظر الشيوخ.
10369,لالالالالالالالالالا
10383,لم يبقى من المؤسسات شيئ فقد قصفمها طياران تحالف حكومة السعودية
10391,رقم القرار 2216 وليس 1622
10392,لو سمحتم تصحيح تعليقي. كنت أنوي كتابة مماثل عِوَض مناسب. شكرًا
10395,استغلوا طيبة الشعب اليمني !
10404,لا تقلقوا خطتهم مضمنة في خطة الله
10406,"المصريين بيفرحوا
لكن الإخوان و النكسجية و الأرهابيين بيصرخوا بشدة"
10407,"تانى مرة الجزيرة تنشر نفس التقرير بنفس العنوان خلال أسبوع
لعله خير ؟؟ هل أزعجكم فرح الشعب المصرى ؟!"
10409,لدي عتب على الجزيره انتي قناه محايده خلاص اتركي الشاأن المصري لاهل مصر كافي
10412,یجب علی اخوتنا فی الجیش الحر ان یتجهوا الی دابق ...
10416,لا تستجيب السماء لدعوه ظالم و لا ينصر الله قوى الشر.
10427,لمن الملك اليوم لله الواحد القهار
10431,اسأل الله أن يزيده على ما أعد له.
10461,"( من أستطاع منكم أن يغير المنكر بيده فان لم يكن فبلسانه وان لم يكن فبقلبه وذلك أضعف الايمان )
ولا أرى الا ان الايمان في أضعف حالاته ."
10478,"هذا التردد يبث 21 قناة ليس من ضمنهم باقة الجزيرة ... الرجاء فحص هذة المشكلة وحلها بأقصى سرعة

وشكرا"
10480,مع الاسف الجزيرة تسمي الاشياء بغير اسماءها على سبيل المثال.. تقول تنظيم الدولة والصحيح الدولة الاسلامية .. وتسمي الجيش الايراني بالجيش العراق ؟!
10493,إذا الإمام ... فكيف المصلين .
10495,"استفيد!!!
وهاشمي هاشمي........!!!!"
10504,تسلم الايادي فديتهم كفو كفو كفو
10509,"ارجو تصحيح الخبر
تحويل الكنيسة الى جامع هو جزء مع عمل ثقافي موقت وينتهي في 22 نوفمبر 2015
وستعود كنيسة كما كانت من قبل 
الرجاء التحقححق من المصدر"
10513,نرجو من الأهالى الإتصال بمراكز البلديات لاستلام جثثهم لأن البرادات امتلأت من اسبوع  . إنها بداية النهاية .
10516,"و ""وزير أول"" عمره 66 سنة. يعني هؤلاء جديون ومجتهدون في العمل ولا يتقاعدون... من ناحية أخرى لماذا الرئاسة أو الوزارة الأولى في تونس مسيطر عليها أناس من ولاية سوسة وهذا منذ عهود؟؟؟"
10518,وينو البترول؟
10521,يحيا العدل
10525,(الذين قال لهم الناس إن الناس قد جمعوا لكم فاخشوهم فزادهم إيمانا وقالوا حسبنا الله ونعم الوكيل) شوفو بقا الاية تماثل مين فى الواقع (وان يقاتلوكم يولوكم الادبار ثم لا ينصرون)
10542,نصر من الله وفتح مبين
10545,( فلا تزكوا أنفسكم وهو أعلم بمن أتقى ) ( ألم تر إلى الذين يزكون أنفسهم بل الله يزكي من يشاء ولا يظلمون فتيلا ) ( قالوا فادعوا وما دعاء الكافرين إلا في ضلال )
10551,"جيش الخلافة الالكتروني 
عودة الدينار الذهبي 
الدوله الاسلامية باقية وتتمدد"
10562,اذا نجحت العملية  و بعد سنوات رزق بمولود ، فهل هو ابن صاحب الرأس ام ابن صاحب الجسم ،نريد فتوى من علماء المسلميين في الموضوع.
10586,فقط لانستطيع معرفة إن كان الدجاج من الطيور ..هو لا يطير ..و النعام هو من الطيور.. لاكنه لا يرفرف و لا يطير. :)
10593,"لماذا قناة الجزيرة لا تنشر الراي الاخر
فالامور معكوسة حتى تتضح الصورة"
10595,"الحرب في اليمن أصبحت حربا منسية ، كل شئ فيها يراوح مكانه ، والحال كذلك فإنها ستكون حربا طويلة الأمد - بخلاف ما يأمله ""الجبير"" - تستنزف شيئين حتى تصفيهما تماما : الدم اليمني ، والإقتصاد السعودي"
10597,"سبعة شهور مضت و التحالف السعودي عاجز عن الحسم , و كل يوم يمضي دون حسم هو انتصار للحوثيين  و حلفاءهم و هزيمة للسعودية و حلفاءها."
10601,مرحلة صعبة معقدة كثرت فيها الكرهية وعدم الثقة بين الشعب الواحد ومن دخلها لن يخرج منها حتى يرفعها الله لقد حسبها رجال الحل والربط بعصبية وبسرعة
10613,مياده صوتك مره حلو وشكلك رايق واسمك فني هههههههه احسن من حسينه
10624,إجتماع لمجلس الأمن الدولي لبحث إعتداءات الدولة الإسلامية على المثليين!!! ... تأملوا يا رعاكم الله.
10627,داعش واخواتها عليهن فقط بعض اللوم على جرائمهن. لكن كل اللوم يقع على تلك الثقافة التي تنتج لنا امثال هذه التنظيمات الارهابية.
10628,يا راجل!!! من بعد ما قرأت تعليقك قررت عدم مناصرة دولة الخلافة الإسلامية حفظها الله و رعاها.
10636,هو تميم بن موزة أبوه حمد أكيد أصل شكله هندى
10639,تحيا معلبات الفول والمدمس سحراى سيناء رمالها متحركه ومن فوقها رب العباد العظيم .
10642,الحمد لله أن شمس الحرية بدأت تسطع في السعودية بعد أكثر من ٧٠ عاما من الحكم المطلق.
10655,وبالعدل والديموقراطيةوالمساوات الشفافيةولاجله
10657,تسريحات شعر ليفلين
10659,انتظرو الكثير من احفاد الفاروق عــــــــــمـــــر بن الخطاب
10675,أنظر فقط الى لقبك المستعار
10677,متى الصورة ؟ الي بالصورة لابسين لبس شتوي و ليس صيفي .
10684,شاهد المباراة من هنا اوند بلس
10695,اذا التقى مسلمان فالقاتل والمقتول في النار
10696,بيان مزور لم يصدر من مصادر الدولة الإسلامية الرسمية وتم نفيه
10697,بصراحه متى آخر مره صليت؟
10698,إحذر أيها المسلم أن تكون من الذين قال فيهم الله تعالى ﴿سمّاعون للكذب)
10709,ليش ماتروح انت مو احسن !!! حضره جنابك كاعد بالبيت وانترنيت وكهرباء واخر راحه ،، روح انت
10710,هناك خطأ في الخبر.. لأن المانيا التي ستسحب بطاريات صواريخ باتريوت وليست امريكا!!!
10711,{ لَقَدْ كَفَرَ الَّذِينَ قَالُواْ إِنَّ اللّهَ هُوَ الْمَسِيحُ ابْنُ مَرْيَمَ وَقَالَ الْمَسِيحُ يَا بَنِي إِسْرَائِيلَ اعْبُدُواْ اللّهَ رَبِّي وَرَبَّكُمْ }
10715,"الخبر به أخطاء ما اعتدنها منكم 
منها أمس الاصنين والصواب السبت
ومنها كلمة وكالة كتبت كالة"
10729,اللهم رب الناس أذهب البأس و اشف انت الشافي لا شفاء الا شفاؤك شفاء لا يغادر سقما
10736,"بارك الله فى من ارسل التاو , اللهم اعز سلمان ومحمد بن سلمان ."
10759,أين رأيي يأصحاب الرأي و الرأي الأخر ؟
10775,لولا الدوله الاسلاميه لبقيتم تحت الحصار والجوع . قولوا شكرا للبغدادي .
10776,(ولا يعلم جنود ربك الا هو)
10780,نتمنى المزيد و المزيد من النصائح عن صحة العائلة و العادات الصحية الجيدة التي يجب اتباعها للحفاظ على الصحة و تحسينها ، بارك الله فيكم ووفقكم لكل خير
10783,متى ما عرفتم كم كانت سرعه جابر سنه 1991 ستعرفون من انتم.
10787,هييه انتظروا لما تدخل المكسيك ايضا فمستقبله باقل من 30دولار اما المنتجين الامريكيين يطلبون حكومتهم لفتح باب التصدير له وبعدما كان ممنوع عليهم من قبل لاهميته  طبعا
10800,نرجو من الجزيره تجنب الحديث عن اردوغان وشكرا  .
10818,ان الله يدافع عن الذين امنو
10824,"يا عمي جننتونا بهالاسد الي قتلو واحد مريض,خلص بكفي ولا مفش اخبار غيرو!"
10825,تعليق سيء يحاول ان يبرر جريمة بحجة ان هناك ما هو انكى منها.
10827,نحن عشيرة ال ابو حميد نقدم خالص التعازي لعائلة الاسد الفقيد و عقيلته واشباله وندعو له بالرحمة والمغفرة وبالصبر لعائلة الفقيد ، انا لله وانا اليه راجعون
10830,ما احلى وما اجمل من طعم الاسود مع البسله والصلصه .
10836,التفجيرات في وزارة التعليم بمقديشو
10837,صححو الخبر مقديشو وليس العاصمه السودانيه انا الان اسمع صوت الانفجار وصوت سيارات الاسعاف
10840,أر أو جي إي أر     إس إيه دبليو واي إي أر
10842,إن كلمة اوغلو باللغة التركية تعني إبن فهي جزء من الإسم وليس إسم لحاله
10845,غارات السعودیة علی المطار المدنیة نهایة ضعف السعودیة
10854,الانباري ليس قوميا متطرفا بل هو مسلم سني وهذا يظهر جليا من تعليقاته وهو لا يقول هذا الكلام كرها في الاكراد إنما هو يريد من ينقذ العرب السنة من ظلم الشيعة تركي كردي عربي المهم انقاذ قومه وهذا حقه.
10855,لماذا لاتنشرون تعليقاتي؟ هل لأنها تأتي في الصميم؟
10868,"الحمدلله الذي عافانا من كثير مما ابتلى به عباده, وفضلنا على كثير ممن خلق تفضيلا"""
10877,"ماحن اعجمي على عربي  قط  ورب الكعبة !!!! 
ان صدقتم بقائلها عليه افضل الصلاة والسلام فصدقوا بها!!!!"
10895,( ذا التقى المسلمان بسيفيهما فالقاتل و المقتول في النار)
10899,ومتى نرى الامارات والبحرين ترسل جيوشها العرمرم للدفاع عن الاقصى!!!!!
10906,يا ريت تقبل السعوديه تجنيد السوريين و العراقيين السنه لمحاربه الحوثه. و الله لنا معهم ثار سناخذه عاجلا ام اجلا
10912,"الله أكبر على من قتل اخواننا في الرابعة و النهضة, الله أكبر على من مول الانقلاب, الله اكبر على من أعدم قيادات من الاخوان, الله اكبر من امريكا و مال الخليج."
10921,و ماذا عن الباسلات؟. اكثر من نصف القتلى هم اناث!.
10925,"نسبه  التأييد اكيد اكثر بكثير من 5% . بلا شك . ثانيا , واذ قال ابراهيم لابيه يا ابة .... اراد ان ينقذ اباه من النار فابا واستكبر ."
10943,على فكرة دا خاتم النبي عليه الصلاة و السلام ... :)
10944,هذه الراية الجميلة هي راية الرسول عليه الصلاة والسلام وتسمى رايت العقاب وهي راية الخلفاء الراشدين وراية الدولة الإسلامية اللتي قامت على نهج النبي عليه الصلاة والسلام.
10949,ولانه عيد ميلاد دولتهم
10951,صنيعة الله العزيز القهار
10976,السعودية و قطر دفعت أكثر من النصف.
10979,كيف يمكن ان نرث ارثة العظيم ونصبح مثله؟ يا ليت لو تدربنا عنده
10980,الله يكثر من أمثالك
10986,على الاقل ليس حركي افهمها
10991,ابتسمة جزائرية بنكهةةة فلسطنية هههههههه
10996,ربي معاك خويا
11014,الله يرضى عليكون زهران علوش وابو النصر متهمين بالتواطوء مع النظام  على حصار الغوطة وقتال الدولة بدل فك الحصار
11017,احنا هنتعشى القوم والا مش هنتعشى؟
11021,"السؤال هو : متى حصل  المطورون على التابعية ؟ قبل ام بعد المشروع ؟ وبعدين ارجو عدم ""الشطح"" بعيداً وقول ""اولى"" عالمياً"
11024,يارب داخلين عليك ..ترزقنا حدود برية مع السعودية
11026,الشبيحة هنن عماد النظام بلاهن كان المظاهرات السلمية نجحت وسقط النظام وماكان وصلت البلد لهون
11031,مع الأسف الشديد كان السائق مصري طارق جرجس.
11033,السائق الذي أنهى حياة جون ناش اسمه طارق جرجس.
11036,المستشار الألماني الآن سيسأل عما استشير فيه وعما أشار على الناس به...بعد الدفن...لا يبقى مع الشخص داخل قبره إلا عمله...حينها لم يعد ينفعه لا ماله ولا أهله...
11044,بكل التاكيد يا ابراهيم شاهين فامتنا لم تعى من بعد ان الربيع العربى جاء ليحررها من المستعمرين وخدامهم وعملائهم وضربة قاضية لامريكا والغرب
11047,الدولة اﻹسﻻمية باقية و تتمدد باذن الله.
11063,القاضي يحكم بأدلة وحيثيات، مصر ليست مرتع ولابد من وجود ترخيص ، ثم أنهم بعضهم ليس صحفيين  من الأساس . و حتى لو كانوا صحفيين ، الجزيرة ليست لها ترخيص في مصر
11065,"عباره عن غرفه نوم  4 متر مربع (16م)وصالون للضيوف من الضباط المناصحين, وحمام وجاكوزي خاص لسجين واحد مع خدمه 5 نجوم.فيحمدون الله ثم عداله قضانا ومشيختنا وعلمانا وقدتنا في مصر الكنانه."
11085,اللهم زد وبارك !
11113,"في الشام الاسم الدارج هو عبدو وليس عبود. فالأخ ""عبود الشامي "" على الأغلب مو شامي بنوب"
11122,مشعل بالسعودية والزهار بايران ولا حول ولا قوة الا بالله
11127,"سأمشي على مقولة عمر ابن الخطاب : "" لا تجادل الجاهل فيغلبك بجهله""."
11130,"اللهم أجعللا البلاء خفيف وأكشف المسور وما بين السطور وأظهر الحق المقهور ولا تدع الأخبار تبيت وتبور
انت علام الغيوب 
ملاحظة
كلام موجه للقناة الكريمة
ليه لم أتلقى اي اشعار منكم بخصوص تعليقاتي"
11135,الصورة عن سوسة الجرب. هل القراد هو الجرب!!!!!!
11137,سي دي وا ابرفيو هاريا
11138,"السلام عليكم
للتنبيه فقط عنوان الخبر خاطئ لغويا تجب كتابة كلمة اخوي وليس اخي وشكرا"
11139,"لماذا لا نسمع أو نرى أي هجوم أو إعتداء على إسرائليين أو على الدولة الصهيونية؟؟؟؟؟؟؟؟؟؟؟
ويأتي من يزعمون بأنهم مسلمين بأنهم وراء هذه الإعتداءات!!!!!!!!!!!!!!"
11142,توجد واقيات  النيترونك  تقلل من اضرار النقال اكثر من 80%
11147,ماذا حصل لوعود أعمار غزة؟ إذا كانت وعود أعمار اليمن من نفس العيار فعزائي لليمن وأهله.
11148,انطر يابورغال الى ان يجيك الربيع.
11154,من اراد ان يطلع على عمل فرقة الفتيات المذكورة في التقرير ما عليه الا نقل العبارة المكتوبة باللاتينية في اسم المعلق هنا كما هي وادخالها في يوتيوب
11157,تشيع.
11161,إخواني في الجزيرة هناك خطأ في ذكر اسماء الفتيان، فاسم هنية موجود عند صورة الحسني واسم الحسني موجود عند صورة هنية. أرجو تصحيح الخطأ. يمكنكم التأكد من الشريط نفسه. وشكرا
11162,لو تعلم شيئا من العلم يستفيد به مستقبلا ويعيل نفسه لكان خيرا له
11163,ثبتهم الله .
11168,المواطنين السود في أمريكا قادرين على تحرير بلدهم من إحتلال اللوبي الصهيوني العنصري الفاشي والظالم لهم ولكل بني البشر.
11171,لا اله الا الله محمد رسول الله
11179,"للتصحيح فقط : هم يقصدون ""باراك حسين اوباما"" و ليس الحسين رضي الله عنه... اللهم انصر جندك يا رب... اللهم اجعلها القاصمة لظهور الفرس يا رب.."
11181,بالبروح بالدم نفديك يا
11187,لقد طرحنا عليك السؤال و لم تجب إليك السؤال مجددا: في علوم الرياضيات هناك نظرية مهمة جدا تسمى نظرية بيتاغوراث. هلا تفضلت علينا بالآية التي تثبت أو  تدحض  هذه النظرية؟ و لكم جزيل الشكر.
11190,وهل هناك أفضل من عالم الكتب والقراءة والكتابة ؟
11191,وابدايقبض علىتهريب اموال العام
11208,مبارك عليكم يا جبهه النصره هاذا الانجاز فما النصر الا من عند الله ومن اعتز بغير الله ذل
11209,الله اكبر والله الحمد . اللهم نصرك لعبادك المخلصين .اللهم دولة خلافة على منهاج النبوة يا رب العالمين.
11210,نصراً من الله وفتحٌٌ قريب إن شاء الله.
11212,"قَاتِلُوهُمْ يُعَذِّبْهُمُ اللَّهُ بِأَيْدِيكُمْ وَيُخْزِهِمْ وَيَنْصُرْكُمْ عَلَيْهِمْ وَيَشْفِ صُدُورَ قَوْمٍ مُؤْمِنِينَ

يا رب لك الحمد والشكر على هذا النصر"
11215,تست
11218,"حسبنا الله ونعم الوكيل ,سينفقونها ثم تكون حسرتا عليهم ثم يغلبون."
11226,لقد دعمنا و ندعم و سندعم الدولة الاسلامية حتى يتم اجتثاث الجيش النصيري من جذوره ولتكن دابق
11228,الاسد يصلي وداعش ما يصلون؟ما تركب هذي!!ودي ودي اصددددددددددق.
11230,ضلكوا ابحثوا..اذا لقيتوا شي خبروني..
11244,الأمه بدها أفعال لا أقوال شبعنا أقوال وتهديد وشجب واستنكار وين الفعل
11265,لا لا القسمة بالنصف.....
11268,الانسحاب كان من قبل المعارضة وليس من جنود الدولة الاسلامية حفظها الله وجنودها
11269,اعطونا دليل واحد على هاذا الكلام  اما هرطقات  الخصوم فهي  لا تنتهي  وهم الذين قالو فينا  ما لا يصدقه عقل  ...والسلام على من اتبع الهدى............
11273,"ليس بتدليس الصورة واضحة اما مع او ضد ,الكل يهاجم الدولة و المال لا ينفع و انك على نفسك لشهيد"
11274,بكم ساعة تحصل على راتبك
11276,"لمن تعود ملكية ""العربي الجديد"" ؟!"
11278,أنا كذالك ضد الإرهاب و ضد الإرهبين لكن مع الجهاد و مع المجاهدين و مع إرهابيو أسود الدولة الإسلامية.
11280,"الي الاب جورج مسوح اصحح لك بعض الاخطاء.ليس هناك ءله خاص بالمسيحيين,وءله خاص باليهود,وءله خاص بالمسلمين,وانما هناك ءله واحد لكل العالم سواء كانو مسلمين ام مسيحيين ام يهود,ءله واحد لا شريك له.وشكرا."
11287,اللهم انصر الشعب الكوردي وجيشه على هوءلاء القوميين الاتراك وعلى الدواعش ودواعش النت وحريم السلطان امين رب العالمين،،،
11290,إذا لم يرضخ الإيرانيون في مفاوضات ملفهم النووي فإن تنظيم الدولة سيستمر في هجوماته المزدوجة . كل شيئ مسير عن بعد !
11294,اللهم انصر المسلمين وننتقم من الكفار والمرتدين
11301,الدوله الاسلاميه باقيه وتتمدد اذا زائر جنود الدوله يسمع زئيرهم اهل المشرق والمغرب . لايحتاجون لدعايات لانهم من يصنع المعجزات . لله درهم اللهم انصر ابطال الدوله الاسلاميه .
11305,أحسنت ، هذا هو الرد القرآني الواضح، على هذه الضلالات.
11306,"""ولقد علمتم الذين اعتدوا منكم في السبت فقلنا لهم كونوا قردة خاسئين"""
11314,نتمنَّى التَّوفيق لجمهورية الرِّيف المغربي والمد والخلود لشهدائها الأبرار.
11315,مش مرتاح لهذا المرتاني
11320,في البدأ كانت عاصفة الحزم لاخراج الحوثي من المدن اليمنية ، والآن أصبحت لصدهم عن المدن السعوديه !!! وهناك أيضا انباء عنة إغلاق مطارات جنوب السعوديه كلها !!
11321,عندي استفسار لماذا لا تقوم القوات الملكية السعودية بالهجوم واحتلال مناطق داخل اليمن لو بـ 50 كيلو ؟
11323,شكل الحرب في السعودية  الان
11329,لنكن اكثر صراحة، الاٍرهاب له دين و له مذهب و له شيوخ يدعمونه بالفتاوى و دول تدعمه بالمال و السلاح و المجاميع التكفيرية.
11330,ليس كل المسلمين ارهابيين ، لكن معظم الارهابيين مسلمون ، هل يمكن لاحدكم اجلكم الله ان يشرح لنا هذه المعضلة؟
11340,توضأ وصل يابلان.الله يغفر لك.
11342,فانهم يألمون كما تألمون و ترجون من الله ما لا يرجون
11347,التعليق غير مفهموم اي قردة ومتى ووضعوا السود في حديقة الحيوات
11351,تحول سلطة الاحتلال من خلال اختبارها هذا  إن تتحداى الهواجيس المتحمسة مع عاصفة الحزم .بتخطيط ممن هزم في تحالف السبعينيات .
11352,الله اكبر والعزة لله
11353,(كُلَّمَا أَوْقَدُوا نَارًا لِّلْحَرْبِ أَطْفَأَهَا اللَّهُ ۚ وَيَسْعَوْنَ فِي الْأَرْضِ فَسَادًا ۚ وَاللَّهُ لَا يُحِبُّ الْمُفْسِدِينَ )
11356,حيالله الدوله الأسلاميه كل يوم انجازات وتمدد وكل يوم يزداد مجاهدي أهل السنه يتركون أموالهم وأهلهم للجهاد في سبيل الله فحياكم الله يا أهل السنه تحيه لكم من كردستان الاسلاميه.
11372,يمن واحد ياضالعي
11390,شكرا لك أخي إبن الشارخ ... الله سبحانه و تعالى سأل جهنم : هل إمتلأت؟ فردت هل من مزيد...الحمد لله  و الله أكبر...باقية و تتمددد بإذن الله ولو كره الكافرون
11397,"احمد منصور هنيا لك مبروك عليك الحريه
(...)"
11399,لا مقارنة بين صحفى بالجزيرة يقدم برنامج و زعيم أمة غير مجري التاريخ
11406,اللهم انصر الشعب التركى وجيشه على هؤلاء العملاء  الكردستانى امين رب العالمين
11415,مقتل عزت الدوري نائب الرئيس العراقي صدام.
11423,اسباب
11427,العربان يتجاهلون وعد الله وحكمه وبشرى رسوله في أهل فارس... اقرؤا تفسير النبي صلى الله عليه وسلم لأية (وإن تتولوا يستبدل قوما غيركم ثم لا يكونوا أمثالكم )
11428,ابحثوا عن من توعد بأن النار سوف تلحق دول الخليج.....!
11429,"معذرة، يوجد خطأ املاءي في كتابة الخبر، فالمحرر يقصد ""جرحى""، أليس كذلك."
11434,حصاد التعسف والظلم يا كويت لا بارك الله فيكم.
11435,تسمح لتركيا بتمرير الإرهابيين و لا تتكلم عنه إطلاقا
11436,"على الشيعة الجهاد
وعندما ينتفض الشيعة للدفاع عن أنفسهم يتكلمون عن الطائفية والمذهبية ونحن أصل الطائفية والمذهبية"
11440,الشيعة في الكويت ولائهم لإيران وليس للكويت ؟!
11442,وقاتلوهم حتى لا تكون فتنة ويكون الدين كله لله
11443,ما يؤسفني داذ
11444,تم تصحيح الكلمة شكرا لك
11447,إسمه كوموروفسكي، وليس كوكوروفسكي :)
11455,وجود ثقوب مريبه في ألبطيخ وألبرتقال ألإسرائيلي في ألضفه ألغربيه وألأردن.
11466,بس نسي يقول: والنجاح فيها
11472,إذا جاء اجلهم لا يستقدمون ساعة ولا يستئخرون...ص ا ع
11473,"القذافي اصله عربي , والديانة اليهودية ليست عرق او قومية الكثير من اسلاف العرب كانوا يهود مثلا مملكة حمير قبائل حمير الحميريين كانو يهود  اسلموا لاحقا وفتحوا مشارق الارض ومغاربها"
11476,الترجمة العربية غير دقيقة؛ المقصود قمصان لا تصيبها البقع (بالقهوة والزيت إلخ) وليس لا تتسخ (بالغبار إلخ)
11479,خطوة مباركة في الإتجاه الصحيح.. نتمنى خطوات مستقبلية شجاعة كتلك مع دول الجوار بما في ذلك إيران.
11482,اظن انها خطوة في الطريق الخطئ
11483,على الامم العربية ان تتعاون وتتماثل فيما بينها لاقتلاع بذرة داعش الفاسدة حتى يعم الأمن والامان والسلام
11497,نتمنى كتابة مواضيع كاملة و مفصلة عن اهمية تنظيف الاسنان ، و فوائد السواك في الحفاظ على صحة الاسنان ، أطال الله أعماركم و شفاكم و عافاكم و حفظكم من كل سوء و أسعد جميع أوقاتكم
11503,رحم الله الشهيد يوسف السليمان . وان شاءلله المثوى الجنه .. الله يرحمك يا شهيد الاسلام
11511,"رحم الله صدام حسين , عرف كيف يتصرف مع الاكراد ."
11517,أحسنت ياإنسان
11521,عندما تترجمون عن غيركم (غالبا بإستخدام أدوات الترجمة الحديثة) لا تفلحون حتى بقراءة و تدبر ما ترجمتم ..يا بابا شتاء ١٦٨٣ وليس ١٩٨٣
11522,وينتر ايز كومينغ
11538,لما لا يوجد ولا خبر على قناة العربية ..ام انها تخصص هجوم على الاخوان والمسلمين ...الله ينصركم يا اهل فلسطين
11539,هي محاولات للتخفيف علي اسرائيل
11558,هى مصر بتعطينى اييه او المغرب
11561,الصوره هذي دعايه للايرانيات  حتى انا ارحب بهذا الجمال ارحب اجمل ترحيب  باعذب الكلمات وبكل الغات وهلا بالعيال ارحب يالله حيه
11568,وبكره تشوفوا مسسسسر!
11585,نفس التعليق في عدة مقالات: هذا ليس مجرد رأي بل أصبح تحريض على العنف. انتبهو لمن يريد أن يعود بنا إلى الوراء
11599,"مقاومة و""تخزن""!"
11601,ولما تظهر انكم ضد حماس وهى من تخدمكم
11607,وهل تجرأوا وأغضبوا الأمريكان، كلام فارغ للاستهلاك الإعلامي وللرأي العام ليس إلا.
11620,مساالخبر
11624,خيبر خيبر يايهود جيش محمد سوف يعود
11633,"أنا أتمنى أن تصل إليه الدولة الإسلامية قبل أي جهة أخرى.
لأنني متأكد ان الدولة ستعامله بما يستحق و بالطريقة التي تشفي القلوب..."
11635,الإخوة المدققين ...ارجو حذف التعليق لان ( باقية وتتمدد) هو شعار داعش...ولا اعتقد انكم تريدون ترويجه..وملاحظة ذلك في المستقبل.....شكراً على تعاونكم.
11637,هاته هي ثمرة التنسيق الامني العسكري
11641,معلومة من أجل المقارنة : عرض مؤخرا على الممثل الكويتي الشيعي حسين داوود التمثيل في مسلسل يسيء إلى حسن نصر إيران فانتفض هذا الممثل وغضب غضبا شديدا ورفض العرض...
11644,"للإشارة فمخرج هذا المسلسل هو شيعي إسمه ""أوس الشرقي""...وبعض الممثلين الذين قبلوا بالمشاركة في هذا العمل هم من المحسوبين على المسسلمين السنة...مجرد ملاحظة بدون تعليق..."
11646,الرجاء التعليقات للراشدين فكراً وعقلاً
11651,انتم من تامر على الإسلام لخوفكم من مسواتكم مع الهندي
11701,ایران شرف المسلمین
11708,شكرا.3.
11737,نظرت تنظيم الدولة للحل في اليمن وسوريا أفضل .
11739,أربعين دولة و بكل تأكيد تأتي دول الخليج بالمقدمة
11743,لينصر الله القائد المجاهد بشار الاسد على المتصعينين والتكفيريين واسيادهم
11752,لا تعليق!
11755,وزن القمر الواحد 150 كيلوغرام وليس 150 غرام
11756,"الرجاء تصحيح الخبر 
وزن القمر لا يتجاوز ال ١٥٠ كيلو غرام وليس ١٥٠ غرام

للتاكد يمكنكم مراجعة  الجارديان فلديها نفس الخبر
وشكرا"
11757,وزن القمر الصناعي هو 150 كغ. الرجاء تصحيح المعلومة.
11758,الفناء في أقصاه والكون يتلفع بالأفول فكيف ستطلق مئات الأقمار الصاعية ومن الممول ؟ .
11762,يا اهلا ومرحبا بنساء و رجال فلسطين. أنتم أهل السلام والعز والكرامة و المستقبل المضيء لتعايش مع ابنائنا اليهود في الشرق الأوسط. انكم ستغيرون هذه المنطقة في الاتجاه الصحيح. الله سيكون بعونكم.
11766,النظام السوري يخسر المواجهة والارض ويحقق اكبر عدد من الضحايا انتقاما من المدنيين وهذا تعبير عن الشعور بالهزيمة مثل ما عاشته الثورة الجزائرية والفلسطينية بغزة
11777,"تعليق الاخ :عبدالفتاح حسنين فرغلي ,روعة و ممتاز."
11782,الى الكُر الامريكي  سبحان من اضحكك وسبحان من يُبكيك .
11786,معركه تحرير كربلاء و النجف من الاحتلال الايراني ستبدا في شهر رمضان المبارك و انباء عن هروب قادة المرجعيات و عوائلهم الى ايران بالجمله خشيه على ارواحهم من سيوف الدوله الاسلاميه
11793,اليس عندك لغة اخرى؟المرة الثانية تقولها ،هنا حوار فكري ونقد وتحليل  ،هذا نصيحة مشفق وليس نقد لثقافتك ولك الخيار؟
11801,ما هذا الكلام؟؟ ،اترك التعليق عليه للاخ المكرم (سيفيزير)
11802,ان كنت تظن ان اجدادك هم الساسانيين فهذا شأنك انت وما تظنه نحن كرد وجدنا محمد ابن عبدالله.
11803,اتمنى ان لا تتكلم انت  عن العمالة...
11804,صدام قال ان تلجيش الايراني موجود في حلبجة فهل تضرب ايران جيشها
11808,اللهم اعز الاسلام وانصر دولة الاسلام
11812,الجزيرة تريد ان تقول لنا بان امريكا واوروبا غير راضين عن تركيا كان ممكن تصديق ذلك ولكن ماذا يفعل الناتو وسفارة امريكا واسرائيل في تركيا وماذا عن زيارة اوباما لانقرة رجاء ارحموا عقول الناس
11820,امر غريب نحن المسلمين لا تتغير أخلاقنا حتى في الحج
11833,ودعأ الخال
11834,شاعر مبدع ولكن العبره بالنهايه
11836,"لا أحب الحديث عن إنسان صار بين يدي الله ولكن ....
من يريد أن يعرف من هو الأبنودي فليستمع إلى حديث قديم للداعية الكويتي الشيخ "" أحمد القطان "" وهو يحكي عن اشتراكية الأبنودي"
11847,عليه من الله ما يستحق
11850,"اسم الشارع كاللي اوتشو وليس كايي اوتشو ,فقط للتنويه ."
11858,"فاقد الشيء لا يعطيه،هل أخرجتك من الاعتكاف؟,حلال عليك،لا ذنب بعد الكفر."
11860,فلا تحسب ان فرنسا كلها لوبين يو شيخ الازهر
11866,عفوا الضحايا
11870,الله يشفيك
11885,"الشقيقة الكبرى فعلها كفعل ""الأخ الكبير"""
11905,لماذا يغيب وزير خارجية المملكة عن هذا القرار الثنائي؟
11908,"لماذا يا اخي اخفيت كلمة الله يمكن للدولة الاسلامية كي ينتقم الله لنا من الظلمة؟؟؟؟
الا تتقي الله ؟ تخشى ان يفصلوك من وظيفتك ولا تخشى الله؟ من الرزاق؟ من الحسيب؟ من الرقيب؟ 
الله كريم"
11923,"على الاتحاد الاوربي ان يقدم مقترحاته الى الله القيوم,لا نه المرجع الوحيد للمصائر."
11933,هذا نتيجة المرحم المللك السعودي عبد الله لفكرة الطتبيع مع اسرائيل العدو اللدود للعرب المسلمين امرنا لله خالق الكون وعليه توكلنا !!!!!!!
11937,(مؤكدا ان حكومته نفذت اغلب بنود الاتفاق السياسي) الا وهي اجبار  المسلمين في العراق على اعتناق الدين الشيعي او قتلهم او تهجيرهم.
11939,اللهم انصر دولة الاسلام وفتح لها بغداد ودمشق   حتى يعرف هؤلاء حجمهم الطبيعي
11940,رمال السيلكا تكون بيضاء اللون وتسمى الرمله البيضا في السعوديه ومحرم استغلالها في بناء المنازل   حبيت انوه فقط  بخصوص لون الرمل
11958,تسلم الأيادي لتكتمل فرحة حزب الّات بتحرير كويرس:-)
11960,الف مبروك
11963,عيب! حاج بقى تنعتو العالم بأوصاف الحيوانات. إحترمو البشر حتى يصير عندكن حضارة . إحترمو البشر حتى نصير أمة ترمز إلى التعايش والتعددية. حاج تكفرو غيركن، انتو المؤمنين وغيركن الكفار. عيب والله عيب!
11965,عائشة ام المؤمنين رضي الله عنها
11967,اي تفجير او اغتيال المسئول عنه السي اي ايه الامريكيه والمخابرات السعوديه والموساد الاسرائيلي
11969,"على رأسي يا دولة الإسلام  
اخذتي بثارنا 
الله ينصركم يا أبطال. الله يهدي إخواننا في الجيش الحر"
11970,40 قتيل أقل عددا من شهداء برميل شيعي متفجر واحد على أطفال ونساء السنة بحلب أو دوما أو الفلوجة! يعني خبر عادي لا يستحق أن يكون خبر عاجل!
11978,فما بكت عليهم السماء و الارض
11980,باقيه وتتمدد باقيه وتتمدد باقيه وتتمدد :)
11981,الله اكبر كلنا الدولة الاسلامية
11982,"بقلوب مؤمنة بنصر الله واخذ بالاسباب وتوكلنا على رب الارباب
اليوم نعيش ايام فاصلة في تاريخ الامة
الدعاء الدعاءيا احباب  التوبة والانفال اخوانكم يسطرون الملاحم"
11985,هي الدولة.........  باقية و تتمدد....................
11993,العراق كان رجل وتحول بعملية جراحية إلى أنثى وهي الآن انثى متزوجة واسم زوجها هو الرجل إيران
11997,اتحاد طلاب الافغان فرع مدینة البعوث یدعوا الی توخی اقصی درجات الحذر عند السباحة.
11999,المشرف الأمني للحوثيين في المديرية والذي يكني نفسه بـ«أبو هاشم الشامي» قتل في اشتباكات مع المقاومة الشعبية  بمديرية عتمة بمحافظة ذمار وسط اليمن.
12000,《 واذا قيل له اتق الله اخذته العزة بالاثم فحسبه جهنم ولبئس المهاد 》
12010,"﴿ يَاأَيُّهَا الَّذِينَ آمَنُوا اتَّقُوا اللَّهَ حَقَّ تُقَاتِهِ وَلَا تَمُوتُنَّ إِلَّا وَأَنْتُمْ مُسْلِمُونَ(102) ﴾
و انشاء الله غدا سنسمع منه مسجد المسلمون و منع ما يسمى مسجد شيعى او سنى"
12017,من قرر الحرب على اليمن فليتحمل مسؤوليتها وتبعاتها لوحده ولا يورط الاخرين بوزرها..فالسعودية لديها جيشها ونفطها تستطيع استكمال نزواتها العسكرية لوحدها...لتتحمل مسؤولية قرارها
12023,أحلى التهاني لجميع الأحرار لتحرير مناطق الرقة الواحدة تلو الاخرى  ونحن في الأيام القادمة سنسمع خبر تحرير مدينة الرقة ونرجوا من الجزيرة إرسال مراسله الى هناك والتحدث مع الناس عن جرائم  داعش بحقهم
12036,محلل عسكري ذو خبرة ؟؟
12056,كانت صلاحيات محمد بن نايف في وزاره الداخليه اليمنيه فقط الان في وزاره الداخليه والخارجيه والدفاع والمياه الاقليميه والسماء ويفتش السفن ويفتش الطائرات ويمن اشياء اخرى .
12057,اذا سلمى الجمل بتقدم كل يوم الاخبار تاكد ان اخبارك كلها سعيده ما احلاكي ياسلمى الجمل .
12060,"أحلى خبر سمعته لهذا اليوم , 
الحمدلله الأمة لا تزال بخير و الأمة ضمائرها صحت , و لا يزال بها غيرة على هذه الدين ."
12064,نشمي أسد ابن أسد والنشامي مايقبلون الضيم.ثارت للامه كلها يا مغوار نحبك في الله ونحسبك عند الله شهيدا.
12073,الفطرة! لهذا تم إرضاع قدوتنا أربع سنوات
12078,يا من تدافع عن اللغة العربية في تدخلك هذا مالايقل عن ثلاث أخطاء نحوية
12081,عقدة المغرب مستمرة...لا يضاهيها الا عقدتكم من التاريخ
12086,بسم الله الرحمن الرحيم... لقد كان تعليقي اظهارا لقدرة شاعر فذ فليس هناك تحريض فلماذا لم ينشر تعليقى؟؟؟؟؟؟!!!!!
12089,وداعاً يا أسد قد أثلجت صدورنا ونظفت شواطئنا نسأل الله اللحاق بك
12093,يارب انصر جيش الخليفة
12101,لو تتفرج على الميادين و العالم و المنار ترى العجب العجاب .
12104,لم يعد احد يهتم لا برابعة ولا بالاخوان ، كفى محاولات ركيكة لتبجيلهم و اعادة ذكراهم
12107,سته مدري سبعه أشهر ولا رأينا أي تقدم للتحالف وبالأخير تقصفون قوارب الصيد في الحديده والأهالي في تعز؟ استحوا عيب!
12114,حسن جدا ؛ و من آبتغى غيرها مما أرضعته أمه فأولائك هم العادون ٠
12115,"بل تربص برمضان ٠
ـ كيف تكون أم كتب وأمة مضغة من لا يستطيع صوما ويستعجل العذاب ويبدل نعمة الله كفرا ¿٠"
12116,لقد سبقهم بشار الاسد بختراعه براميل تقتل البشر.
12117,طبعاً زياني،  لو  كان المخترع عربي سيفكر كما تفكر
12118,الدوله الاسلاميه باقيه . باقيه انشاء الله لانهم اسياد المعارك على الارض هم اسياد الارض والبر والبرار وساحات الوغى يامن تخافون من المعارك البريه . انظروا الى الدوله الاسلاميه اسياد المعارك البريه .
12120,قرُبَ اللقاءُ يا بغدادُ -والوعدُ موفٍ منَ الآسادُ
12121,منصوره دولتنا دولة العز.
12123,القادم اعضم مادما ايران تتدخل داعش تتقوا
12133,إخوانك يلطمون الآن في كربلاء إذهب و شاركهم أحزانهم
12137,يا رافع الرأس .
12149,يا مرحب باخوننا تيجان الراس يا مرحب بجنود الخلافة ، دونكم الارض ارضنا ونحن تحت احتلال الان انتم تجابهون خط اليهود الاول .
12151,الحمد لله على هذا الخبر المفرح ان شاء الله يتم تحرير المعبر ومنطقة الوليد
12155,لماذا لا يذهبون إلى مناطق داعش؟
12159,سرير العمليات لا طاولة العمليات
12179,"الى المحرر, الرجاء التأكد من مصداقية المصدر لهاذا الخبر, توجد مقالة اللاندبندنت عام 2014 تقول ان هذا الخبر (و هو قديم) أنه مجرد اشاعات !!"
12180,عيب عليكي يا الجزيرة أن تنشري خبر غير صحيح. الخبر إنتشر عن طريق النكته منذ حوالي ألسنة.
12184,إسمها الدولة الإسلامية و ليس داعش.
12194,سبحان الله ارى الشبيحة رجعوا للتعليق بعد اختفاء طويل !!!!
12195,ويمكرون ويمكر الله والله خير الماكرين. صدق الله لاعظيم
12211,كنت ناوي شارككم بس فضلت المسير الى واشنطون.
12222,زيدي ماءزيدي طحين
12232,هذا قرار في محله ويجب مراقبة المساجد التي تشوش عقول الشباب من خلال طرد وترحيل من يحاول بث الفتنة ببن مكونات الشعب الفرنسي
12249,أنا قبل عدة أشهر قضيت حاجتى بالخلاء (اذا انا من المليار؟)
12250,قل موتوا بغیظکم.
12256,انشاء الله راح تنشرو هذا التعليق
12257,في الدنيا و الاخرة الفرس منتصرين
12258,نعزي حكام العرب في هذا الخبر
12261,اجتمع امريكي وانكليزي وماهية النتيجة فكرو يا ايها الأخوة
12271,امام روسيا كل الدول الخليجيه مجتمعه لا تنتصر....... بضمان .
12274,كنت كلما تشاجرت مع ابن الجيران يهددني باخاه الأكبر أو ابن عمه الأكبر  ... قلت له استعمل عضلاتك بدل عضلات الناس  .
12284,فعلا إنها فقط تصريحات و ستنضم باكستان إلى هذه التصريحات أيضاً.
12285,تدخل عسكري ؟؟؟ مسكين يا بوتين، في الماضي أستعبد الأتراك شعوب عربية عدة، و الاَن جاء الدور عليك، و سيصبح الحاكم بأمر الله أردوغان و أخوته ولات أمركم............... رحم الله من عرف حده فوقف عنده.
12289,خلوني اضحك شوي هههههههههههههههههههههههههه
12291,نتمنى حلا عسكريا لحماية الشعب الفلسطيني و(المقدسات ) في فلسطين من بطش الصهاينة المجرمين
12293,لا اريد التعلق لان ألأمير القطري والملك ألسعودي معهما رئيس تركيا قررو انقاذ الشعب العربي السوري  أمه عربيه واحده وعقبال الأحوار!
12296,جنود هنود وبنقال
12300,لماذا ل تحمي الشعب الفلسطيني?
12301,فوائد الخيار اكثر من الفلفل.فكل واحد ياخذ خيايارايه واحده في الاسبوع يحرر قريه من اهلها.
12304,أمنا عائشة قالت لو شهد النبي صلى الله عليه وسلم ما أحدثن بعده لمنعهم من الخروج للصلاة فأين الثرى من الثرية .
12312,يبداء الانزلاق بفكره تبدو في ظاهرها جيده وغير ضاره.
12319,المصابون بالامراض الخطرة مثل الايدز يجب منعهم من السفر لبلدان اخرى كي لا ينشروة.. فحص الدم لكل من يريد السفر
12359,العقيد محمد زيدان وصل إلى مقر المنطقة العسكرية الثالثة رفقة 8  من الضباط والأفراد من معسكر 26 المرابط بالسوادية التابع للمنطقة العسكرية السابعة واعلنوا انشقاقهم عن الحرس الجمهوري
12371,هذه فرنسا التي ابرمت معها السعودية الشقيقة عقوداً استثمارات . لكم الله يا ابناء الجزيرة العربية  رحمك الله يا ملك فيصل .
12374,"أتمنى من اللٌه أن يصلح فيما بينكم, وأرجوا منكم أن تصلحوا ذات بِيْنَكُمْ"""
12376,كيف كان تقس الاسكا يا سيد ايمن?
12377,سني يكفر سني و السنة و الشيعة يكفرون و يحاربون بعض . مئات الأديان و المذاهب بالغرب يتعايشون و يبنون بلادهم و يتبعون لكن دينكم و لي دين .
12380,لكل داء دواء يستطب به الا الحماقة اعيت من يداويها
12382,اوبس!! ماذا سيكون رد ابن الشارخ واسامة الكندي
12383,اتق الله يالعمور فالبومتيوت يحبونك
12395,الذين قاموا بهذا لنفجار هم الذين حتاجوا في محطة القطرات
12405,السيدة افخم! تحياتنا لك !
12426,انا اشكرك فحل من ظهر فحل
12432,أنشر:  أملنا فيكم يا أبناء السامية. لقد ذل العرب الرجعية و الدكتاتورية العسكرية. اتحدو هذا هو يومكم وستكونو مفخرتأ للجميع في هذا العالم الذي هتك بنا و بكم.
12434,عمكم طارق الفقير العنزي
12437,نسال الله لهم التوفيق والنجاح فنجاحهم نجاح لنا جميعا
12438,لن تنجح هذه الخطوة مع خالد مشعل بحصد نتائج الانتفاضة التي يقودها شبان صغار غير حزبيين. أظن أنه مفكر حاله مثل مرسي مصر الذي حصد نتائج ثورة شباب مصر بدون أدنى مجهود .
12439,أنا كمواطن جزائري يحب وطنه أقول حيا ا لله ولي أمرنا أمير المؤمنين الخليفة إبراهيم عواد.
12444,ومن أظلم ممن منع مساجد الله أن يذكر فيها اسمه وسعى في خرابها أولئك ما كان لهم أن يدخلوها إلا خائفين لهم في الدنيا خزي ولهم في الآخرة عذاب عظيم
12454,والله حضك ياتوفيق طه بجنبك فرس . ياحضك
12455,توفيق طه تسمحلي اداوم  مكانك يوم واحد بس
12457,نحسبهم عند الله شهداء كل من الشهيد سعد راضي عياش العنزي و اخيه عبدالعزيز راضي عياش العنزي
12461,كذلك فلسطنيون لا يحتاجون للمقاومة عدو الأسرائيلي يستطيعون تعايش معهم و يصبحون الأسرائيلين
12469,واحد أخر قال الميادين أيهما نصدق
12470,ليس لدي مشكلة مع اسرائيل وهذه المشكلة هي بين الاسرائيلين والفلسطينين ونتمنى منهم ان يحلوهها للحيلولة دون اراقة دماء اخرى
12477,سؤال لماذا  يتجاهل العربان  تفسير النبي صلى الله عليه وسلم لأية (وإن تتولوا يستبدل قوما غيركم ثم لا يكونوا أمثالكم ) قول موتوا بغيظكم  هذا وعد الله وحكمه وبشرى رسوله
12483,يجب تعديل بعض نصوص الإسلام. كما قلت سابقاً العالم بحاجة الى الرحمة وليس الى الدين!
12484,تونس تعرف مصدر الإرهاب و لكن لا تجرؤ على الكلام لانها اذا تكلمت تتهم انها مع سوريا ضد الإرهاب.
12485,الم تقولو انكم اسود وابطال وبككي ويبجي  وماني عارف شنو   ونتصرتم علينا لشجاعتكم الخارقة  ...لماذا تلطم اذا
12486,هزمنا حزب (....) والله ضحكتني ههههه  لا يا شيخ
12487,كيف القتل لتكفير ملة إينما كانو والقتل كردة فعل،هذا تناقض في أسباب القتل.
12494,داعش نقلت الارهاب( تيروريزم )الى مرحلة اجرامية اعلى ...وهي الارعاب (هوروريزم)...الإرهاب يُخوف ويُرهب ..ألارعاب يُهوّل ويُرعب.
12495,جثث جاثية كان لها احﻻمها وتوقفت
12500,ردة فعل لفشل التحالف في ارجاع هادي الى اليمن.
12502,أنا أستغرب كيف يستغرب الناس هجمات في دولة أعلنت الحرب على الدولة الإسلامية هل من المنطق أن تعلن الحرب على خصم تهاجمه بكل الأسلحة ثم تستغرب لما يهاجمك
12503,انا كسلفي سعودي ارى ان السعوديه ريئه من هذه الاعمال السعوديه بلد ديمقراطي ولولا الله ثم السعوديه لاكنت اليمن تعيش في بحر من الدم والعراق يعيش في بحر من الدماء ولكان حال مصر يعجز اللسان عن وصفه
12504,اقول آمين
12507,الحمد لله على نعمة الاسلام !!؟؟
12508,خسارة التحالف في الحرب ونيل أي مكاسب من تدخله في اليمن وسوريا والشحن الإعلامي ضد ايران والفتاوى التكفيرية تبث الفتن في الخليج خدمة للصهاينه
12529,التقرفص على الكرسي الغربي هل له اضرار ؟
12535,"لما قرأة مقال نسيت نفسي كأنا الأنسان , و أعش على سطح الأرض"
12539,قل خيرا او اصمت انت ليس لديك معلومه لتضيفها ما دخل الدين بالابحاث الفضائيه وانت من تمثل حتى تتحدى. علماء المسلمين الاوائل قد ابهروا العالم بابحاثهم ولم يقحموا الدين في نشاطهم فكان التقدم و الرقي
12540,نحن فقط مهتمين بتفسير القرآن ثم تفسير تفسير القرآن ثم تفسير تفسير تفسير القرآن ولم نأخذ قط شيء من علم هذه التفاسير لنتعلم منها .. نحن فقط شطار بمحارية المتعلمين
12542,بل الدليل القاطع هو ولما قضى زيد منها وطره زوجناكها
12547,لاأفهم ما دخل الٱية في الموضوع
12548,هههههه،،، صحيح والله، من على الأرض من نفس جنس الإنسان لم يسلموا فما بالنا بكاءنات أخرى !
12549,لمن يخشى أن يهاجمونا : ( مسافة السكة ) ؟!
12553,¿¡ وهل يخص اسبانيا الاسمنت والحجارة واليد العاملة حتى تلجا الى مسجد شيد بآيادي عربية لعبادة الواحد القهار!?
12567,سنكون سعداء عندما نرسلكم جميعا الى جنتكم
12577,يهربون الجبناء وهم لا يعلمون ان الموت ينتضرهم حتى في بلادهم لقد دخلت روسيا اتون الحرب ولن ترج منه الا مكسوره.
12584,من صوت بنعم من الأحزاب وكم عدد المصوتين؟ ومن صوت بلا من الأحزاب وكم عدد المصوتين؟
12603,لماذا لايوجد تعليقات على هذا الخبر ؟
12605,الحدث يحتم على اﻻكراد اﻻستفاقة ولالتحاق بصفوف الدولة اﻻسﻻمية حفاظاً على وجودهم
12620,اعتقد ان خبر توقيع مصر والمانيا اتفاقيه استثمار في الكهرباء في مصر ب 9 مليار دولار اجدر ان تجعله الجزيره لعنوان خبر ،، ولكن للاسف الجزيره تبحث عما يوافق جماعه مرسي وفلوله ،، لكي الله يا مصر
12630,عظم الله أجورنا وأجوركم بمصابنا باستشهاد الإمام الحسين عليه السلام وأهل بيته وأصحابه
12631,اللهم العن قاتلک یا اباعبدالله. لبیک یا حسین
12633,"السلام على الحسين بن علي بن ابي طالب. 
صيام يوم العاشر من محرم بُدعة.
بُدعة اُخترعتْ احتفالاً بقتل الحسين (ع). 
السلام على الحسين
وعلى عليٍ ابن الحسين
وعلى اولاد الحسين
وعلى اصحاب الحُسَيْن"
12634,يجب وضع الامور في نصابها الصحيح بعيدا عن العاطفة والتعصب وهوان فرق الشيعة فقط من يحتفل بعاشوراء وليس كل المسلمين ثم كيف للمسلمين ان يحتفلوا بمقتل سبط رسول الله صلى الله عليم وسلم
12635,لكم دينكم ولي ديني!
12649,كول زيزي.  ولو كنت عراقي لعرفت التكمله.
12661,الكل يعلم ان آلاف القتلى المدنيين هم بسبب قصف التحالف ولماذا لا تبث الجزيره تقارير  عن ضحايا الحصار والدمار في البنى التحية من مطارات ومستشفيات تتيجة قصف التحالف؟
12671,وجودة اسلحة وذخائر للجيش اليمني في المدن لا يبرر قصفه فهذه يعرض سلامة المدنيين للموت وستبقى في ذاكرة الاطفال والاجيال ان حكومات الخليج تآمرت ودمرت بلدهم وجيشهم وخططت لاصطناع حرب اهلية
12673,"سبحان الله يا جزيرة, لم يعد يسقط مدنيين أبرياء في اليمن! أين المهنية والجزيرة مع الإنسان؟؟"
12676,الامور تحسب في خواتيمها..اكثر من 26 يوما من القصف..فما هي النتيجة على الارض؟؟والاغرب ان اليمن لم يرد بعد..هل هو استدراج لتدخل بري؟؟
12677,اي نباح هذا نفس جدرائم الصهاينة في غزة والان القصف بالغازات السامة على العزل باسم الخوثيين اتحد المعتدلون مع الصهاينة فدمروا بلدا عربيا
12682,هدم المنازل .. سياسة إسرائيلية !
12683,رحم الله دنيا واخرة كل مجاهد في سبيله يعاني ليرى نور الله على الارض .
12691,"على العكس من ذلك تماما""، لقد تم قتل عدد من الارهابيين البحرينيين في كل من سوريا و العراق تابعين لداعش و جبهة النصرة. كان من المفترض استدعاء سفراء البحرين في هذه الدول للاحتجاج."
12697,تعالي ﻻيغتفر
12713,الشعب السوري الثائر لا يمثلنا كسعوديين
12715,ارجوا لوان يشارك في الحكومة حزب القومي ايضالان الاتراك ثبت ان اكثر مايتمتعون به من حقوق كان في العراق وتركيا وههم تامروا على العراق العربي والان ضد تركيا لكن جئدون مع الفرس وا
12717,قصي أمجد غزاوي أليس من فلسطين؟
12718,لا أوافقك الرأي بتعلم لغة الإيرانيين!
12719,"الوهابية تحرم المظاهرات و الأقباط يحرمون المظاهرات, هذا دليل على أن الوهابية و الأقباط لهم نفس العقلية, كلاهما لهم رب يخضعون له من دون الله ""الملك"" و ""البابا""."
12728,الاصل في المشكلة هو حكم ما يسمى بأمير المؤمنين
12729,الله محيي انصار الله
12733,للاسف نقل خبر غير دو مصداقية كيف يعقل ان جميع القصف الروسي يستهدف المدنيين في سوريا اما في اليمن فقصف التحالف العربي يستهدف الحوتيين فقط قمة الاستخفاف بعقل المشاهد
12737,مصادر غير رسمية. تأكدوا أولا قبل نشر الخبر عافاكم الله.
12739,لماذا هذا العجب .. بكل بساطة المقابر في الرياض وبكل انحاء السعودية هي خاصة للمسلمين فقط .. ارجع لعقيدتك وأعرف نفسك من انت .
12740,قامت سلطات البحرين بهدم عشرات المساجد تابعة للاغلبية الشيعية في السنوات الاربع الماضية و لم يتحدث احد عن ذلك!.
12750,وَيْل للمنافقين
12760,حالة مثيرة للحسرة، الإسلام لن يضر غير أتباعه،
12762,شكرا جزيلا اتمنى ترفعون الفيديو على قناتكم في اليوتيوب
12764,"إفعلوا ما شئتم في هذه الدنيا إن شاء الله أيها الارانيون،
ولكن أتلوا عليكم قول الله تعالى : إِنَّهُ مَن يَأْتِ رَبَّهُ مُجْرِمًا فَإِنَّ لَهُ جَهَنَّمَ لَا يَمُوتُ فِيهَا وَلَا يَحْيَىٰ."
12766,اجمل وصفه اقدمها لفالس هى عدم الطعن فى بشار بل التعاون معه لجلب اسرى من الحر وداعش  لمزيد من المعلومات الاستخباراتيه اما الطعن فى بشار الذى لم يضر فرنسا فى اى شئ فهذا ضد العدل .
12767,لله درهم وعلى الله اجرهم
12768,ثورة 2011 يا جزيرة صححو الخبر
12770,لماذا لم تنشروا بقيه المقاله وحديثه عن قناة السويس ورؤيته للمستقبل الاقتصادى فى مصر ولا بتنشروا فقط اللى جى على هواكم
12771,نسأل الله أن تكون البداية
12775,لولا الموسيقئ لمت من القهر والغضب الموسيقئ تريح النفس وتروضها
12776,لمثل هذا يذوب القلب من كمد
12777,باركالله فيك يا سؤال علىالاقل هناك من يفكرون بالوطن العربى والعملاء آفةعلى شعوبناالعربية وليس الا بسورية بل بكل اوطاننا العربية تحت الاستعمار
12778,من حفر حفرة لأخيه وقع فيها.
12783,تركت تركيا موقفها التركوازى و السلبى تجاه تنظيم الدوله .
12785,فعلى اﻻكراد اسغلال هذه الفرصة الذهبية واللحاق بركب الدولة اﻻسﻻمية
12790,تركيا باقية وتتمدد !
12791,بالکردی لدینا تعبیر (جاشی سه‌کوسه‌کباب) یقول بانه لاداعی بان ندعی باننا کرد ان کلما اردناه هو التعبیر عن راینا.
12799,اما  الصورة فوق الموضوع فلا محل لها من الاعراب بتاتا
12809,"وعليكم السلام اخي ممكن تكلمني انا اسكن باملريكا ايضا .ابعث لي رسالة 
609-283-2486

شكرا"
12815,أتمنى وان شاء الله أن تكون أفعاله وخططه ..باناقة قاطه الأزرق الآزوري وربطة عنقه وقميصه الشيك....فيفلح العراق الجميل.
12819,بالنسبة لنا المسلمين ، اليوم التالي بغداد بلا شك .
12820,وين إذنك؟
12830,المطمورة العامرة ادا مريت فوقها ما تعملش صوت ..
12831,"هذه مفخخات من الخلف, مالم تكن مباشره من دوله صناعيه .لانه لايجوز بيع اوهداء سلاح الى عصابه اوطرف  ثالث والا كان في صنعاء باتريوت."
12838,الدم يا صديقي  و كثرته و قتل المسلم لاخيه المسلم . ثانيا سواقه السيدات . ثالثا انتشار الاخبار عن النساء و جرام الشرف حتي لو كانت المرأه المجني عليها . عاير اكثر .
12841,"كان الاجدر بالامارات ان توقف السياحية الجنسية والخمور في فنادقها وبلادهم قبل التحدث عن الحجاب 
تناقض عجيب أليس كذلك"
12844,نشجع الروس إلى التدخل لحماية الفلسطينيين، وإلى دعم الجيش الفلسطيني الحر في نضاله المشروع للإستقلال، وتفعيل راداراتهم لبسط حظر إلكتروني لتشويش جميع الأجهزة الإلكترونية والكاميرات في الأراضي المستعمرة.
12846,"( المؤسسات التي تمنح الجميع حقوقهم ) الحقوق للجميع مصانة في القادم في ظل حرية 
تستمد أصولها وأسسها من الدين الاسلامي العظيم ."
12851,صباح الفل على أهل الفل، أحلى أخبار. ربنا يحفظ جنود الدولة من كل سوء ويجزيهم خير الجزاء فى الدنيا والآخره.
12852,التقرير المرئي: (فطايس ايران تنقل بالشاحنات الى طهران!!! -19-5 )
12859,سوريا تجري من تحتها الانهار.
12871,و هل امريكا عربية؟
12872,هذا جيد ولكن تدخلوا ولازال يتدخلون هل من يقفهم عن حدهم ثم يجب أن يكون هذا الموقف كاملا وشاملا وليس تلميح للفرس فقط لأن من يدعم الفرس في الخفاء هم الأخطر ثم الفرقى هي سبب ماهم فيه العرب
12879,رب انك انت المنقم الجبار سوريا احرقت بالنيران لسنوات
12884,كلمة السر نوري الهالكي
12885,"لمذا لا تفتح الجزيرة منتدى للمناقشة أقصد موقع دردشة,بالإنجلزية ""فروم"" ..أتمنى أن الفكرة وصلت. :)"
12886,متعلمين على بالروح بالدم نفديك يا انه داء؟
12889,"الحبر يثلج الصدر, و ما اجمل هذا المنظر! :)"
12914,تموت الاسود في الغابات  جوعا ـ ولحم الضئن تأكلة الكلاب
12915,التخابر مع قطر شرف، ماأجمل سورة =ق=، يراجعها قوم بهم إيمان، سبحان الله
12922,آمين يا رب العالمين.
12930,"دعوة عباس مبتكر الساعة ""القنبلة !"" إلى البيت الأبيض: وكان عباس قد اعتقل بعد أن أحضر إلى الأمم المتحدة ساعة صنعها بنفسه ليطلع عليها مدرسوه وزملاؤه في حصة الهندسة الإحتلالية."
12931,نهاية الفلم زعيم العصابة نزل بنفسه
12946,"قديما قال الشاعر العربي:
ومن لم يذد عن حوضه بسلاحه يهدم........ ومن لا يظلم الناس يظلم

حقيقة لم يفقهها الإخوان حتى الآن."
12947,ثمن السلمية
12952,تحيا مصر   عاشت مصر   عاش اسد مصر الزعيم المؤمن عبد الفتاح السيسي  حفظه اللة ورعاة لمصر وللمصريين وللعالم العربى باجمعه
12957,اسمه الكامل .. رياض بابو ياسين خان . هندي الاصل .
12958,(قُلْ مُوتوا بغيظِكُمْ)
12962,يعني انكم فرحانين بقتل السعودية لالاف المدنيين في اليمن واين ضميركم اذا ؟؟؟
12964,"لمادا ليس .. ما يسمى فجر ليبيا و جيش القبائل .. كلا اللقبين اطلقا من قبل منتسبي الفريقين .. المهنية تقتضي ان نضيف الى كليهما ""ما يسمى"" و ليس لاحدهما فقط .."
12977,مياده انتي ذوووق لبسك مره حلو وصوتك حلو  وكلك على بعضك حلوه قمر عسل بتجنني
12981,فتح بغداد اقترب
12983,هاذه  هي ثمرة التعاون الامني العسكري العالمي  والاتي ادهى وامر  باءذن الله
12989,سامحك الله يا أخي ... استغفر الله من نزغ الشياطين فوالله انك عممت سوءا على شعب تعداده بالملايين و فيهم الصالح المجاهد الطيب و فيهم ما دون دلك. مع خالص محبتي للكويت و أهلها الطيبين.
12992,عرض جيد سيساهم في إحاطة القراء بخطورة الصيام الإسلامي على المرضى و الأشخاص العاديين
12993,يجب ان نتكلم على عيد الفطر فلم يبقى وقت للتحدث عن رمضان مبادرة حسنة متاخرة كالعادة
12997,الدولة الإسلامية  كسرة انوف كثيرة يا رعاك الله .
13001,لو كنت محل حماس لاطلقت سراح هذا الجندي دون مقابل،انه من الفلاشا ومواطن من الدرجة الثالثة في المجتمع الاسرائيلي
13007,"من هذا السيد المتخرج من مدرسة الضحك الإيرانية بدون شك ممثل هزلي هل هناك شخص هذا اليوم يصدق ""بمحور المقاومة"" الله يدوم علينا عقولنا"
13014,قال الّنبي صلى الله عليه وسلم قال: ما العمل في أيام أفضل منها في هذه، قالوا: ولا الجهاد؟ قال: ولا الجهاد إلا رجل خرج يخاطر بنفسه وماله ولم يرجع بشيء. رواه البخاري
13017,الدولة الإسلامية ستنتصر و معارضة الأعراب و الترك هي حطب أوباما.
13020,الله محيي الجيش السوري والروسي
13021,وهو من عربي من الكويت
13030,بالطبع (اسرائيل)بايران وروسيا ايضا
13036,هناك خطا في صياغة الخبر بهذه الطريقة فان القارئ سيفهم من الخبر ان كوريا الشمالية تقاتل مع أمريكا ضد أعداء أمريكا ارجو تعديل صياغة الخبر ...
13037,الذي تهيمن عليه عائلة كيم منذ إنشائه عام 1945.لمادا لا تستعمل هده الجملة علي ملوك العرب والله لهي تنطبق تماما عليهم
13043,ثم عاد وقال انه لا يتهم الدولة الفرنسيةبه وقال لربما سهلته ومخاطبا جمهوره
13062,هيئة البيعة ما ذكرت ليش؟؟؟؟؟؟؟؟؟؟؟
13064,هيئة البيعة لم تنعقد؟؟؟؟؟؟؟؟
13066,نتيجة طبيعية لصمود الشعب اليمني في وجه العدوان .
13068,هل بدأت نتائج فشل الحملة العسكرية على اليمن تظهر؟؟؟
13070,تمعن / فالصورة تتحدث عن نفسها (ما هذا الابداع يا جزيره)
13077,فَاسْتَخَفَّ قَوْمَهُ فَأَطَاعُوهُ إِنَّهُمْ كَانُوا قَوْماً فَاسِقِينَ (54)
13086,"بدأت 140 دار سينما في إيران عرض فيلم ""محمد رسول الله"" الأضخم والأكثر كلفة في تاريخ السينما الإيرانية. الفيلم الذي شهد إقبالاً واسعاً يروي طفولة النبي الأعظم"
13094,اكل ..... يا .....
13106,"يقول مثل صحراوي: من اخذ اصبعا من يد اخذها كلها.
وحتى لا تاخذ كلها فعليكم ب:التعاضد والتلاحم وخيرالحلول تحويل ٢٢ دويلة الى دولة واحدة,حينها ستعود تلك الهيبة الرائعة."
13111,سواء تدربوا في أرثريا أو المزنبيق ما الفائدة من هذاالخبر
13112,هذا رئيس اركان يمني و لا سعودي يقول هذا الكلام ؟
13138,بل ملعقة عسل في فم قطر و الجزيرة
13145,وله ما يستحق امين
13149,سبب فيروس كورونا هو شرب بول الإبل.
13170,"تسلم الايادى 
تسلمو ي أحرار بلادى"
13171,للاسف الشعب السوري يقتل علي مدار الساعة لبينما أمريكا وروسيا تقرران بقاء او إقصاء الأسد الله ألكم يا شعب سوريا
13173,جزعه الشديد خطأ مطبعي يقصد عجزه الشديد
13176,كنت اتمنى لو عقدوا الاجتماع بكربلاء أو النجف أو قم
13185,هذا الوزير من اصل مغربي
13187,نجم ومنجم  ما شاء الله على هذي الأدمغة الساطعة ....
13188,هذه السيارات تشبه إلى حد ما سيارات الأمم المتحدة .
13197,الله در الاسود ولا عزاء ل(..........)
13206,وما دخل السعود في اليمن
13216,صالح في شجاعه صدام وزياده.لا يمكنه الخروج واليمن تحترق.فلا مكانته ولا اخلاقه تسمح.وسيذبحونه سنحان لو فكر لحظه ان ينخلى عن دور القبيلي للخضيري.
13217,اعرف الرئيس السابق صالح شخصيا لسنوات قبل وبعد الرئاسه. رجل شجاع بمعنى الكلمه.فقولوا عن غيره هذه التفاهات.يعني حرب لاشرعيه وايضا لا اخلاقيه؟
13221,مصر لسا فيها رجال ارفعو دعوه قضائة عليه في كل دول العالم حتي لا يمكنه دخولها الا سجينا
13228,إنتهى الرز . لذلك لا تجدهم هنا.
13229,مع احترامي للجميع ،لكن واضح جدا أن القط يحاول التزاوج مع القط الميت ،والحيوانات أحيانا تفعل ذلك فهي مجرد حركة شهوانية استغلالية ،وهذا المنظر مألوف أستغرب كيف حولتوه إلى قصة عاطفية.
13231,يبدو لي ان القط ذكر والقتيلة قطة يريد التكاثر منها وليس  موضوع رفق او عاطفه بسبب موتها
13247,"شنو هاي المكناسة, انا عراقي بسيط لا اعي التعابير اللغوية؟"
13264,هههههههه اضحكتني حتى بانت نواجذي
13267,قريبا قريبا ترون العجيب
13272,الـلـه أكبـر الـلـه أكبـر ... دعواتنا لكم بالنصر ان شاء الله الدوله الاسلاميه باقيه باقيه
13273,اضرب يا بغدادي، اضرب يا خليفة المسلمين، اضرب يا أمير المؤمنين، اضرب فداك أبي وأمي
13274,سلمى الجمل ..بحجْم أشْوَاق العالمين أحبّكِ .
13276,...أصرخ على قد ألمك ....فأنت في فج عميييق،الحمد لله الذي أثلج صدور المؤمنين الموحدين و أغاض الكفار ، المنافقين، المجوس و المرتدين ....باقية و تتمددد بإذن الله ولو كره الكافرون
13277,"غيزوندهايت تيبس   كيف اجد هذا الموقع ,بالحروف العربية لا استطيع ان ابحث يا جزيرة !"
13278,افضل تقنية هي الموجات الصوتية رورو موقعنا
13279,محمد حسنين هيكل
13285,"الحقيقة تكمن أن ""الجزيرة"" كتبت تقرير عن هذه المنشورات ...المنشورات إذن وصلت إلى هدفها وحققت الغاية المنشودة منها!!"
13291,﴿وَلَا تَحْسَبَنَّ اللَّهَ غَافِلاً عَمَّا يَعْمَلُ الظَّالِمُونَ إِنَّمَا يُؤَخِّرُهُمْ لِيَوْمٍ تَشْخَصُ فِيهِ الْأَبْصَارُ)
13296,"يجب أن ينشر الخبر:
 بأن السيسي قال اليوم الاثنين إن الحكومة المصرية الحالية التي يرأسها شريف إسماعيل سوف تستمر في مهمتها سواء إذا وافق البرلمان الجديد على برنامجها أو  لم يوافق."
13310,من تسمونهم مقاومة في ابتهاج وتغني بان القتلا القتلا القتلا في صعده اليوم بس ٣٤ وانت تقول نازحين ولان المشاهدين  الاعلا الله وملائكة  اقوى واشد اصحى الصدق امانة والكذب خيانة
13323,علي الجزيرة ان تعتذر عن المقال والعنوان اللذي اُتهمة فيه الدولة الاسلاميه بأنها من قد يكون وراء التفجيرات.
13327,"لاحظ أن الخبر يستخدم لفظ ""جندى"" عندما يشير لقوات المؤتمر الوطنى، ولفظ ""مسلح"" عندما يشير لقوات الدولة. وعادة ما تحوى طريقة صياغة الخبر موقفا أو رساله يراد تمريرها فى طياته."
13340,هل دخول الحمام باليسار ام باليمين ؟  باميه
13342,مددوهم إلى الأقصى الحبيبة إذا كنتم صادقين !
13344,"إن كان يريد هذا الملك أن يطبق سنة الله و رسوله فليبدأ بالأيات (51-57 من سورة المائدة)  و يلتزم  بكتاب الله و سنة رسوله هو أولى ثم يأمر الآخرين.
"" .. أتأمرون الناس بالبر و تنسون أنفسكم ..."""
13347,الاخ الجزائري: تامل خيرا بالملك سلمان فسياساته ليست كسابقه
13349,الكتاب يقول:(إن الملوك اذا دخلوا قرية افسدوها وجعلوا أعزة أهلها أذلة وكذلك يفعلون) أما السنة فالرسول صلى الله عليه وسلم لم يجعل الحكم وراثيا بل جعله شورى بين المسلمين يختارون من يحكمهم
13351,من يمول قناة العربية و باقة إيم بي سي ومجموعة روتانا ؟
13359,"اخوي الغالي ،، 
راجع نواقض الاسلام العشررة اللي نص عليها الأمة الأربعة 

وتقبل تحياتي"
13360,رد الدوسري مضحك. لا توجد حرية صحافة بنجد والحجاز وتهامة والأحساء وعسير الاتحادية
13361,شرعية مرسى كادت تزعزع العروش العربية فكان لابد للطغاة أن يمنعوا الشرعية
13364,خالد. كلمة حق أريد بها باطل. لا نريده يحرر الأقصى ولكن نريده أن لا يدعم اليهود
13365,نعم تحلم لانهم يسيرون على قاعدة خذ من اقوالي ولا تأخذ من افعالي!!
13366,لعلك تعني نفسك بهذا الحديث
13367,حررها أنت ودولتك . . فلسطين مشكلة الفلسطينيين . . المسجد الأقصى مشكلة مليار ونصف المليار مسلما وليست مشكلة السعودية وحدها
13374,كما هي الشعرية على الظاهر لن  يقول احد التحكيم تقيه وبعد التحكيم والمحكمين نعرف اهيا تقية ام صدق
13376,"لماذا اذا مدير قنوات شبكة ام بي سي و روتانا والعربية
يتصدروا المجلس عند جلالته . ومن هو الشخص الذي حضر افتتاح القناة وبارك لها ."
13379,كناب من وسنة من ،، نرجو التوضيح بارك الله فيكم يا جزيره!
13385,والذين كذبوا بآياتنا سنستدرجهم من حيث لا يعلمون 182 وأملي لهم إن كيدي متين 183 صدق الله العظيم.
13392,قال
13394,الأخطر منهما هو مصدر الإرهاب الذي ينهلان منه القرآن و اللحاديث
13395,"الاخطر الدولة الاسلامية والقاعدة شيء من الماضي
اللهم مكن لها في مشارق الارض وغربها"
13396,باقي بس العريس ابن الحلال . و بعدها القبر
13397,مرة عجوز باخر عمرها تروح تتعلم دينها و تنستر . و تفهم كتاب الله قبل ما يجي وقت دفنها احسن لها
13399,تستطيع الحصول على دكتوراه في الأدب الفرنسي حتى ولو كنت في سكرات الموت المهم انك تحارب لغة الضاد وثقافة المسلمين وتموت وأنت تعانق لغة فولتير ... اللهم حسن الخاتمة أمين
13407,هذه اليمن وليست فلسطين. شعب متجانس قوي صبور له قيم وتاريخ.
13411,لقد أصبحت القدس -فلسطين - قاب قوسين أو أدني -ليسوء وجههكم وليتبروا ماعلي تتبيرا-صدق الله العظيم
13417,والله هى اجمل واحلى رسالة الثوار الاببببببببرار لحزب (اسرائيل)لكم التحية وادحوره من ارضكم والسلام
13424,الحمد لله اللهم المزيد
13433,يعنى ينفذمخطط طائفىاستعمارى بامتياز هذه اخرةالشعوب التىتوكل جماعات تدعىالجهادوهم عملاءالمستعمرين وواجب للشعبالسورى التخلص منهم والامةكلها
13436,(ومن يهن الله فما له من مكرم ان الله يفعل مايشاء).صدق الله
13438,مجمل اخبار.... الجزيرة
13449,"استاذه رولا ابراهيم 
  تحيه وتقدير
شوفي تعليقاتي ماتطلع تفاهمي معهم . ليه ماتظهر تعليقاتي ؟ 
تقبلي احترامي وتقديري"
13458,بالروح بالدم نفديك يا والتكملة معروفة حبذا لو انتبهت الى اخطائك الاملائية وعدم تشويه اللغة العربية
13464,تنظيم الدولة يرسم سياساته كما الأخرين .
13467,كيف يمكن الاستفادة من الانترنت و تكنولوجيا المعلومات في التوعية الصحية و الاجتماعية ، بارك الله فيكم ووفقكم لكل خير و شفاكم من كل سوء
13470,ليست غريبة ...... فانه.  مصري!!!!!
13484,لماذا لم يخلقنا لله مختونين منذ الولادة و أمرنا أن نقوم بهذه العملية المؤلمة و الخطيرة بأنفسنا ؟
13485,وماذا عن الحسار علي رام الله
13494,ما هي جنسية القتلى، باكستانيون أو هنود؟
13502,في بلدي يقال: الغولة اكلت ابنائها.
13523,"الفلوس لي دفعوها خلصت
و كله بثمنه
عايزين تدخل أكبر ، يدفعوا أكثر"
13524,"المصريين اهل عقل ومنطق وطوال عمرهم اصحاب قرارات متعقلة ومسؤولة,موو متل بعض اطفال السياسة الذين يلعبون بالنار"
13542,لقد استحييت أن أعلق بالتعليق المناسب خشية الاّ يُنشر
13547,و ما لكم لا تقاتلون في سبيل الله . أذن للذين يقاتلون في سبيل الله بأنهم ظلموا و أن الله على نصرهم لقدير.
13553,الجزيرة ممكن اتكلم عن السيس وما تحطين ...
13571,ما من دابة في الأرض ولا طائر يطير بجناحيه إلا أمم أمثالكم ما فرطنا في الكتاب من شيء ثم إلى ربهم يحشرون
13572,الكلب ارحم على الانسان  من الأسد ،،،
13574,الخمر حرام .
13586,سؤال بسيط رجاء من الجزيرة نشره: ماذا يعني عبد اللهيان؟  هل اللهيان اسم من الأسماء الله الحسنى؟؟؟؟
13596,جداً. مثل معرفتك للفرق بين الدال و الذال.
13599,كيف الخبر يانشوه
13602,کل انسان عاقل یفهم کذب هذا الخبر
13603,فلاتوجداردن وهىالظفة الفلسطينيةفقط
13620,الان يتم تركيبة لمصر لانه محكوم علية بخمسة عشر عاما سجن و ليس اعدام !
13631,تعليقي هو .. اللهم إني صائم
13636,(اسرائيل)هى احتلال لفلسطين لا يشطبه لا بان ولا المستعمرين وفيه يدخل لاغتصاب الاطفال الفلسطينيين وجرائمها بهم بغزة
13657,مجاملات لا اكثر ولا اقل..
13679,ويوم يعض الظالم على يديه يقول يا ليتني اتخذت مع الرسول سبيلا ( 27 ) يا ويلتى ليتني لم أتخذ فلانا خليلا ( 28 ) لقد أضلني عن الذكر بعد إذ جاءني وكان الشيطان للإنسان خذولا ( 29 )
13681,لا بارك الله في هذه الشراكة
13686,ايهما اهم للحفاظ على البيئة ، ترشيد استهلاك الطاقة ام التحول الى مصادر الطاقة الصديقة للبيئة ، بارك الله فيكم ووفقكم لكل خير و شفاكم من كل سوء
13695,"مع احترامي انت غلطان لا يوجد ارهاب مسيحي باسم الدين لانه ببساطة لايوجد في المسيحية نصوص تحرض على القتل والكراهية, لكن هناك دوافع سياسية وشخصية لا تمت للدين المسيحي باية صلة تحياتي بالمحبة"
13708,كلام غير علمي ، كيف يحد من الاكتئاب ونرى الناس كلها عطشى وعصبية وتكاد تقتل بعضها؟ ارحموا عقولنا
13710,تنظيم الموساد يقصف احياء والشعوب تتفرج لا حول ولا قوة الا بالله
13719,ما أهمية النوم للحامل ، يرجى كتابة موضوع كامل و مفصل عن اهمية النوم الجيد للحامل و باقي العائلة ، بارك الله فيكم ووفقكم لكل خير و شفاكم من كل سوء
13730,اللهم انصر المجاهدين في ولاية سيناء
13737,قل هاذا من فضل ربي
13751,"خاب جمع الغدر والباطل وخسروا, فتالله وبإذنه لن يحصدوا من الريح التي زرعوا سوى العاصفة . صهيل"
13752,الا يوجد ولا جريح داعشي !! ليس لشيء فقط قليل من المصداقيه
13760,....وين حبيت!!!
13771,هل قناة الجزيرة قناة محايدة أم موجهة؟ قناة الجزيرة
13792,رحم الله نورالدين.
13794,حسب الفقرة الأولى الموز يحتوي على الدهون ثم لا يلبث المقال في بداية الفقرة الثانية أن يذكر خلوه منها! فما حال الترجمة؟؟؟؟
13795,كذلك شكسبير اصلة عربى وتحرف اسمة من  شيخ  زبير الى شكسبير وامريكا سميت على اسم مكتشفها العربى الأمير كا
13796,اى انتخابات بحكم مستعمر بالاستعمار الفرنسىلشعبناالمغربى
13797,اختطاف زوجة مستشار من حزب العدالة والتنمية بمدينة كلميم
13800,"دولة الإسلام نصرت دين الله فلن يتركها ربها 
والعاقبة للمتقين"
13823,الاخ اللى يدعى ان رافال منزوعة الفعاليه ويدعى انها مجرد غراب اسود شارد و طائر فى السماء اقول له اقرا موسوعة الويكيبيديا فى موضوع طائرات الرافال و الفرق بينها وبين الاف 16  .
13831,دوديك وليس دوديتش
13836,الاعراب و المفلسين (المسلمين) هم مصدر الارهاب و التخلف فى العالم و اذا عربت خربت! :-)
13838,لااله الا الله في انتخابات في السعوديه
13844,يبسسيب
13866,كنت بحب بلدى وبس لكن دلوقت انا بعشق بلدى وفخورة جدا بمصريتى وبرئيسى وبجيش بلدى وبدعى ربنا دايما انه يحفظ بلدى ورئيسها وجيشها من كل شر #تحيا_مصر
13868,امكانيات بسبطة تمكنوا بها من تصنيع العبوة وادخالها الطائرة والعبرة بنحاح العملية (وما رميت اذ رميت ولكن الله رمى)والسؤال كيف ادخلت هذه العبوة الى الطائرة يا شرم الشيخ؟؟؟؟
13874,لكل داء دواء الا الحماقة اعيت من يداويها
13877,لم يقولوا صاروخ ولوا لمرونة واحدة! فيك ام تراجع كل المصادر.كلامك ينطبق عليك
13879,{فَلَمْ تَقْتُلُوهُمْ وَلَـكِنَّ اللّهَ قَتَلَهُمْ وَمَا رَمَيْتَ إِذْ رَمَيْتَ وَلَـكِنَّ اللّهَ رَمَى وَلِيُبْلِيَ الْمُؤْمِنِينَ مِنْهُ بَلاء حَسَناً إِنَّ اللّهَ سَمِيعٌ عَلِيمٌ }الأنفال17
13880,علامة هذا المشروب سوف تلقى رواجاً واسعاً في العالم و من دون ثمن بفضل التنضيم الدولة. :)
13882,هذا اللذي سوف يحصل لوزراء هادي في عدن.
13887,الله ينصر الدوله الاسلاميه . جثث المرتزقه في قريه تلالين على مد النظر ابطال الدوله الاسلاميه لهم بالمرصاد وسيهزم الجمع ويولون الدبر ان شاء الله
13891,هو ده كلامى بالضبط
13892,الصحابة هم من قاموا بتسمية السور و ليس الله. بالمناسبة هناك سورة البقرة و المنافقون فهل من حكمة من تسمية هاتين أيضا ام ان الامر يقتصر على النمل و النحل و لا يتعداه إلى البعوض و الإبل
13893,لو علموا ان النمل ذكر في القران، لدخلوا في الاسلام افواجا افواجا. وادعوا المسلمين ان يتعرفوا على الشعب الصيني وان يحاورونهم..وخاصة حول العلم الحديث في القران الكريم.
13894,و بما أننا قناة محايدة تهتم بنقل الاخبار بشفافية و بدون تحيز فإننا مصممون على نشر تعليقات قرائنا التي تخدم مصالحنا الضيقة و معتقداتنا البالية
13898,"النمل يتقاتل فيما بينه وياكل بعضه بعضا ويغزو مستعمرات نفس النوع ويقتل العاملات وياخذ اليرقات لاطعمام مستعمرته 
الانسان ارحم خلق ارحم وامر بالرحمة رغم ما يفعله"
13899,معلومة خاطئة للأسف. النمل ينام مثله مثل باقي الكائنات الحية حيث ينام بما مجموعه 4 ساعات و 48 دقيقة باليوم مقسمة على حوالي 240 فترة متقطعة، أما الملكة فيمكنها النوم لتسع ساعات كاملة.
13900,مشكورين على هذا الخبر و لكن ما ذا يضر لو اضفتم رابط لاستعراض الخريطة من الموقع التي نشرت فيه بدلا من وضع الخبر بشكل مجرد؟
13904,اضرار المشروبات الغازيه
13905,عنوان غريب الصياغة والمعني وكأن الأصل هو شرب المياه الغازية ... والأصح هو قول ماذا يحدث لجسمك حينما تتناول المشروبات الغازية؟  أو ما هي أضرار شرب المياه الغازية؟
13908,"اين خبر تطاير المدرعات الاماراتية تحت ضربات ""الكورنيت"" .."
13913,الى الشوفينيين والقوميين العرب. ،،، جمال البر زنجي كوردي الأصل    فقط للتنويه
13918,حسب الأعداد التي تنشرها الجزيرة نقلا عن مصادر حكومية عراقية قتلى الدولة الاسلامية الى اليوم تجاوز المائة الف !! الأرقام غير صحيحة والإنتصارات وهمية
13919,لايوجد شيء اسمه فلسطين فلم تذكر في الكتب المقدسة لا في التوراة او الانجيل او القران الكريم اتمنى ان ينشر من باب الراي والراي الاخر
13939,اللهم انصر دولة الاسلام يارب
13944,ساقاطع هذا الموقع الذي هدفه نشر الكراهية تجاه اسرائيل
13947,"مات رسول الله صلى الله عليه وسلم فاخرج الله تعالى ابو بكر ومات ابو بكر الصديق فاخرج الله عمر ومات عمر فاخرج الله تعالى عثمان ثم علي
وهكذا يرزق الله تعالى الامة قادة بعد قادة 
فموتوا بغيضكم"
13948,(شهود يهوه) منظمة قديمة
13963,الأخ عبد الرحمن يتحدث عن المهنية ونحن ننصحه بأن يراجع كل ما كتبه عن مصر خلال العامين الأخيرين. قمة المهنية. من كان بيته من زجاج ....
13964,"ألم تتعامل قناة الجزيرة مع تفجيرات لبنان الأخيرة بنفس الطريقة وهي الشماتة ولغة التشفي الواضحة على ألسن مذيعيها وبعض ضيوفها.بكل بساطة لا تنهوا عن فعل وتأتون بمثله ,عار عليكم"
13971,فعلا أنا مندهش.....اول مره يصدر عنك تعليق موضوعي يا صديقي
13976,طقوس الرواية والابداع من أهم مايمكن الكتابة فيه وعنه .
13981,ألماني وتونسي وسعودي وسوري وطاجيكي وفلسطيني من قطاع غزة،الله أكبر اللهم انصر المجاهذين من المهاجرين و الأنصار
13983,تحيا مصر
13985,وكذلك تمضي سنّة الله في الأرض بأخذ المجرمين أخذ عزيز مقتدر فالله أكبر ولله الحمد.   قال تعالى(وَمَا يَعْلَمُ جُنُودَ رَبِّكَ إِلَّا هُوَ ۚ وَمَا هِيَ إِلَّا ذِكْرَىٰ لِلْبَشَرِ)المدّثر-31
13987,دونيبيزيل
13996,قال الله تعالى: (وَلَكُمْ فِي الْقِصَاصِ حَيَاةٌ يَا أُوْلِي الأَلْبَابِ لَعَلَّكُمْ تَتَّقُونَ) (البقرة/179).
13997,"كان يتفادى السجن في الغالب بسبب ما وصفه بتدخل ""شخصيات نافذة"" حالت دون إنزال العقاب عليه !!!!!!!!!!!!!!!!!!!!!!!!!!!!!!"
14003,"قوانين السير الوضعية قوانين شرع دين وديــــــــة ٠
                                               المــــــــفتــــــــــــي ٠"
14005,"المستشارة لاتأمن شربة ماء هنية في ظلم أبدا ولا تملك حياة ولا نشورا ٠
                                           سـِـــرت حيث كان ./."
14007,مثال بسيط للمواطن العربي بشكل عام إلا ما ندر أنا القانون ومن بعدي الطوفان لا أحد مثلي أنا المثالي أنا القوي أنا الشجاع أنا الصح والآخرون هم الخطأ وكل شي ملكي ....!!!!!!
14008,شكرا لك هذا هو أحسن الكلام واوجزه ،، تعليق أقل ما يقال عنه خير الكلام ما قل ودل ....!
14012,اكثري يا جزيرة من الاخبار المفرحة ربما تصبح يوما حقيقة على الارض..
14016,الهدف من نشر هذه الاخبار مجرد البلبلة و الايحاء ان مصر غير مستقرة و ان الجيش ضعيف ، اما الأخبار الحقيقية التى يمكن ان تلمح و لو من بعيد ان مصر و شعبها و جيشها يتقدموا للأمام فمش هتلاقيها على الموقع ده
14017,سَيُهْزَمُ الْجَمْعُ وَيُوَلُّونَ الدُّبُرَ بَلِ السَّاعَةُ مَوْعِدُهُمْ وَالسَّاعَةُ أَدْهَى وَأَمَرُّ.
14018,الدوله الاسلاميه باقيه شاء من شاء وآبى من آبى والله ولي التوفيق وما النصر الا من عند الله.
14028,ماذا تدعم أمريكاوحکام خلیج المعارضة السورية؟ و ليس الفلسطينيين في غزة؟
14032,( لِيَمِيزَ اللّهُ الْخَبِيثَ مِنَ الطَّيِّبِ )الأنفال:37
14036,كش ملك .
14055,اللهم امين
14058,"الله يرحمه 

(( يَا أَيَّتُهَا النَّفْسُ الْمُطْمَئِنَّةُ ارْجِعِي إِلَى رَبِّكِ رَاضِيَةً مَرْضِيَّةً فَادْخُلِي فِي عِبَادِي وَادْخُلِي جَنَّتِي ))"
14093,عيدكم مبروك يا عزوتي .
14101,كان الله بعون الرجال !!!
14107,ان شاء الله عام 2016 هو ثورة حقيقية ضد السلوك الاسلامي في اوربا
14111,لا تهتمو كل الحكاية انها لعبة بين الاصدقاء  واحد ما يقدر يستغى عن الثاني
14113,ولى زمان الكتابات الساخرة وكذلك الكتابات الجادة وهناك كتاب مشهود لهم في المغرب والجزائر ولكن غيبهم الزمن .
14130,اسمه هو ابو بكر العراقي بعد مقتلة قام الجيش الحر باغتصاب زوجته !وانضم لانه امان بعقيدة دولة الاسلامية و كفر بالبعث ! و اغلب قادة دولة كنو يرتدون احزام ناسف حتي وان قبض عليهم يفجرون انفسهم في العدو
14132,"معظم جيش محمد صلى الله عليه وسلم كان من قريش. هل لهذا مغزى؟ لا...
لا شيء.. لا يعني شيئا البتة.
خياركم في الإسلام خياركم في الجاهلية. و حجي بكر مثال على هذا الحديث الشريف."
14133,هل إن نجاح النموذج!!=يعني حتمية زوالهم ككل!! إذن هم يُدركون الخطر للاندثارهم!!!
14136,العراق كله سقط خلال أسبوع في حين قندهار فقط جلست غصه قرابة شهر وكذلك الفلوجة 70 يوم قتال ما توقف .
14137,لو كان حجي بكر وراء صعود تنظيم الدولة .. لماذا لم يكن وراء انتصار الجيش العراقي ؟!
14138,يتجاهل العربان  تفسير النبي صلى الله عليه وسلم لأية (وإن تتولوا يستبدل قوما غيركم ثم لا يكونوا أمثالكم )هذا وعد الله وحكمه وبشرى رسوله
14151,هذه حرب اعلامية..فالمهم هو مايحصل على الارض وعلى من يتجرأ بالدخول البري لان القصف الجوي يدمر ويقتل فقط ولا يسيطر الا اذا كان الاعتماد على القاعدة والدواعش فقط والذي لا يأتي بنتيجة سوى طول عمر الاقتتال
14154,ما تشابه اجتمع وما اختلف تفارق هي حقيقة فزيائية فالبعرة تجتمع مع البعر والماء مع الماء والانقلابيون مع الانقلابيين
14158,باقيه وتتمدد انشاء الله
14159,نهمس في بطن الأرض ويسمع من في السماء سبحان الله نسأل الله ان يتقبل دعائك أخ مناور
14163,الجمعية التونسية للروبوتيك لا تنظم تونيروبوتس و إنما تلاميذ المعهد الوطني للعلوم التطبيقية والتكنولوجيا الرجاء إصلاح الخطء و شكرا
14173,يسبقني القلب قبل الشوق بـ النظره..وأفتح شبابيك سمعي لا طرى ذكره (( منوره يا سلمى الجمل ))
14174,"عندما تطل علينا (( سلمى الجمل )) تبتسم قطرات الماء في البحار
ويصبح عـمري حـلما وردي
وترقص اللآلئ في المحار
ويضيء النجم في المدار"
14175,لن يتمكن المشاهد من التفريق بين التشويش الذي يبثه حزب (...) والتشويش على هذا البث
14178,اهم اشي النساء فبوجودهن يحيا الكوكب وليس بالماء فقط
14208,هناك اخطاء في وحدات قياس السرعات ارجو مرجعتها فالجزية شبكة اخبارية عالمية ويجب عدم وقوعها في مثل تلك الاخطاء
14209,والله إنكم عسل ولوز ودمكم شربات كمان.
14215,جميل يابيان
14221,انا موجود حاليا فى مصر البلد امنة بنسبة 99% و لا ازمات فى الخبز و الغاز و السولار و الكهرباء و كل السلع الاساسية... هذه حقائق و ليست وجهات نظر
14234,و من قال هؤلاء المساكيين داعش؟ ربما يكونوا دعاه مؤمنيين قالو كلمه الحق و طالبو بنصرة المجاهديين فتم اعتقالهم كونهم ليس من علماء السلاطيين .....دوله الاسلام باقيه و كل عام و دولتنا بخير
14269,يرى الجبناء أن العجز عقل وتلك خديعة الطبع اللئيم . وكل شجاعة في المرء تغني ولا مثل الشجاعة في الحكيم . إخواني ديمقراطي جامي لا شرهه عليه .
14274,(وَإِذَا الْمَوْءُودَةُ سُئِلَتْ * بِأَيِّ ذَنْبٍ قُتِلَتْ)
14276,والله غالب على أمره ولكن أكثر الناس لايعلمون
14278,وَمَا يَعْلَمُ جُنُودَ رَبِّكَ إِلَّا هُوَ وَمَا هِيَ إِلَّا ذِكْرَى لِلْبَشَرِ (74:31)
14284,فلم تقتلوهم ولكن الله قتلهم وما رميت إذ رميت ولكن الله رمى   .. ببساطة سقطت
14286,"والله لقد أتلجوا قلبي قليلا , رحمة من عند ربي ..."
14295,سلامي على سيناء و أبطالها الآساد
14303,وهل المدنيين السوريين لهم علاقه بالحرب يا ؟
14304,الله أكبر، مازال فى مصر رجال خارج المعتقل.
14305,تحية لأبناء سيناء فخر مصر.
14319,"انا لست مع النقاب,و الامن المصری یمنعه ایضا بدافع القمع الدینی,لکن انا فرحان حتی یری شیوخ الوهابیة فی السعودیة واللذین یعتبرون النقاب فرضا  مصیر مؤازرتهم للانقلاب علی مرسی ."
14326,قوات حفتر؟؟؟؟!!
14329,نتمى من الهلال الاحمر في جميع انحاء العالم المشاركة في التوعية الصحية و الاجتماعية ، و لجميع فئات المجتمع ، أطال الله أعماركم و شفاكم و عافاكم من كل سوء و أسعد جميع أوقاتكم
14334,غضب قناة الجزیرة بالنسبة الی الزبدانی آیة من ان الحزب الله و الجیش السوری تنتصر فی الزبدانی. الله اکبر
14336,"لكم الشكر على التقرير وفرج الله عن الشعب السوري
لكن الزبداني لا تقع على الطريق بين دمشق وحمص المدينة التي تتوسط طريق حمص دمشق هي النبك."
14338,لماذا لا تحجب حكومة تركيا المواقع الإباحية ومواقع الشواذ
14340,اول موقع يجب حجبه هو موقع الجزيرة نت ، اكبر منبر لداعش و مؤيدها ، حتى طريقة صياغة الخبر في الموقع تحسها مؤيدة بشكل ضمني ، مع ان قطر تشجب و تدين الارهاب...ههه كلها لعبة زي ما قالي صديق قديم!
14346,قال تعالى (ولا تأمنوا إلا لمن تبع دينكم) وقال أيضاً في حق اليهود (أوكلما عاهدوا عهداً نبذه فريق منهم) وكلنا يعلم أن تلك النحل ترجع في أصلها إلى مؤسسها عبد الله بن سباء اليهودي
14349,دولة الشيعة باقية وتتمدد
14352,عن إسمه الحقيقي ديفيد *ماكرون*  مؤلف رواية *على الإسلام حاقدون*
14356,قال تعالى‏:‏ ‏‏وَيَمْكُرُونَ وَيَمْكُرُ اللَّهُ وَاللَّهُ خَيْرُ الْمَاكِرِينَ‏‏ الأنفال‏ الآية30
14367,اذا اردتم مصداقيه الخبر فتنظيم الدوله الاسلاميه معروف بمصداقيته التي لا ينافسه احد بها.
14373,"بقلوب مؤمنة بنصر الله واخذ بالاسباب وتوكلنا على رب الارباب
اليوم نعيش ايام فاصلة في تاريخ الامة
الدعاء الدعاء يا انصار الخلافة  اخوانكم يسطرون الملاحم"
14376,هناك تفاهمات مع إيران. إيران لديها نفوذ في العراق و سوريا و لبنان و علاقات قوية مع روسيا. أما السعودية و الخليج تابعين لا يؤثرون في شيء فقط تلقي الأوامر و يفعلون ما تسمح به أمريكا.
14380,ممممم
14392,من حكمك لتصنف ألناس بين كفره ومؤمنين؟ ألله عز وجل سمى ألنصارى أهل ألكتاب وألنبي لم يصفهم بالكفره. فهل أنت أعلم من ألله ورسوله؟
14415,"قوله: "" ولا يجرمنكم شنآن قوم على ألا تعدلوا "" فإنه يقول: ولا يحملنكم عداوةُ قوم على ألا تعدلوا في حكمكم فيهم وسيرتكم بينهم، فتجوروا عليهم من أجل ما بينكم وبينهم من العداوة."
14422,"""تبدأ الحرية حين ينتهي الجهل لآن منح الحرية لجاهل كمنح سلاح لمجنون"" -  فيكتور هوجو"
14433,مهما فعلت المملكه المغربيه فلن يضر المجاهدين في شيء .
14448,انا قلت لكم والله اني اعلم رولا .(((تعليقاتي ماتظهر )))
14450,"إلى باليستينين أميريكن
أين تقع بربوغندافأنا لااعرف دولة بهذا الاسم، أم أنك تقصد أوغندا"
14452,"الشيخ حفظه الله زاهد ولا يملك من حطام الدنيا الكثير, وليس عنده بيت بهذا الوسع اللذي تتكلمون عنه حتى يستهدف."
14454,الشيخ زاهد متعبد وليس له بيت(هوم لس).وليس له اعداء الا الوهابيه فهم يسنهدفونه ويمنعونه حتى من العمره والحج.
14455,او مبروك عفاش وحوثي ابطال فجرتم منزلا خاويا هاهو الرد القوي استمروا ههههههههههههههه
14458,هذا يبين الوجه الطائفي لهذه الميليشيات.
14459,دعوا باطلا وانتظوا صارما** وقالوا صدقنا فقلنا نعم.
14466,الاخ دهوكي يبدو انت صديق ملاصق للسيد نيجيرفان البارزاني لانك تعرف حتى ماكة ساعته.
14467,لعلمك 5 من9 كانوا كوردا
14468,ستين شلك بوشت
14473,الحمد للله علئ ابعاد هذا المشجع للواط
14478,جعل الله تعليقك هذا حجابا لك من النار يوم القيامة.
14480,بارك الله فيك و رد عنك كل شر في هذا الشهر المبارك. حماس تستغل الرصيد القديم في وقت الإفلاس و لكن طول الحرب في سوريا سيفني كل الأرصدة إلا من كان رصيده الجهاد في سبيل الله وحده.
14482,لاتكذب على الرسول صلى الله عليه وسلم
14519,يا على لو اجريت انتخابات نزيهة في الاردن فلن تفوز
14538,التحية لعمان ذات الحكمة والعقلانية
14547,الصلاة عماد الدين،ليتم بحث الصلاة في أوربا أولا.
14549,تجربة اذا سيتقبل عنواني البريدي اﻻن ام ﻻ
14550,"في أحد الأعياد الدينية التي يحتفل بها الأمريكيون تقوم العائلات الأمريكية بذبح وطهي نوع من الإوز يسمونه ""توركي""، ثم يجتمعون لتناوله في وجبة العشاء.من دون تعليق."
14552,الذين قال لهم الناس ان الناس قد جمعوا لكم فاخشوهم فزادهم ايمانا وقالوا حسبنا الله ونعم الوكيل
14553,ههههه تعليقك رائع
14556,إلى ابن هاشم : هل تفسم بالله على ما تقول ؟!
14558,إنا محيوك يا سلمي فحيينا ...
14559,"من المخزي أن تأتي قناة الجزيرة وتقول الروهنجيا من أصول بنغال.
أن تخطئ قناة الجزيرة العريقة في تحديد أصول الروهنجيا هذه كبيرة من الكبائر."
14560,قرأت النص الأخير وتفاجأت بشدة كيف تقولون أصول مسلمي الروهنجا من بنغلادش؟ هذه المعلومة خاطئة بلا نقاش.
14561,هاذا بفضل الله وحده  .......والاتي ادهى وامر ان شاء الله
14562,اضحك الله سنك  اخي بوركت هاكذا قالو
14563,الاعمال با الخواتيم
14568,يارب من خرب سوريا ان يكون الخراب اقرب له يا قطر والخنزيرة ناشرت دعاية الاخوان الشياطين
14573,اللهم وفق المجاهدين وانصار الاسلام على اعداء الاسلام وسلامي لرجال الحق رجال الدوله الاسلاميه الابطال.
14574,انا كنت في اليمن عام 2013 في الحديده وتعز وعدن وصنعاء وصعده.واكتشفت انهم كلهم يمنه.سبحان الله العظيم.
14577,الخبر تغير أنصار الله والجيش اخدوا بزمام الأمور واكبوا التغيرات ياجزيره.
14580,اغنية الافتتاح ..يوم ارده (أردأ بالعربي الفصيح)من يوم... يا ترف (جميل)جسمي عليك...تغنى بمقام السيكاه.
14604,موزة
14608,وزنه 1.5 باوند = 683 غرام ( 0.680 كغ)
14615,أتمنى أن يذهب السيسي لزيارة بويا عمر
14617,يا أخي ما حاجتكم أصلا لهذه المزارات؟؟ قلي بربك؟؟؟
14627,"قال تعالى: لا تزر وازرة وزر أخرى""  و القصاص يكون من القاتل، وليس من أخيه او أبيه أو ابن بلده"
14628,منصوريين ابناء الفلوجة الحبيبة
14630,(ومن لم يحكم بما انزل الله فولئك هم الكافرون)(الفاصقون)(الظالمون) فهل هذا هو واقع الكرد اليوم؟!؟
14633,كما أن كلمة إسلامي لا تعني شيعيا طائفيا حاقدا براميلا متفجرة لاعن للصحابة وطاعنا بشرف نساء الرسول بل إسلاميا تعني سنيا موحدا لا غير
14636,الله لا يقدر تصير مذابح بحق الأكراد ان شاء الله الأكراد يعيشون في امن وامان دائما تحت راية الخلافة الإسلامية
14641,مرحوش خالس ؟. ممكن تترجم  يا أستاذ  حمام
14657,يرجى تصحيح الخبر- حزب العمال المعارض حصل على 239 مقعدا وليس 293
14658,نتائج رائعة،  اتمنى على الجزيرة ان تصحح المعلومات بما يتعلق بالمقاعد لكل حزب فالارقام الموجودة هنا غير دقيقة.
14671,30 ألف ! أم 700 ألف لأنكم قلتم مليونين وثلاث مئة ألف سنة من أصل ثلاث ملايين يزعم الإسلام .
14673,والله العالم العربي متجه الى طريق غير معلوم لذلك انصحكم ان تتماسكون وان تتوحدون
14679,هذا الشاب حاول حماية الحرمين الشريفين من المؤامرة الصهيونية الصفوية التي تحاك نسأل الله تعالى ان يتقبله في علين
14685,شجاع اسم على مسمى لله دره وعلى الله اجره
14702,صدقت ورب الكعبة ولو كره المنافقون
14721,نحبك يا قطر شعبا و قيادة. لا و لن ينسي الشعب السوري دعمكم الكريم للظلومين.
14725,شكراً لدولة  قطر على مواقفها الشجاعة
14733,قطر ؟ دوله ؟ وتتحفظ !!!!    لاتعليق
14739,انى  اشجب واندد و استنكر و لا انكر العدوان التركى على ارض العراق  .
14740,ما تشطحش فهيا كتير يا زلمة!
14742,اهتزت تركيا و ارتعشت فرائصها و بكى العالم خوفا من استنكار و تحفظ العرب و قطر العظمى. . اللهم احفظنا من قهر و غضب و استنكار الجامعة العربية و قطر...
14746,اين الرأي و الرأي الآخر يا جزيرة ، لم تنشروا تعليقي لانه لا يتفق معكم !
14748,ابحث يا اوباما ما شأت ان تبحث فطالما( بشار وايران) موجودة وهم حبايبكم توقعوا الكثير من الهدايا ستصلكم فقد استلم الاولى بوتن والثانية فرانسو هولاندوالثالثة لا ندري من القادم؟!؟
14751,لاحظوا أن أحد أقارب المصابين في مشفى ديالى ألمح في نشرات أخبار الجزيرة بأن الحكومة العراقية هي من قامت بهذا التفجير ونسبته للتنظيم وذلك حين قال بأن السيطرات الثلاث قد سهلت وصول السيارة إلى السوق!.
14755,والقادم ادهى وامر باءذن الله
14765,بالعافية ياامه محمد.  ،، باقيه وتتمدد وليطبل  المبطلون ويهلهلون المهلهلون،، بركاتك ياداعش. ،عايشوا في الحلقه المفرغه ايها العرب ،، مبروك عليكم
14796,"بسم اللـــــــه الرحمـن الرحيم
وقال الرسول يعفى كل الحكومة الذي نرناديرا رئيسا للوزراء"
14800,الأخرة يا فاخرة
14808,شرعية اييه
14817,اذا لتحت ياجوج وماجوج وهم من كل حدب ينسلون
14818,الشعب المصري لازم يشكر السعودية مشان الانقلاب.
14820,كطبيب شاركت فى ابحاث عن الامراض النفسية.. الخبر مجموعة من الاكاذيب لانه لا يفرق بين نسبة الصفات النفسية و الامراض النفسية
14826,"فعلا ....ان الحديد كما الكتاب منزل 
ان الرشاد بغير بأس ابترو 
ان المدافع ان تخاطب تفحمى.."
14827,وما يعلم جنود ربك الا هو وما هي الا ذكرى للبشر
14834,انتم لا تنشرون التعاليق المعادية للارهاب
14835,"هذا التعليق عباره عن تحريض على العنف بطريقه غير مباشره. لانريد تطبيق ""المعايير الاسلاميه"" ولن يخيفنا ارهاب عصاباتكم المجرمه. المحرّض على العنف مجرم تماما كمرتكبي العنف"
14840,وماذا لو ان خزان الاوكسجين لمسته شراره كهربائيه  ٫
14841,من فظلكم أنظرواإلى الصورة،إنه جندي ميصري غلبان يفكر في الراتب.
14852,اسلوب اضرب واهرب يفتك بالانظمة والجيوش
14858,مياده منوووره عيونك حلوه والكحل زادها جمال (( انتي الملكه الجميله ))
14866,وما شأن الملك؟ لم يكن هو المستهدف.
14874,"""لإسرائيل والسعودية""!!!! ولماذا لهذان البلدين بضبط؟ لان السعوديةخادمة الحرمين(مكة و المدينة) و اسرائيل خادمة ثالث الحرمين(القدس)!!!!!"
14884,انظروا الى لون بشرة الجنود في الصوره وستكتشفون من أين تم استيرادهم
14887,أين صور الضحايا من الأطفال اليمنيين لماذا لاتنشر الجزيرة ولا صورة عن المجازر التي ترتكب بحق المدنيين من قبل دول التحالف
14890,هذا التعليق مريب للغاية والهدف منه بث الفرقة بين الجبهة التي تقاتل الحوثيين، لن استغرب اذا ما عرفت ان هذا التعليق قد تمت كتابته داخل احد اجهزة المخابرات الإيرانية.
14899,تابع يا عم ،عن جد انك ريس والي عم بتابع معه سيد المعلمين،طنجرة ولقت غطاها
14901,"""  أثار الحادث ردود أفعال قوية من العواصم الغربية حيث وجهت انتقادات للقاهرة واتهمتها بعدم الجدية في ضبط الأمن في مطاراتها"" 
أتحدى الجزيرة ان تقولنا لنا عاصمة غربية او حتى غير غربية قالت الكلام ده لمصر"
14905,"قال الرسول صلى الله عليه وسلم: ( لاكسرى بعد كسرى ) وأيضا ذكر عليه الصلاة والسلام في حديث آخر: ( فارس نطحه او نطحتان, ثم لافارس بعدها ابدآ )"
14909,عائض القرني  كيف الحال
14914,لله الحمد رب العالمين ... المنتقم الجبار
14918,انتقام من  العلي المنتقم.  وَمَا يَعْلَمُ جُنُودَ رَبِّكَ إِلَّا هُوَ وَمَا هِيَ إِلَّا ذِكْرَى لِلْبَشَرِ (74:31)
14920,"ما اعتقد , لانه لو كان الامر بالدعاء لواحد
لكانت اسرائيل غير موجوده الان."
14921,يا حببتي انتي بتتكلمي في إيه ؟ أنا كل عطوري من فرنسا. :)
14922,"بسم الله الرحمن الرحيم وبعد.. 
الله يرحم كل من مسلم أو كان على فطرة الإسلام من كان على متن طائرة الروسية"
14927,يرجى كتابة مواضيع كاملة و مفصلة عن اهمية النوم الجيد للأطفال ، وكيف يساعد في نموهم ، بارك الله فيكم ووفقكم لكل خير
14930,عاشت اسرائيل والموت للخونة
14938,ملكة اسبانيا التي جاءت الى اسطنبول للسياحة تهرب وتعود الى اسبانيا لسوء الأحوال الأمنية في اسطنبول بعد مقتل ٩ أشخاص
14946,اذا خرجت الكوره من يكون يردها
14950,الصحافة الفرنسية تقول بأنهم يريدون تجريد قطر من المونديال دون روسيا بزعم ضيق الوقت بالنسبة للأخيرة
14951,الصحافة  الفرنسية  لا تدكر قطر الا و هي مقرونة بداعش و كاس العالم . هناك حملة اعلامية شرسة ضد قطر في الصحافة الفرنسية .
14952,"نعمَ الدواء لخير هدي وسنة ٬ من كل سقم إلا السام وما بالشام٠
أعشاب وما يغني القات لميقات المنايا بيمن لو حضر ٠"
14959,سقطت أهمية أمراء الخليج. أمريكا الان لديها ما يكفي من النفط.
14971,يا سبحان الله البسوا الباطل بالحق
14975,"يا رب يكون الخبر ده صحيح , والله يا امير المؤمنين لن ترى من الصعايدة الا النصرة باذن الله   , تمددي يا دولتي على بركة الله  ..."
14994,الدوله الأسلاميه هي أمل الامه الاسلاميه دوله العدل والتضحيه دوله الأنسان المسلم  فمبروك لليبيا منذ ان اصبحت احدى ولايات الدوله الأسلاميه.
15008,وان اردتت ان تعرف اسمها الادوية الجينية (جينيتيك)بالانجليزية
15009,"من الواضح ان كاتب الخبر لا يملك حساب فيسبوك بواجهة عربية وإلا لكتب زر ""أعجبني"" بدلا من زر ""الإعجاب""."
15011,هل توجد انتخابات بدولة مستعمرة من حكم وعسكر الانجليز؟؟فالتحرير اولا منهم ثم انتخابات وبالعدل والديموقراطية والمساوات وعليه قامت وتظحى شعوبنا العربية لمصر
15020,والله لن يحكمنا ايا من كان الا بكلمة الشعب وسنرى وبالعدل والديموقراطية والمساوات كشعوب الارض وعليه قامت وتظحى شعوبنا العربية لليمن
15021,اقصم اني متاكد انها بصمات جريمة الفرس واذنابهم  في فشل  كل المصالحات
15022,بعد رؤية اذا الطفل المسكين نقول لولي العهد :( أن أبا لفي ضلال مبين، مثلما قال أخوة يوسف مع الفارق
15026,كان عليك التسجيل بإسمك المغربي فلا خوف عليك من الجزيرة فهي منبر حر.أتمنى لك التوفيق في تعليقاتك اللاحقة.
15036,"بعد الربيع العربي اتخدت الجريمة أشكال مختلفة. أولا الجريمة الجنحبة وقد تفشت فى الدول التي مر منها الربيع العربي سلسا دون 
نطرا للدمقراطية التي ن"
15049,"قوله تعالى ""إلا تنفروا يعذبكم عذابا أليما ويستبدل قوما غيركم ولا تضروه شيئا"""
15091,باقية وتتمدد حتى تصل المغرب إن شاء الله
15092,الممانعة والمقاومة والصواويخ
15094,"خيرا إن شاء الله  ""ألا له الخلق و الأمر ""و الحمد لله رب العالمين ,اللهم اخدل أعداء الدين"
15096,لا ياشيخ، صدقتكم يا الربع
15097,يا ابن ادم لو اجتمع الانس والجن علي ان يضروك بش لن يضروك الا بشي قد كتبه الله عليك ولو اجتمع الانس والجن علي ان ينفعوك بشئ لن ينفعوك الا بشئ قد كتبه الله لك رفعت الاقلام وجفت الصحف.
15102,كيف تطلبون من السياف إنقاذ رقاب ضحاياه ؟؟
15109,وما دخل الملك سلمان بالقضاء المصريؤ
15110,لماذا الجزيرة تدعم الاخوان؟!!!
15111,ترى هل يصلح الحداد ما افلسه الدهر؟وهل هؤلاء الحكام بيدهم شيء من أمورهم حتى يصلح الأخ ما قام به أخوه ؟؟؟؟
15112,سألت الله في أبناء ديني !! وما هي الوسيلة يا أخي بديني وما للمسلمين سواك حصن يا ابا الزهراء ؟ في هذا الربيع آلعربي تغيرت الوجوه والايدي والعقاب ولو استمر الربيع سندفع ثمنه ٢٠مليون شهيد
15115,للتذكير فقط  هناك خطأ مطبعي في الإسم ليس بن حمدان بل بن صهيون
15116,قال تعالى: ((المنافقون والمنافقات بعضهم من بعض)) رفعت الأقلام وجفت الصحف  ... أعتقد أن هؤلاء العلماء يعرفون تفسير الآية أحسن مني
15120,يا ربي احفظ السيسي وزده قوة
15131,حكم ( بكسر الحاء)
15136,وفقكم الله حتى تحرروا أقلياتهم من طيبوبة اليابان ٠
15137,كيف يرضى الإنسان أن يموت في سبيل هذه الجماعات والأحواب والدول الحياة حياة واحدة فبذلها في سبيل الله واحذر أن تكون نهايتك كهؤلاء خسروا الدنيا والآخرة .
15161,"معلومة قيمة شكرًا لأطباء الغرب أما نحن العرب فلنا بعض المؤلفات العظيمة ككتاب "" الإيضاح في أسرار النكاح "" الذي يستعمل حاليا حتى في نازا الأمريكية"
15163,عسل النحل يعتمد على نوع النحل والنحل دائما يتأثر بالسياسه و نوع النحل له علاقه بالجغرافيا وربما بالتاريخ ايضا .
15164,مش كل النحل مسلم .
15176,لن ينفعوهم في شئ  قال تعالى ان الله يدافع عن الذين امنو  نحن معنا الله
15178,يرجى كتابة مواضيع كاملة و مفصلة عن غذاء الطفل منذ الولادة ، و استضافة الخبراء و المختصين لتوضيح هذا الموضوع ، بارك الله فيكم ووفقكم لكل خير
15183,"الخبر يرتجع الى موقع ""الدولة الإسلامية"" على الانترنت. اين هذا الموقع؟ لقد بحثت بمساعدة غوغل ولم اجد شيئا؟؟ مشكورا"
15184,الإسلام هو الحل!!!!!!!!!!!!!!!!!!!
15189,سلمى الجمل ..انتي اليوم ملكه جمال
15190,باقية و تتمدد  شباب المغرب ينتظر
15194,لقد سبق ان قلتم ان الحوثييون قصفوا المصفاه قبل حوالي شهر.فهي ليست لاول مره؟!اقترح تخصيص موظف واحد تمر عليه جميع الكذبات عن اليمن علشان يلمعها جيدا.
15205,الرئيس السيسي ليس بخائن للشعب وانما انحاز للاغلبيه الكاسحة من الشعب وطهر مصر من الاخوان
15207,حرية شخصية ولا حق لاحد بسجن شخص لانه اكل او شرب شيئا ، ففي الطعام والشراب الصحة ولا يحق لاحد ان يطلب من شخص ان يعاني العطش والجوع في الحر لساعات طويلة ان لم يقدر عليه وشكرا
15210,المثل بقول الدول لما تفلس بتبحث في دفاتر الدين القديمة
15211,مع أن هذا المبلغ ضئيل جدا مقارنة بحجم الماساةوحجم دولة قطر لكن أتمنى أن تصل تلك الحقوق كاملة إلى مستحقيها لاإلى الذين يتاجرون بالشعب السوري تحت مسميات إغثية مختلفة.
15215,"فقظ نصف مليون , يعني نصف دولار لكل شخص!!!"
15217,تذكرت جارنا رحمه الله عليه عندما كان يضرب ابنه ضرب مبرح ثم يحمله إلى الطبيب لمعالجة الضربات .
15219,مبلغ كبير جدا سوف يغير معيشة النازحين بشكل كبير من اجل بطولة العالم في كرة القدم ستصرف قطر فقط عدة مليارات
15220,نصف مليون هي راتب شخص زنغيل لشهر ونص
15222,هذا تبرع لا يستحق حتي التعليق عليه
15224,قطر بطولها وعرضها فقط نص مليون دينار. الخبر مش مستحق النشر. راتب الكاتب اكتر.
15227,لقد سبقهم نبينا محمد صلى الله عليه وسلم بالصعود إلى الفضاء الخارجي بواسطة البراق عليها السلام. إذا فنحن و الحمد لله على نعمة الاسلام هم السابقون.
15230,حقاً إنك إسم على مسمى ..
15232,أكيد حمصي الاخ و اليوم اربعا كل عام و انت بخير و ينعاد عليك.
15237,العرب مش فاضيين لهيك شغلات ...
15242,اواخر سورة مريم واوائل سورة طه
15243,الصفحة الثانية مكتوب فيها سورة طه
15248,رايت التقرير عن مخطوطات اليمن وحسب دراستي لعلم النفس كان فيها تلفيق
15256,هذه وصية النبي صلى الله عليه وسلم لعلي رضي الله عنه . والدكتور أبو بكر البغدادي البوبدري الهاشمي القرشي كذلك من آل البيت بإجماع علماء النسب قاطبه .
15262,"حسب وكالات الانباء الغربية, عدد قتلى الجنود العثمانيين قرابة ١٥ و ليس ٢."
15264,نع الإبن تبنيته يا خلافة الإسلام
15272,"الرد واضح  لماذا يحتاج السنة إلى كفيل لدخول بغداد ؟
لست سني ولا شيعي ويؤلمني كل يوم  أن أسمع الأبرياء يموتون بسبب طائفية زائفة"
15280,هذه ثمرة أسود الدولة الإسلامية. اللهم زيدهم و لا تنقصهم. أمين.
15283,الاسلام لا يريد تعايق اوربين ولا اوربيات الاسلام هو حكم العالمي .الان والمستقبل انشاالله
15285,ارى ان كلامك تحصيل حاصل الخلافه قادمه والاسلام ينتشر بسرعه تفوق التصورات
15290,جميعهم أعضاء في التنظم الدولي للإخوان.
15291,بومرداس وتيزي وزو تقعان شرق الجزائر العاصمة
15293,الله درك يا موحد
15307,نرى ان الجزيره تنحاز للتعليقات الموءيده للعرب والدواعش ولاتنشر ردود وتعليقات الاكراد  وذلك بعيد كل البعد عن الحياديه ،،شكرا
15314,هو فين تميم
15326,"""وذهب التنظيم أكثر"" ؟؟ أهذا لسان عربيّ أم أعجميّ؟ لا مكانَ آمنا؟؟ هكذا بالنصب؟ ""أدّى لتفكيك"" ..رحم الله اللغة العربية في مقبرة الجزيرة"
15330,فالاستعمار تدخل بتنظيم الدولة يا...
15332,"بيجيكم يوم يا دواعش, عسى تقتلوا عن اخركم ويرتاح العالم من شروركم"
15335,"بسم اللـــــــه الرحمـن الرحيم 
وقالوا الناس ان امريكا وبرطانيا من دبروا لليمن قصفا ارجوا المخلصون ايقاف قصف لليمن حالا 
رسائل انزل من قبل"
15340,فين تعليقاتي . من جد ؟ علي حظر ؟ نكتب او ما نكتب ؟
15346,سوف تكون سوريا فتنام تاني للشيعة اطاءفيين و الصوفيين و روس ان شاء الله
15352,اسرائيل وجدت بالسيف فاذا سقط من يدها انتهت والى الابد.
15354,لماذا لاتستضيف قطر اللاجئين السوريين؟
15361,باقیه
15370,من الذي اوقع دويلات الخليج في فخ اليمن؟؟وهل سيكون اليمن محطة لتغيير الانظمة المتحالفة مع امريكا وعودة حكم تلك الدول الى شعوبها؟؟أم ان امريكا هي الفاعل لتتخلص من تلك الانظمة الشمولية؟؟
15371,جيش الاستعمار لليمن
15374,القاتل و المقتول فى النار
15376,سواء مريض أم لا، الصيام عن شرب الماء مضر بالصحة. أرجو طرح هذا السؤال على أطباء محايدين، لأن المسلمين منهم لن يقولوا رأيا يجلب لهم المشاكل مع الشيوخ و المجتمع المحافظ
15381,والله ينصركم امين وللشعب السورى العظيم وتوحدوا هوالنصر اخوكم الوجدى
15382,المشير البشير أرحم من المشير السيسي.
15390,"عز من قال ""جعلناهم احاديث ومزقناهم كل ممزق"""
15397,رغم كل مؤلفاتها إلا أنها ينقصها عامل الأنوثة.  الصورة تكفي لشرح الفكره.
15398,ايهما اقرب الا الحق و العداله : 1-معسكر امريكي السعودي الإنكليزي ….2-معسكر الروسي الإيراني السوري …..الحر تكفيه الاشاره،،،؟؟؟
15403,المستخدم الشائع : تسابق الزمن . لا الوقت ومعلوم أن الأولى أخف من الثانية بكثير .
15415,وسي سي دخل على الخط
15416,"أظن انه لا يجوز ان يتزوج الرجل اكثر من اربعة معا هذا للمسلم
فكيف تزوجون كافرا بستة دفعة واحدة و نحن نعرف انه يحرم تزويج الكافر؟"
15417,"اظن انه لا يجوز للمسلم ان يتزوج اطثر من اربعة مرة واحدة 
فكيف تزوجون الكافر بستة نساء دفعة واحدة و نحن نعلم انه لا يجوز تزويج الكافر مطلقا؟"
15422,إذا اللئيم اكرمته تمرد.
15424,هل تستطيع اظهار لوقت؟ لا. عذرا ليست ساعة ذكية ولكنها شريط او سوارللمعصم
15432,وليش مستعجلين بعد وكت
15433,"على أساس إنو في جيش حر ! يا حرام لا تستطيعون تقبل فكرة أن ما يحدث ليس بثورة , وضعكم ووضع مصدقيكم يا جزيرة بات مثير للشفقة ولكل ما لا علاعة له بالإعلام وبالمنطق البشري!"
15436,"لقد سمعنا الرئيس الفرنسي الاسبق دستان (المذكور في هذا التقرير) يقول عن هلموت شميت ""لقد اسر لي يوما بأنه يهودي"". الرجاء التحري لمن اراد."
15442,رولا ابراهيم . كريمه اليوم كرم حاتمي ههههههههه تقبلي شكري واحترامي  وتقديري (( شاشه لا رولا فيها .. جدول لاماء فيه ))بس ليه تعليقاتي ماتظهر
15444,قوات التحالف السعودي هي من قامت بقصف خزانات الوقود وكل أهل عدن يدركون ذالك . فالمصفاه والميناء و خزانات الوقود تحت سيطره ألجيش اليمني و الحوثيين و هي بعيده عن خط المواجهات.
15448,وما العجب من هذة هي الحضاره !!!
15449,ما يجعل كريسبر/كاس9  جاذب هو بساطته و انخفاض تكلفته . وبناء على الدراسات التي نشرت خلال السنوات الثلاث الماضية ، يبدو أن الأمراض مثل الإيدز و حتى السرطان  قابلة للعلاج باستخدام هذه التقنية.
15459,هل أجمع الغرب والفاتيكان وتل أبيب أن خادم الحرمين هو الأفضل اسلاما؟
15463,عاد اللي يجون عندكم رغم أنهم بمعسكرات الاعتقال كانوا وما يزالون بالغالب أذناب لكم ولروافض .
15464,الشيء اللافت الوحيد هو أن قائد جيشهم غير ملابسه ما كاد أن يفعل .
15465,( وإن تظاهرا عليه فإن الله هو مولاه وجبريل وصالح المؤمنين )
15466,البو نمر ليسوا سنة ولا عرب ولا مسلمين فلا تتدخل فيما لا يعنيك !.
15475,عمر السقاف وزير خارجية السعودية 1388- 1394 هجرية
15478,مات الملا عمر رحمه الله لكن بركات الله لن تموت !
15489,١٤٢ طفل وامراة وشيخ وشاب تم ذبحهم وقتلهم افي كوباني في عز شهر رمضان المبارك على أيدي الدواعش وهناك المئات من الجرحى
15490,صورة مغني وراقص هندي
15496,هل سمعتم باغنية تسلم الايادي ؟
15501,نظام السيسى أهون مما تتصورون.
15525,ما أهمية تناول السلطات مع الوحبات الغذائية ، و هل يجب توعية العائلات بأهمية الإكثار من تناول الخضار و الفواكه ، بارك الله فيكم ووفقكم لكل خير و شفاكم و عافاكم من كل سوء
15526,ماذا عن الدجاج المصنع مسبقا كهمبرجر الدجاج ، كيف يمكن التأكد من جودته ، بارك الله فيكم ووفقكم لكل خير و شفاكم و عافاكم من كل سوء
15527,ما أهمية الإكثار من اكل الخضار و الفواكه ، و توعية العائلات بأهمية تناولها يوميا ، بارك الله فيكم ووفقكم لكل خير و شفاكم و عافاكم من كل سوء
15544,لا يصح لمقلوب العينين أن يكون مراقباً
15553,كيف تواجه المصالح الامريكية وهىصنعتهاامريكابال سعود عملائهم
15556,سورة النساء صفحة 102 من الآية 147 إلى الآية 155 لكن الآيات الأوضح من الآية 148 إلى الآية 154
15558,اكذب ثم أكذب و أستمر بالكذب حتى يصدقك الناس، أليس كذلك يا نضال.
15560,"اﻷولى بالمملكة السعودية أن تتكفل بجمع النسخ التاريخية و المخطوطات الخاصة بالقرآن الكريم في متحف يخصص لذلك
و توفر صور إلكترونية للدارسين و المهتمين"
15571,السبب هو والده الذي طمع في الهجرة إلى كندا . لمادا لم اسافر هو ولعمل و تبقى الزوجة مع الأطفال كما إفعل الكتير من الناس ?
15579,ليك مين عميحكي.
15580,"يا حسرة على أمة ، ما زالت تقتل وترتكئب الجرائم على خلاف مُذ 1400 عام، من احق بالخلافة الحسين ام معاوية!!!!
والعالم يتطور بسرعة الضوء ، ونحن ما زلنا ......"
15586,تعليقنا ليس فيه اساءة لاحد او خدش للحياء .. نرجو النشر ...
15588,لابد من تفويضي لصلح شامل وجبر ضرر عام ورفض العدوان والحفاظ على الوحدة اليمنية الاندماجية ورفع المطالب التاريخية في ظل مشروع حضاري عظيم .
15610,حـــــــــــب .
15619,ريتك يا ناشر الخبر تنشر صور فطايسهم حتى تقطع الشك باليقين
15620,اعتقد ان المخرجين السينمائيين  الهنود أفضل كثيراً من المخرجين اللبنانيين . يابو خمثين .
15641,"يا القطيم، انا زعلان على الشعب السعودي وليس على نفسي! يقول المولى عز وجل ""ان المبذرين كانوا اخوان الشياطين""! النفط تهوي أسعاره والشعب السعودي من يدفع الثمن، ام انا مخطئ؟!"
15650,( وإذ يمكر بك الذين كفروا ليثبتوك أو يقتلوك أو يخرجوك ويمكرون ويمكر الله والله خير الماكرين )... باقيــــــة وتتمــــدد بإذن اللــــــــــه
15654,الحب ان ترى مئات الاشخاص ولايعجبك فيهم الا (((   سلمى الجمل  )))
15658,الإسلام سُيباد و سينقرض بفضل داعش...لأن العالم لن يسمح بظهور دولة فاشية و إرهابية
15664,"السؤال التالي احرجني به صديق لي مستشهدا به بعدم حيادية الجزيرة في نشر الاخبار والسؤال هو:

لماذا لم تنشر قناة الجزيرة وموقعها خبر تطبيع العلاقات فيما بين اسرائيل وتركيا؟

ارجو الإجابة!"
15680,الحوثيون اسقطوا اباتشي شعودية .
15682,بل قل بسبب الدولة الاسلامية بنصر من الله .انهارت براثين الشرك الشيعية
15690,الرجل ده فيه شبه من احمد عسيري
15693,صك حلجك...اقصد اغسل فمك بعد إستهلاك الثوم.
15695,"تشتكي من رائحة فمك وليس من رائحة عرقك, اتوقع المقصود من الدراسة هو الثوم المطبوخ لو جزئيا"
15718,تحيا الجمهورية الاردنية
15746,سر الى الامام  يرعاك الله . انشاء خير خلف لخير سلف
15774,"المشكله انكم هناء تتكلمون عن عاطفة لا عقيدة ..
هاذا ماأمرة الله عز وجل .. ولا هاتو برهانكم ان كنتم صادقين .."
15782,...لا يسعني إلا أن أقول لكل منافق، حاقد، جاهل و كافر: موتو بغيضكم، دولة الاسلام باقية و تتمددد بإذن الله  ولو كره الكافرون.
15783,المذيعه بتقول نعتذر لعدم عرض الصور لبشاعتها تب ليه عرضتم فديو ذبح المصريين كامل
15786,تقدم هائل ان عنه سيعرفون كم بقىللحياة للشمس
15792,(يَا أَيُّهَا الَّذِينَ آمَنُوا إِنْ جَاءَكُمْ فَاسِقٌ بِنَبَإٍ فَتَبَيَّنُوا أَنْ تُصِيبُوا قَوْمًا بِجَهَالَةٍ فَتُصْبِحُوا عَلَىٰ مَا فَعَلْتُمْ نَادِمِينَ)
15806,ارجوا ان تراجع الفاظك التي تخاطب قراء محترمين على قناة محترمة في موضوع يحتاج لفكر وثقافة واحترام.
15809,Усома бин Лоден зинда ва ҳаёт зери назорати ФБР Амрикост
15812,اذا انت فلسطيني واخترت اسمك بالحروف الانكليزية! وكنيتك  امريكية! فماذا نتوقع منك غير ما قلت ،
15813,الصعود ام النزول على القمر هل من زيادة ايضاح ومن كذب ذلك؟
15819,يعيش سنودن في مكان غير معلوم بروسيا
15821,نهنئ قناة الجزيرة بسلامة بن لادن .. تعبكم ما راح بلاش
15823,انزلت كم مرة افكار عن الموضوع لكنها (مشتته ،فاقدة المصدر،مختلقة،انفعالية)حتى يعجز الواحد ان يقيم كلامك والعرب تقول(خير الكلام ما قل ودل)وكلامك لا قل ولا دل فلماذا؟
15875,فقوةايران والسعوديةهى قوة امريكا وللولاها وجيشها لا تساوى ايران ولا السعودية ولا تقدران تامنان حدودهما والجشد الشعب يتقدم بالارض العراقية بطائرات وقوة امريكا وباليمن بالتناسق مع الجيش السعودى
15880,"أخي ابن الشارخ تحية طيبة لك 
بصراحة استمتع كثيراً لتعليقاتك الطيبة وأتمنى لك التوفيق"
15884,الصوره في يوادي والموضوع في وادي هههههههه شفت الصوره توقعت انتخابات مجلس الشورى
15892,زمان الوجه ما  بان وين كاين قال يعني هو يملك ان يقرر اذهب طهران قبلتكم او الى روسيا مسعاكم وخذ الاوامر بقتل اهلنا بسوريا
15893,"،،هذا ضراط إلي ما ينفه,, تحياتي الى العزيزة موزه."
15894,"بسم الله الرحمن الرحيم
لا يقاتلوكم جميعا ءالى في قرى محصنة أو من وراء جدر بأسهم بينهم شديد تحسبهم جميعا و قلوبهم شتى ذلك بأنهم قوم لا يعقلون
                                           صدق الله العظيم"
15898,هههه اشربو من نفس الكاس تذكرون يوم هكرتو قناة العربيه والجزيره قبل 4 سنوات واستهدفتو خدمة الرسائل القصيره التابعه للقناتين ؟
15900,فليدمروه كل مدمر، فليدمروه طوب طوب .
15910,مبرووووك لتركيا مبروووووك
15915,"نطالب امريكا باسقاط المزيد , الدولة الاسلامية استولت علي جزء منها في احد مخازن حلفاء امريكا في معركها الاخيرة (ابتسامة)"
15928,"أعجبتني خاتمة التقرير "" أن الحملة الجوية اسفرت عن مقتل اكثر من 10 الاف مقاتل من داعش حتى الان "" وانا ازيد "" ومثلهم قتلوا على ارض المعارك "" يعني 20 الف مقاتل تم قتلهم ؟!!! ليش كم عددهم الاصلي ؟!!!!"
15930,وهل في قطر محدودو دخل؟!!!
15931,روح لتل ابيب احسن
15936,وماذا عن فلسطين يا ال سعود
15947,الخبر اعتقد يخص فوز البرسا على بلباو .. ايش جاب هذا المدسوس هنا
15948,ماهو طبيعي هلخيخووووون(:
15952,"إخوتنا العرب على العين والرأس والخلافة الإسلامية على الرأس. ونحن الكورد لا يمثلنا البيشمركه لأنهم ضد شرع الله واستغفر الله 
والنصر للمجاهدين"
15954,"تـــــــم تصديـــــره إلــــــى  مبرداتكم ٠ وكذالك ما تحت أرجلكم سائلا وصلبا ٠
() وإنا على ذهاب بهــــــــــــ  لقادرون  )(٠
فلولا تسبحــــون ؟؟؟٠"
15960,*: الرجاء إدخال هذا الحقل باللغة العربية*: الرجاء إدخال هذا الحقل باللغة العربية
15961,*: الرجاء إدخال هذا الحقل باللغة العرب  الرجاء إدخال هذا الحقل باللغة العربية.الرجاء إدخال هذا الحقل باللغة العرب  الرجاء إدخال هذا الحقل باللغة العربية.
15962,الحد الأقصى للتعليق الحد الأقصى للتعليق الحد الأقصى للتعليق الحد الأقصى للتعليق
15964,اللهم نصرك وتمكينك للمقاومة العراقية والسوريه وكل المستظعفين والمظلومين من اي ملة واقهر الضالمين واصحاب الفتن واشرارها اين مطلع قرن الشيطان
15970,آمين .
15972,شعب القوامون
15973,رجال الدولة الإسلامية رفعة رأس
15977,فين خبر فوز مصر بمقعد غير دائم بالامم المتحدهباغلبيه تزيد عن الثلثى
15978,( من المؤمنين رجال صدقوا ما عاهدوا الله عليه فمنهم من قضى نحبه ومنهم من ينتظر وما بدلوا تبديلا ( 23 ) ليجزي الله الصادقين بصدقهم ويعذب المنافقين إن شاء أو يتوب عليهم إن الله كان غفورا رحيما ( 24 ) )
15983,الحمد لله كثيرا... انهم يهزمون في صمت... لله درك دولة الاسلام.
15990,بارك الله بك يا خامس الخلفاء الراشدين. من عفوك وسماحتك قد استحى عمر بن عبد العزيز.
16009,اسامة بن لادن و صدام حسين و ابناؤه على نفس الجزيرة..
16015,لم اسمع عن قناة عربية اعتذرت في الماضي ولا في الحاضر!. وهاهي قناة الجزيرة تعتذر وتصحح..واذا سمعت رجلا اعتذر، فاعلم انه شخصيته قوية. وكما قيل: (وما تواضع أحد لله إلَّا رفعه الله).
16021,ان لم تصرح بإسمه فأنت مشارك في الجريمة بتسترك على المجرم
16022,من يدين إجرام الإحتلال بحق أصحاب الأرض يا ترى ؟!! والذي امتد لأكثر من ستة عقود ،أم أن حمزة دوما لا بواكي له !!
16023,اول حرف من اسم هذه الجهة العربية التي اتصلت بالامريكان الممممللللككككةةةة ااالالالالاررررددددنننننييييةةةةة. هل حزرتم من هي ؟
16024,يا شيخ صلاح قولها من هي البلد انا بقرل عنك ( مص)
16027,والله يا شيخ مش عايزة تكهنات فكل الحكومات العربية الموجودة تحرض اسرائيل على من في قلبه ذرة غيرة على الاقصى. وحرب غزة الاخيرة خير برهان فلا نقول الا حسبنا الله ونعم الوكيل
16028,ان لم تصرح باسمه فانت مشارك له في الجريمة بتسترك
16030,إنها الإمارات يا سادة، أرجوا من الجزيرة عدم حذف المنشور لأن الإمارات حذفت العرب والمسلمين كلهم.
16031,أعتقد أن الدولة العربية التي قامت بهذا العمل هي الأردن .
16041,الدولة الإسلامية أسود.
16046,أن شاء الله بوقفه عرفه المباركه نشهد فتح بغداد ودمشق و أنضمامها للدوله الأسلاميه بأذن الله العزيز الجبار.
16048,كما نشرت الجزيرة: الشريط بلي يا انجينير الشريط بلي. وين العالم وين المنظمات الدولية......
16059,والله انك لو بتعرف ربنا ماكنتش قلت الشعب المصرى بأكمله . الشعب المصرى فى معظمه خرج للمطالبة لخلع مرسى و أمر جيشه بخلعه لو رفض ، و قد كان.
16065,الشوام لايستخدمون مصطلح مشفى بل مارستان او صحيه.اليمنيون هم من يستخدم هذا المصطلح وانتهى وجودها الآن.
16081,وبالعدل والديموقراطية والمساوات هلنحن مسلمين ياعرباكبرمنتركيا ؟؟لاومليون لا فالمسلم لا له جنسية وكلكم سواسية ولا فرق بين عربى واعجمى الا بالتقوى
16085,لوحات مثيرة للخيال ...
16090,شعبية الدولة الاسلامية اصبحت تفوق كل التصورات و انا انصح جميع القنوات الاعلامية ان تحذوا حذو قناة الجزيرة وان تبدأ بنشر الاخبار الصحيحة عن انتصارات الدولة الاسلامية
16092,ههههه عجبني تعليق ابو فلان وربي تعليق محترم
16100,الغريب أن هناك بعض الأشخاص غير معجبين بالآية...
16110,قل الحق وكفاك نفاقا
16118,ایه صح...حرروها
16131,واين السعوديه وقطر  ؟1
16140,وماهي اخبار الجاش مركه في جبل سنجار؟ وماهي اخبار اسرى الجاش مركه؟
16141,نتمنى الاهتمام بالتوعية الصحية المبسطة ، وبلغة بسيطة ، لكي يتم فهمها بسهولة ، لتحقيق صحة العائلات و ديمومتها و سعادتها و هناء عيشها ، أطال الله أعماركم و شفاكم و عافاكم من كل سوء و أسعد جميع أوقاتكم
16144,"نسأل الله سبحانه وتعالى أن يجزي الشيخ علي أحمد ملا، بلال الحرم المكي خير الجزاء. المؤذن له مكان رفيع في الإسلام، وله الأجر والثواب العظيم عند الله عز وجل. 
من اليابان"
16153,لماذا لم تنشر مداخلتي بالرغم من إحترامها لشروط المشاركة ؟ فأين هي حرية التعبير عن الرأي التي تعتبر أحد أهم مبادئ الجزيرة ؟ أم إنها صارت رهن مزاج الموضف العامل في الكنترول ؟؟؟
16154,دول الخليج تبذل الغالي والنفيس لدعم باقي العرب ثم لا يجدون إلا النكران والجحود والسب والشتم على كل الفضائيات
16161,وَمَا يَعْلَمُ جُنُودَ رَبِّكَ إِلَّا هُوَ
16170,الله يرحمهم منهم
16202,العنوان الصحيح لقد رحب العالم ؟! الكبار ! بتقسيم الكعكه ؟
16205,ترحيب عالمي بإثناء إسرائيل وحلفائها
16206,وتفسير تلك الآية هو أن الأعراب أشد جحودا لتوحيد الله وأشد نفاقا من أهل الحضر في القرى والأمصار وذلك بسبب جفائهم وقسوة قلوبهم وقلة مشاهدتهم لأهل الخير فهم لذلك أقسى قلوبا وأقل علما بحقوق الله.
16209,أين ترحيب ال سعود؟؟
16210,لقد اصبحت السعوديه واسراءيل في خندق واحد
16213,انا ایرانی.انا احب المسلمین.
16214,لسلامة الحجاج اوقفوا مواكب الامراء أثناء الحج. موكب خالد الفيصل تسبب بمقتل واصابة الالاف بتدافع منى امام البوابات المغلقه
16215,الحمد لله أنه أدلى حاج جزائري ناج من المجزرة بشهادته على الحادث وسيكشف الله الحقيقة للناس وهي العكس تماما ما يقوله النظام السعودي.
16216,دولة منزهة عن الاخطاء
16233,لقد اصاب الامريكيون عندما تكهنوا بوصول اوباما لحكم الامريكا انه به تنتهى قوة وعظمة الامريكيون
16240,نشكر الجيش السعودي عامه قياده وظباط وافراد . وتشكر الطيارين بشكل خاص . وتحيه تقدير واعجاب واعتزاز  للاستخبارات القاعده الجويه الاستخبارات الجويه السعوديه لكم منا كل الحب والاحترام والتقدير
16256,من جد يا سو سو سو سو سو سو سير.
16265,إلا خصني
16271,نصر الله الدوله الاسلاميه و المسلمات الحرائر اللواتي يهاجرن الى ارض الخلافه باعداد كبيرة يوميا و ما قيل في المقاله لا يستند و بعيد عن الواقع ....دوله الاسلام باقيه و تتمدد
16294,اللٌه
16306,"نرجو اعلان قائمة أسماء الضحايا 
للامر فائدة ايضا لربما كان مقصودا به احد من بالحرم"
16309,هذة عاصفة الرحمن اللهم احفظ اليمن واستر على ابناءة الأخيار
16312,لن يتحقق مبتغاك بالمشاركة في ادارة الحرمين
16314,هذا غضب الله على المسلمين بسبب القتل والذبح واضطهاد لغير المسلمين وهذا دليل لاظهار الحق مع المسيح
16315,"كاني ارى بصمات الغرب على هذا الحادث, نذكر اخواننا المحققين بان تاريخ اليوم هو 9/11 .... الرجاء النشر لان الحج قريب جداً"
16316,"""كارما"" الله يرحم الاطفال والناس لي عم بتموت في البحر المتوسط والخليج بيتفرج عليهم!!! في ناس تدّعي الاسلام وناس ""مسلمة"",,,,"
16326,"بالله عليكم , ايه اهمية الموضوع!"
16350,سبحان الله يخلق ما لا تعلمون
16357,نتمنى المزيد من البحث في استخدام هذه الطريقة للمساعدة في الاقلاع عن التدخين و علاج أعراض الشيخوخة أطال الله أعماركم و شفاكم و عافاكم من كل سوء
16359,الا ان نصر الله قريب
16374,لماذا الحكومة النيجيرية لا تستجب لمطال بوكو حرام بتطبيق الشريعة في الشمال و هكذا تضع الحرب أوزارها و يعود الأمن؟ ثم لماذا الكافر يطبق عليه قوانين الكفر و المسلم يحرم من تطبيق الشريعة؟ لماذا؟ لماذا؟
16376,سبحان الله الخالق لا اله الا هو وحده ، شكرا على الموضوع المفيد
16377,ماذا عن صلاحية الأغذية المعروضة في الأسواق قبل الوصول الى ثلاجة المنزل ، بارك الله فيكم
16380,://../-110259.مجزرة رابعة العدوية: أبشع جريمة في تاريخ مصر الحديث
16394,والله مرات بتحيرونا
16399,حولوا عاصفة الحزم الى جهاد عقائدي ضد الرافضة والمجوس الفرس و اجعلوا حزب الاصلاح اليمني يدير الدولة و اجعلوا العلماء و طلبة العلم من يقودها عند ذلك سيجد تنظيم الدولة مكشوف  و سيسحب مصداقيته عند الاخرين
16403,من الذي بدأ المشكلة؟؟؟
16404,وكيف السعودية والإمارات يحاربون السنة في مصر ويحاربون السنة في العراق بجانتب الشيعة
16409,تبحث في غوغل و يوتيوب ” مخطط أمريكا لاحتلال سبع دول عربية خلال خمس سنوات “
16411,(الحق لا يعرف بالرجال اعرف الحق تعرف اهله)
16412,(قل هاتوا برهانكم ان كنتم صادقين)
16414,"هذا صحيح ولقد عالجت هذا الموضوع بالتفصيل في مقال ""هل زيت الزيتون آمن للطبخ؟"" على صفحتي على الإنترنت صحتك بالدنيالمن يرغب بمعلومات أكثر عن هذا الموضوع."
16417,مساء الخير سيدي !!!!
16420,هل انت مبعوث لليمن ام لايران . ماظنك الاتسير على خطى بن عمر ..الاقاتل اللة الخيانات . ولكن التقصير من اليمنيين الذين لم يطردوا  من خانهم اول مرة شر طردة..ايران لن تفيدك يامبعوث العدالة الدولية!!!!!!!
16423,العنوان يوحي لك ان مجموع قتلى الروهينغا بشكل عام ١١٠٠ فقط لا غير منذ ١٨ شهر.
16438,"إنترنيستن أم نيتس  يعني لو ابحث عليه علي الجوجل بالحروف العربية ساشيخ وانا لم اجده,الحروف اللاتينية رجاء!العلم ليس بالعربية في عصرنا بل بلغات اخري!"
16469,هلك من قتلك وتبوء مقعده في جهنم... رحمك الله وتقبلك شهيدا.
16483,قاتل الله المنافقين.
16485,عفوا الصلاة و الصيام قشور ؟
16488,اسرائيل واقع وعلى العرب ان يعترفوا بهذه الحقيقية ٨٠٪ من دول العالم تعترف بها عدا بعض الدول العربية والإسلامية وهناك من يعترف بها سرا من هذه الدول فكفا تحريض
16490,"تتقدم تتقهقهر خطوة للأمام وخطوة للخلف, مادام أنكم تحاربون عدوا الله لا لنصرة دين الله فسيبقى هذا حالكم."
16491,(تحسبهم جميعاً وقلوبهم شتى)
16496,كيف يمكنني مراسلة الفنان سلمان شاهين؟
16497,كيف يستهلك الأطفال الحقيبة!!!!!. يستعملونها أحرى.
16500,لم يعمل بشكل سليم، ففي متصفح اوبيرا يحولك الجزيرة نقطة شبكة فورا الى النطاق الانجليزي الجزيرة دوت نت بورتال. وفي متصح آخر يحولك إلى محرك البحث.
16504,لحسن حظنا أن المقال لم يختم بآيات قرآنية
16505,الكواكب التي كشفها ويكتشفها الفلكيون منذ قرن الماضي قد ذكرت في كتابهم القران من اكثر من ١٤٠٠ سنة ، فلا تقلل من شأن علم لم تعلمه فتسيء لقومك السمعة.
16508,"اتريد  ان يقابل الخليفة  الله عزوجل بلقب ""بائع التماثيل ""  لا والله"
16511,"اين شهامة, نخوة و كرم الهواشم؟"
16515,تنويه تم تصحيح لنفس التعليق لخطأ إملائي نأسف للإزعاج مع تحياتنا يا احلي جزيرة
16528,"عجيب !! ..عشرات الآلاف من القتلى من الأبرياء السوريين و كان دائما اللفظ ""قتلوا"" ..يموت مصور أو صحفي واحد من قناتكم أو قنوات غيركم يكون ""إستشهاد"" !!!
في بالي أنا الفردوس الأعلى  محجوز غير للصحفيين !!"
16532,بن عمر أخر ما كان حتمياً لليمن وما ينتظر باقي الدوة العربية اسوا
16535,قربت عاصفة الحزم لنصرة أهل السنة في فلسطين
16536,"من يحقق بماذا ؟؟!!!
للماء يصبوا من غص بلقمة إلى أين يصبوا من غص بالماء؟؟!!"
16547,اللهم أدم على الإمارات وقطر الخير والرخاء، اللهم من أراد بقطر والإمارات أي سوء فأشغله في نفسه
16558,اللهم عليك بالطاغية و ميليشياته الارهابية و اجعلهم عبرة كفرعون و هامان و جنودهما انهم لا يعجزونك ا جبار يا منتفم
16561,حقا كان لزكريا في شقته سواريخ بالستية عابرة للقارات!!رحمه الله شاب بطل
16563,من يتابعُ مَن!
16565,الحوثيون رجال شرفاء ماعندهم لواط.
16574,"""داعش في عالم مدهش"" عنوان الواقع العربي الجديد"
16579,"العنوان مجانب للحيقة. القاعدة في الجزائر.
هذا ليس تعليق بل عليكم تصحيح اخطائكم!!!!!!!!!!!!!?????????"
16586,تقدموا تقدموا تقدموا بارك الله بكم وعليكم
16588,بالعراق المحتل هوالحقيقة
16595,ان ينصركم الله فلا غالب لكم  صدق الله العظيم
16597,أوباما؟
16601,من يقتل مومنا متعمدا جزائه جهنم صدق الله العلي العظيم
16606,هيئة علماء العراق في اسطنبول
16610,هؤلاء هم أحفاد الرسول صلى الله عليه وسلم لم يستهدفو الاطفال
16611,"طبعا,هناك فرق بين الانسان والذئاب,و فرق من ءامن الانبياء جميعا ومن كان يقتلهم,هؤلاء قتلة الانبياء ونزع الله قلوبهم الرحمة وحسن الخلق."
16622,بالطبع فالحياة علىالارض هو تطور وبالادلة وكما ااكده داروين
16632,و لا كلمة على 2022 .. قبل الدخول الى الجزيرة نت كنت اقرا الصحافة الرياضية الفرنسية كلها اشارات الى الاحتمال الكبير بان يعاد النظر في 2022 و بدرجة اقل 2018.
16634,ههههههههههههههههههههههههههههههههههههههههههههه اضحك الله سنك يا فوربيس
16641,ولایملکون من قطمیر ...
16642,حتي الجزيره لا تهتم بالمواضيع الصحيه! هذا الخبر من 2012 يعني ثلاث سنوات مضت. توقعت مقارنه بين الوضع انذاك و الآن!
16666,مصادر مقربه من التنظيم تؤكد سيطرته على مدن كامله بسيناء
16668,لايوجد شئ أبداً أسمه تنظيم ولاية سيناء يامحرري الجزيرة
16669,خير أجناد الأرض؟!!؟؟!؟!!!!!
16670,الله اكبر والعزة لله ..............اللهم انصر دولة الاسلام
16686,و بناء مسجد في اي مكان يساوي قول الله تعالى. والذين اتخذوا مسجدا ضرارا وكفرا وتفريقا بين المؤمنين وإرصادا لمن حارب الله ورسوله من قبل وليحلفن إن أردنا إلا الحسنى والله يشهد إنهم لكاذبون ( 107 )
16687,كاكا انتي لش زعلانة؟
16692,تحية عطرة لسﻻح الجو الروسي.
16709,هل صحيح أن مرسي طلب الجنسية القطرية وبديع طلب التركية حتي يخرج كلاهما من مصر ويتجنبا أي حكم صادر ضدهما؟ هذه الأخبار يتم تداولها بالفعل و ابحثوا إن اردتم التأكد.
16715,الشعب المصري العطيم؟ جيش مصر الطل؟ هوه فعلا جيش طل!
16718,من يسيء .
16723,السلام عليكم ورحمة الله وبركاته أنا من المغرب أريد المشاركة
16724,انهم يرونها بعيده ونراها قريبه وهم في رباط الى يوم الدين شعب الجبارين .ثوري ثوري يا جماهير الارض المحتله
16726,الله يحفظ ويستر ان اصابنا زلزال لا لنا حتىالبنية التحتية ولا الطرق
16731,ما فوائده للمسنين مثلنا ، شكرا على الموضوع المفيد و نتمنى المزيد و المزيد من التوعية الصحية و الاجتماعية للمسنين أطال الله أعماركم و شفاكم و عافاكم من كل سوء
16745,رحمك الله يا أبا عدي الشهيد صدام حسين المجيد
16765,سﻻم عليكم
16766,يبدو ان الطقس في فرنسا جميل وساحل الريفيرا يعج  بالشقراوات الفرنسيات.
16767,حقيقتا لست متخصص بعلوم الورد واجهل اسمائها فلذلك كل واحد ينتقي الوردة اللي على مزاجه ويضيفها للصباح
16768,"أعوذ بالله من الشيطان الرجيم""قال هل علمتم ما فعلتم بيوسف وأخيه إذ أنتم جاهلون..."""
16776,قُلْ لِلَّذِينَ كَفَرُوا سَتُغْلَبُونَ وَتُحْشَرُونَ إِلَى جَهَنَّمَ ۚ وَبِئْسَ الْمِهَادُ ﴿١٢ آل عمران﴾ جهنم بانتظارك انشاء الله
16783,قاسم سلیمانی قاهر الدواعش // اللهم انصره علی التکفیرین
16791,"من حظ السعودية ان هنالك سلطنة عمان الذي يتصف حكامها بالاتزان..حيث ستكون عمان السرداب الذي سيخرج السعودية من ورطتها""هو سرداب وليس باب""لتكون الهزيمة مدوية..وتذكروا الحازم المنصور"
16792,الثالثة ثابتة
16793,تحية حب وأخوة واحترام وعرفان الى كل ليبي وتونسي وجزائري ومغربي وموريتاني ، أنتم أهل شهامة وكرم .... من اخوكم عراقي في كندا
16796,الجزيرة نت حاورت مسؤول داعش .
16804,نعم !! إنها الدولة الإسلامية التي طالما إنتظرها المحبين للشهادة وإنها بإذن الله الذي يُغير ولا يتغير باقية وتتمدد، شاء من شاء وأبى من أبى الله أكبر والعزة للإسلام.
16805,لا تلعب مع داعش
16807,"والله انك صادق , رحت بعد ساعات ابلغ صديقي ولما دورنا على الخبر لم نجدها و اعتقدت اني توهمت بسماعها !! العربية جابتها."
16813,"مشيرا إلى أن من يقول ذلك كأنه يقول ""الشمس لا تطلع من الشرق"".
الصواب أن من يقول غير ذلك"
16835,شمشون
16849,ربي اني دعوت قومي ليلا ونهارا فلم يزدهم دعائي الا فرارا
16850,اسمه الدميرتاش او الدميرطاش وهو من عائلة كردية موجوده ايضا في دول عربيه كمصر و فلسطين ولكن مع تبديل الاسم مثلا في مصر يتم ابدال الطاء ب حرف دال .
16852,ربما هذا هو سبب عدم انتخابه لأنه بدل الطاء بالدال!
16857,اعتقد اننا نادمين على التراخي سابقا في دعم المقاومة دعما نوعيا بسبب فيتو امريكا
16861,بحثتم الوضع في فلسطين ؟! شكراً.
16865,و ما علاقة دولة الخلافة الإسلامية حفظها الله بكل هذا؟
16875,قال رسول الله(ص) في حق الصحابي الجليل سلمان الفارسي، سلمان منا اهل البيت.
16876,تصلنا الاخبار اليوم من مصادر قريبة  بتقدم المجاهدين (اسود الدولة)ووقوع قتلى كثير من الجيش والحشد (نصر من الله وفتح قريب وبشر المؤمنين) والله اكبر
16877,انا كشخص مسلم لا ارى على الساحه يمثلني ويدافع عني غير الدولة الاسلامية لذلك اتمنى لها النصر.
16878,"قريبا انشاء سترفع راية التوحيد ببغداد 
 تحت اسود الدولة الاسلامية"
16879,العنوان اعلاه (هجوم للدولة في سامراء) هل الذي يهاجم قوي ام ضعيف؟هل الذي يهاجم منتصر ان يتراجع؟اقرأ التفاصيل اعلاه! هل الحق يحتاج لمن يدافع عنه؟(بل نقذف بالحق على الباطل فيدمغه فاذا هو زاهق)
16882,الظاهر انت متاثر هواي بافلام ارنولد لولا طيران التحالف عليكم كان انتم حاليا بالكهوف
16883,اللهم سدد رميهم الدوله الاسلاميه باقيه وتتمدد وتتطور وتهاجم الله اكبر اللهم سدد رميهم
16884,متى ياتي اليوم الذي تقر فيه الدوله المظلومه عيوننا بتحرير بغداد
16909,صراحه قناه الجزيره كل يوم تثبت انها قناه محايده وقناه الرأي والرأي الاخر واهم شي المصداقيه والاهم الشرف الاعلامي عندكم شرف غير حافظوا على شرفكم ...!
16920,على الملكي توجيه الشكر للسعودية لما تقدمه من خدمات في محاربة الدولة الإسلامية و لو السعودية أغمضت على المجاهدين و تركتهم يدخلون العراق لإجتاحوا بغداد  و لكان المالكي في حكومة المنفى
16932,التطبيع وظيفه متجدده ابدا
16933,قال تعالى لن يضروكم إلا أذى وإن يقاتلوكم يولوكم الأدبار ثم لا ينصرون
16936,قد يكون هذا الاجتماع بهذا الوزن الاختبار الاصعب للجبير ....
16946,يجرحون ثم يداوون... الجرح أعمق مما تتوقعون. المال لن يعيد الموتى والشهداء ... يعيد الحجر فقط.
16951,صراحه انا معرف اطبل بس نقدر نقول جزاهم الله خير  ..اطبل لهم شوي  العبرقري الفذ الداهيه وايش كمان ياربي الدهاء السياسي خلاص هذا كل اللي عندي ماقصرت
16952,السعودية شيّعت جثامين 4 جنود قتلوا على الحدود مع اليمن ما يرفع عدد القتلى السعوديين إلى 11
16972,العدد الرسمي خمسة ولكن العدد الحقيقي اكثر بكثير.
16976,الله يطرح البركه
17000,كلمتان : التصهين تشيّع في ( مصر) و التشيع تصهين في ( العراق+ اليمن+لبنان+سوريا) ٠
17006,إذا كان عندهم الأنبياء ليس لهم حق على الله والأئمة لهم حق عليه ( سُبْحَانَهُ وَتَعَالَى عَمَّا يَصِفُونَ )الأنعام:100
17015,"الكتب إلا من بعد ما جاءتهم البينة
إن الذين كفروا من أهل الكتب و المشركين في نار جهنم خالدين فيها أولئك هم شر البرية"
17021,البش ماركة أمريكية كماركة بيبسي و كوكاكولا يشربها التنظيم عند العطش و بعدها يقذف بالقارورة الخالية في وجه العدو...
17032,افتح اليوتيوب على جمال الصواريخ المضادة للطيران من على الكتف
17035,كفى
17039,بارك ألله فىك طارك ١٥٥٥
17040,الشعب الجزائري يساند حكومته في سياستها الخارجية و نحن مع سورية بشار
17043,حيالله رجال الخلافه الابطال كل يوم يسطرون اروع البطولات وترفع رؤوس امه محمد عاليا فوالله لكم منا كل الفداء ونحن على الدرب سائرون ونتمنى ان تلحقو كردستان بالدوله الاسلاميه.
17051,"اللهم ارزق قوات دول التحالف الخليجي ومن معهم الشهاده اجمعين, ولا تبقي منهم احدا فداء."
17052,الدولتان العضمتان ومن ورائهم 60 دولة يتعاونون على تنظيم .معجزة غير مسبوقة
17056,"بوتين من القادة القلائل في العالم الذين لا يخفون رايهم في الشخص المقابل عن طريق معالم الوجه, والصورة اعلاه خير دليل علي ذالك!"
17059,الحرية للجندي الأردني البطل أحمد الدقامسة .
17068,نشركم أيها القائمون على الصفحة للآراء الني نريدونها فقط لا يعني عدم وجود الآراء الأخرى
17069,إحذر سيدي المغربي المسلم من مصطلح مخزني الذي يكاد يعني في مصر بلطجي وفي سورية شبيح عافانا الله وإياكم
17074,ياخوي فال الله ولا فالك ان شاء الله الالحاد للابد فاني بلا رجعه اظن لايوجد يمني ينكر الذل الي عيشهم اهل الشرك اكبر الفتنه فتنة الدين
17077,"صورة تجسد الاسلام حقا.  و في المقابل هناك في أفغانستان ٢٠٠ ألف جندي من الشيعة الهزارا انخرطوا في قوات احتلال الناتو تحت شعار ""ألموت للأمريكا الموت للاسرائيل"". بارك الله في مسلمي أفغانستان."
17084,بقي انا بقالي سنة ونص عمال اعد الشهور علشان اكمل خمس سنين وانقل كفالتي علي شركة تانية وفي الاءخر تقولولي عشر سنين -والله العظيم دة ظلم وحرااااااااااااااااام
17085,اقسم بالله ان هذه التعديلات اشد عيودية من القوانين السابقة .... عشر سنوات يا ناس حرام عليكم كفاكم استعبادا
17086,"من الاصح استخدام ""مقيمين"" عن كلمة ""وافدين"" والله اعلم لان تركيبة المواطن الخليجي هي من الوافدين ""سعوديين و ايرانيين و عراقيين و يمنيين ....الخ"""
17087,نظام الكفيل حرام لئنه يعني العبودية
17122,ما اهمية الغذاء الصحي و الرياضة للصحة ، بارك الله فيكم ووفقكم لكل خير
17123,يا ليت يكون الموضوع عن عمى القلب. لأن الكثير منا مصاب بهذا الداء.
17139,سؤال ينطبق على السعوديين!سؤال ينطبق على السعوديين!
17140,الحل الافضل هو عودتهم الى المناطق التي خرجوا منها لقتال الاخرين.........ليحكموا المناطق الزيدية بأي طريقة يريدونها ويتركون الاخرين يحكمون انفسهم وقد يكون الافضل لهم ولنا الانقسام الى دولتين
17152,وأضافت فورين مسلسل بوليسي أنه ٠٠٠
17155,يدخل هذا في إطار التنسيق الأمني بينها وبين إسرائيل تلتزم فيه حماس بقتل ومتابعة السلفيين في غزة ومنع إطلاق الصواريخ فحماس أهون عليها من أنصار الخلافة
17160,أما  جميلة جداً هذه الياسمينة ( الله يحفظها لقرائها )... وبتكتب بالفرنساوي، شو كانت من صاحبات العقيد ولا من حرسه الشخصي ... أم أنها من وراء إحدى المكاتب تستطلع : .....  عدبيا .. عفواً ... أدبيا
17167,(الله يرزق من يشاء بغير حساب)...(لئن شكرتكم لازيدنكم)....
17169,فقحتك
17172,هذه كلها إثباتاتٌ متتاليه بأن داعش هي الدولة الإسلاميه التي تطبق الشريعة الإسلامية بحذافيرها ٠٠
17173,اريد ان انبه ان الغني هو الله ونحن الفقراء وقال عليه الصلاة والسلام جعل رزقي تحت ضل رمحي  وكل ما كتب هنا في هاذا المقال  هو من فضل الله
17174,نسيتم ان تذكروا المصدر الرئيسي للتمويل وهو تبرعات قادمة من السعودية وقطر !
17175,جازان شمال اليمن و ليس جنوب السعودية .
17182,ان شاء يمكن المسلمين من فتح ايران
17183,ان شاء الله تعالى يمكن المسلمين من فتح ايران
17211,بطل
17220,الف مبروك للسيسي ورفاقه.
17223,فرنكنشتاين ينقلب على صانعه..!
17224,تؤول و تفسِّر على هواك !!!
17225,واضح ان هنا ناس لايعجبهم كلام الله يا أستاذ.
17241,هذا شأن الرياض واشنطن والبقية أعظم
17247,اعطينىاسم حاكم غربى عنده فلوس وعقارات بالخارج ولان هؤلاءلقوا شعوب
17255,امنعو الضحك. 😂😂😂😂😂امنعو الضحك
17268,اول مرة  اقرآ احلام  في النهار!
17269,البركة نزلت من ايام بدك ال(ب ك ك)وين الناس؟!؟
17274,"اذا اخذنا بقولك هذافإن ثلثي القرآن لا يجوز الاحتجاج بها لانها نزلت في اشخاص قد رحلونا منهم الصحابة و منهم الكفار...""المفسرين المسلمين""؟؟ هل لديك مثال لمفسرين غير مسلمين, ام انك تهرف بمالا تعرف؟؟"
17277,رجعنا يا ابو(اليومين والثلاثة)عن الرمادي كمل شهر وربعمك مغرزين !
17278,شكراً اخي (
17282,هل بيننا من يحب ويشجع الداعش
17286,"ما دام شعارهم ( إما النصر وإما الشهادة ) 
و ( باقية وتتمدد ) بإذن الله .. فلن يهنأ أعداء الله ..
اللهم انصر من نصر الدين يا رب العالمين .."
17299,العجب المعجب انايران وامريكايتفاوضون على ارض ودول عربية وعلىنووى موجه للدول العربية بغفلتهم
17300,و ماذا العرب معروف به ... في قضية الفلسطین خاصة؟
17310,وكذلك بابا غينيا وبورتوريكو
17311,كنت أقلد شخص بتنظيف الأسنان أثناء المشي  بعود الزيتون.
17317,الله اكبر والعزة لله ولرسوله وللمؤمنين ولاكن المنافقيين  لا يعلمون .........................لا يعلمون
17319,بأسهم بينهم شديد تحسبهم جميعا وقلوبهم شتى (سورة الحشر)
17320,(إِنْ يَنْصُرْكُمُ ٱللَّهُ فَلاَ غَالِبَ لَكُمْ وَإِنْ يَخْذُلْكُمْ فَمَنْ ذَا ٱلَّذِى يَنْصُرُكُمْ مِّنْ بَعْدِهِ وَعَلَى ٱللَّهِ فَلْيَتَوَكَّلِ ٱلْمُؤْمِنُونَ)
17322,اللهم انصر الدوله الاسلاميه( الحقيقيه)
17325,نتمنى من شركات الهواتف و تكنولوجيا المعلومات توعية مستخدمي هواتفها و زوار مواقعها الالكترونية صحيا و اجتماعيا ، باضافة مواد توعوية مجانية ، بارك الله فيكم ووفقكم لكل خير
17331,ماشي كله صح عبدالناصر والسيسي والصهيوصليبي.. ولكن لماذا لم يحرر ابنائك الاشاوس قدسك المنتهك صهيونيا؟
17334,القطريين يتعالجون في الخارج..الرعاية الصحية في قطر لا زالت متدنية
17347,هلا وسيله منوره السهره هههههههههههههههههههه سهره اليوم غير ههههههههههههههههههه قمر قمر قمر ههههههههههههههههههه
17348,"أحب عسف المهره اللي تغلى

وأحب اروض كل طرف يموقي

وأحب اسافر مع سحاب تعلى

وأحب فوق الغيم لمع البروقي

وأحب اساهر بدري اللي تجلى

وارسم شعاع الشمس عند الشروقي"
17349,"منوره يا وسيله منوره السهره والسهره اليوم غير هههههههههههههههههههههههههههههههههههههههههههههههههههههههههههههههههههههههههه أحب عسف المهره اللي تغلى

وأحب اروض كل طرف يموقي"
17355,يعنى صارت جماعة تشترط لحكومة ولانه لا يوجد شعب
17356,الصناعات الفلسطينية مميزة .
17361,الرجاء نشر حيثيات الحكم كاملة و معرفة التهم  ليتسنى لنا التعليق عن علم و ليس عن عاطفة او كره للنظام او اختلاف مع الجزيرة
17363,سنفكر بالتبرع!!
17368,"الجزيرة لماذا ""التنظيمات الجهادية""؟"
17372,كله على كله ولما تشوفه قل له .
17375,"ستينغ فنان قدير لديه أغاني جميلة ,بالإضافة لما ذُكر, فقد غنى "" خجل قلبي, شيم أوف ماي هارت"" و ""حقول الذهب, فيلدز أوف جولد"""
17380,رجال حشد السيستاني يسقطون بالعشارات كل يوم، و إخوانهم يترزقون بصناعة الصناديق لهم، و إخوانهم آخرون  يترزقون بحفر القبور لهم في كربلا، و هكذا يمضي سخط الخالق على خلقه، لو كانوا يفقهون
17388,رب يجبلك الشفا يا محمد. أشفق عليك كثيرا.
17397,عالم عجائب اهوه وجهه الميت لسة حي..
17402,لتتضح الصورة،لماذا المهرجانات في البرازيل وليس السعودية،لماذا دوري تنس في الإمارات أو قطر وليست السعودية لحد الأن.
17404,و هل اليتيمة في أحسن حال؟
17407,نؤيد الدوله الاسلاميه لأنها دوله الحق ضد الباطل وبأعتقادي الدوله الاسلاميه يزداد مؤيدوها ومحبيها خاصته من المسلمين الكرد والترك.
17408,يا حيدر لا تعصي أمر ابيك
17411,مراجل ابي على امي!!
17418,لمن أراد أن يعرف بعضا من الحقيقة فليقرأ كتاب (الخديعة المرعبة) لمؤلفه الفرنسي تيري ميسان ولمترجمتيه سوزان قازان ـ ومايا سلمان ولناشره: دار كنعان للدراسات والنشر في دمشق.
17422,لابد من البحث عن حل شامل وجبر ضرر عام والحفاظ على الوحدة اليمنية ورفض العدوان والمطالبة بالتعويض ورفع المطالب التاريخية في ظل مشروع حضاري عظيم
17423,دعاية للأكثر مبيعاً لقهوة وعندما الباحث يكتب يكون أقوى الدعاية وأكثر مصداقية في نفوس البشر.علما أن الشاي اﻻسود مفيد جدا صحيا ﻻ نه يساعد على تخلص من المواد الدهنية ومسكن اﻻلم الرأس.
17427,(...ومن يتولهم منكم فإنه منهم) فهم ليسوا منا بل منهم وليسوا حكامنا بل حكامهم
17438,منذ ثلاثة اشهر والمقاومة تتقدم في عدن. أنا قلق لأن المقاومة يمكن أن تواصل التقدم والوصول إلى جبوتي.
17450,السعودية اشترت أكثر من 80$ مليار من الأسلحة هذي السنة و إيران 90% من أسلحتها تصنع في داخل ايران...ولاكن إيران أقوى من السعودي آلاف المرأة و مسيطرة على المنطقه و تتفاوض مع الغرب
17451,الخلیج الی الابد الفارسیة
17459,الله يستر!
17461,"الرجوع للحق فضيلة "" #الإخوان ليسوا إرهابيين """
17469,مطاهرات الأخوانجية قليلة العدد التى تحاول الجزيرة الترويج لها لن تجدى نفعا فقد قامت ثورة 30 يونيو المجيدة التى أطاحت بالأخوان بدون رجعة .. لقد قضى الأمر و أصبح السيسى الآن هو رئيس مصر الشرعى .
17472,"لماذا لم ينشر تعليقي ؟ ربما لأنني قلت الحقيقة ! قلت أنها مسيرات و ليست مظاهرات وان الاعداد قليلة !
اين شعار الرأي و الرأي الاخر"
17480,الى حيث وقد رحلت٠
17481,"خسارة كبيرة للاسلام و المسلمين و المؤمنين و المؤمنات الأحياء منهم و الأموات !!!
مات شهيدا في بلاد صديق ""خادم"" الحرامين !"
17483,ظاهرة الإقتباس الحراري
17484,على جسر المسيب سيبوني ..
17486,ثمانية جنود قتلى وهجوم في أكبر مدن البلاد. حفظ الله مصر حفظ الله الجيش
17492,"شوفوا روعة السيسي فى المؤتمر الصحفى
تحيا مصر بنحبك ياسيسي"
17495,المهنية تتطلب ان تعرضوا صور المظاهرات المؤيدة خاصة أنها أكثر عددا و تشبه الكرنفال من الاعلام و الملابس الملونة بعلم مصر و الاغانى الوطنية
17510,عاش الملك للعلم و الوطن!
17545,لماذا لا تنتشروا جمیع خطابه؟؟؟
17549,شاعر حزب بعث صدامي
17558,بعيدًا عن تنظيم الدولة ، فوالله إنا لنفرح عندما نسمع خبر مقتل عناصر مليشيا الحشد الطائفي ، ونسأل الله أن ينصر المسلمين .
17561,وداعا ايها الشهداء بي باي ان اللذين سبقوكم من ربع العمايم ينتظروكم على ابواب الجنه
17567,الله أكبر و لله الحمد
17572,المفروض القول القاعدة تتقدم في سوريا، بدون معارضة أمريكا و الناتو،فإما أمريكا موافقة و هذا شيئ غريب،أو أن أمريكا غير موافقة،و ننتظر القصف.
17577,شكرا لروح الشاعر الكبير غوته
17584,"بعيدا عن الخبر والدعاية الإعلامية الحربية الطائفية , ألم تلاحظوا الشبه بين وزير الدفاع العراقي ( خالد العبيدي ) ورئيس الحكومة الإسرائيلية ( بنيامين نتنياهو ) ؟!"
17585,قتلانا في الجنة وقتلاكم في النار
17586,قتلانا في الجنا و قتلاكم في النار
17587,أعوذ بالله من الشيطان الرجيم
17603,حذار يا ابناء زايد حفظكم الله، غلطة الشاطر بألف
17606,"قال الرئيس الأميركي إن العقوبات المفروضة إيران ستصبح منتهية ولا قيمة لها، مشيرا إلى أن روسيا والصين وأقرب حلفاء واشنطن ""سيتساءلون عن المنطق وراء استمرار هذه العقوبات"""
17622,"دولة الإسلام منتصرة بحول الله وقوته لأنها الوحيدة في العراق والشام اللتي تسعى لتطبيق شرعه,اللهم ياعزيز ياجبار أنصر أخواننا الأبرار في دولة الإسلام على البشمركة والفرس والصحوات والجيش الكر."
17626,هناك فرق بين لاجي و مهاجر
17632,انا فتحت عاليوتيوب والفيديو موجود لم يحذف
17634,"الخبر: "" طالب رئيس بلدية الاحتلال في القدس، نير بركات، المستوطنين المقيمين في المدينة إلى حمل سلاحهم والتنقل به في المدينة لمواجهة الشبان الفلسطينيين."" (المصدر: الدرر الشامية)."
17637,(تحسبهم جميعاً وقلوبهم شتى ذلك بانهم قوم لايفقهون)
17638,الرجاء عمل تقرير و عرضه على شاشاتكم الكريمة عن محمود عباس أصله و فصله ؟ و هل فعلا هو بهائي؟  و تاريخه؟ لأن المعلومات عنه غير متوفرة و من حق الشعب الفلسطيني أن يعلم من يحكمه
17651,"هاذا دليل كى الشمس لانصار النصرة على انها اصبحت عميلة لدولة خليجية
ودليل واضح ايضا على انى الدولة الاسلامية هي على الحق ان شاء الله"
17654,عندما أسمع شيخ خليل يحكي أدرك أنه شيخ حقا و يذكرني بخالتي التي بلغت 90 عاما.
17664,انصح العاهل السعودي بطلب خبراء من المقاومة الاسلامية في غزة ومدهم بما يلزم من مال ومعدات فعندها فقط سيكون عنده إكتفاء ذاتي من الذخيرة . يا عرب إعتمدوا على عقول أبنائكم ولا تكبتوهم .
17670,"يقوم يقتله كل يوم في شوية شباب ؟؟
ويعتقله كل يوم شباب وبنات زي الرز ؟؟ 
صح كدة ؟ 
مقتنع بكلامك ولا بتوجد لنفسك مبرر .. 
حسبنا الله ونعم الوكيل في الاشكال دي :3"
17685,ياعيني يا ازرق يا قلبي ياسلمى
17693,وهل القرآن فيه تلميح لشراء طائرات من أمريكا وروسيا وفرنسا ... وهل الصواريخ و القدائف و الراجمات والمدافع والدبابات ... تحرق أم تنسف أم ... كفاكم ضحكا على عقولنا .
17694,هل تستطيعون مجابهتهم بدون الطيران الأمريكي ؟!
17696,إذا قال فعل .
17698,كيف 300 مقاتل استطاع سيطر على منطقة بها 7000 جندي امر محير واذا هجما داعش ب 7000 مذا يحدث؟
17700,تعليقك جعلني ابكي بحرقه
17703,خبر من أتفه ما يكون بل نكته العصر  بصراحه كل  مشاكل أوربا من ورآه المسلمين و خاصه دول المغرب العربي  احترمو عقولنا يا قناه الجزيره رجاءا. جاسم الكردي من ألمانيا
17706,تصحيح ضروري جامعة دلفت في هولندا وليست في المانيا
17711,علماء هولنديون
17712,كما اثبت ابن سينا ايضا ان ملاك ب ٦٠٠ جناح يمكنه الطيران بالفراغ
17715,(وَمِن كُلِّ شَيْءٍ خَلَقْنَا زَوْجَيْنِ لَعَلَّكُمْ تَذَكَّرُونَ) الذاريات/49
17719,"ظنوها نزهة اللهم بارك وزد لعبادك الموحدين ولا تجعل أحدا ينتصر عليهم ..امين امين
السؤال ؟ماذا لو لم يتدخل تحالف 66دولة كيف ستكون حال الشرق الاوسط"
17720,الحمد لله أسود الدولةالاسلامية  باقون ويتمدون . هم دائما بخير هذه نعمة من الله.
17722,اللهم زد وبارك :)
17724,اللهم لك الحمد ملئ السماوات وملئ الأرض. الله أكبر والعزة للإسلام والمجاهدين
17726,الحمد الله و ما النصر الا من عند الله
17731,هناك إشاعات تقول بان داعشيا قد جرح في هذه المعارك وان الجزيره لاتنشر الخبر قبل التأكد من مصادر موثوقه ،،
17733,"أفاد مصدر محلي في الفلوجة، الأحد، بأن 40 عنصراً من ""داعش"" الاجرامي قتلوا واصيبوا بتفجير انتحاري نفذته امرأة بحزام ناسف مستهدفة تجمعاً لعناصر التنظيم وسط القضاء"
17757,كم هو عدد اللاجئيين السوريين في دوله قطر؟
17764,لانهم مساكين ضيعوا اللبن
17773,لاتلعن المسلمين فترجع عليك لعنة الله .. اتق الله بما تقوله .
17776,على فكرة القتال الحقيقي لم يبدئ بعد
17777,اصبر ثلاث ايام وتنتهي داعش!
17778,علوة جميلة كلهم سنة. والفاعل شيعي
17787,تدفق اللاجئون على أوروبا لأنّ أغلبهم تركوا الاسلام وأحبوا الدنيا ظناً منهم أنّ أوروبا ستوفر لهم العيش الرغيد السرمدي ....
17815,روسيا ﻻتجرؤ على اللعب بالنووي وﻻحتى امريكا النووي اليوم صار اداة لفت انتباه فقط ﻻ اكثر
17822,يجب أن يستقيل أمير المنطقة مع جيش مستشاريه
17823,اين هو ذكر حقوق البشر التي ماتت او جرحت وتعويض اهاليهم التعويض المناسب ياسعوديه  واين هو نتيجه التحقيق التي تعلن علي الملا ياسعوديه واين هي الشفافيه يااهل الاسلام  فقط الرافعه التي سقطت في هذه العاصفه
17842,التقرير المرئي: (متطوعين امريكيين يتعرضون لوابل من نيران الدولة الإسلامية ويفرون بعد إصابة أثنين منهم)
17848,وطائرات التحالف ومن السعودية والاردن والامرات والمغرب من تغطيهم
17849,اعتذر فتعليقي هو رد على ( ما الفرق بين الاثنين ) وليس على فواز
17851,المشكلة الاساسية هي من سعوديا وقطر واسرائيل
17856,يرجى كتابة مواضيع مطولة و مفصلة عن علاج أعراض الشيخوخة بطرق طبيعية كالرياضة و الصيام و الغذاء الصحي المتوازن و والاقلاع عن التدخين ، الله يطول في أعماركم و يعطيكم ألف ألف صحة و عافية
17857,له الملك في السموات والارض وهو على كل شئ قدير
17859,يا الله يا كريم انشاء الله تكون الهزه بعد الساعه 12 منتصف الليل
17862,أليس هناك خطأ في الدعاء: إخواننا السوريين بدل الإيرانيين؟٠ أما الفرس فليدعوا إمامهم المنتظر وبحسن صنيعهم في سورية والعراق سيوقِف الزلزال
17864,كما تدين تدان تدمير البيوت على اصحابها بالبراميل المتفجرة بسوريا  واعدام اهل السنة في ايران وما نقموا منهم الا انهم سنيون لابد ان ياتيهم عذاب من فوقهم او من تحت ارجلهم
17866,من له القدره على حرب الله ؟
17871,الله يكون في عونهم
17878,و هل للانسان قیمة فی البلاد العربیة کسعودیة و قطر و الکویت؟
17887,خبر عاجل : الوضع بسيناء مستقر تماما٬ عال العال ( المصدر السيسي إن إن )٠
17891,اليوم فيه رولا من زمان ماشفناها   انتوا ليه ماتحترمون مشاعري لا تعليقاتي تظهر ولا رولا تظهر حرااام ظلم ظلم ظلم
17892,هذي مذيعه رايقه وجميله بس فين رولا وفين تعليقاتي من جد ؟؟؟؟ تحياتي
17893,المخابرات السعودية ناشطة في هذه الصفحة.
17896,انهم يكيدون كيدا واكيد كيدا فمهل الكافرين امهلهم رويدا
17903,کل العالم تعلمون ان القطر و السعودیة دعمتا من الداعش و القاعدة بادلارات النفطیة
17904,للأسف صار العرب يزورون فرنسا الواحد تلو الاخر لتقديم التعازي مع ان رسالة هاتفية او برقية تكفي!!
17926,"نعم .. حصل ثقب في ورق السيلوفان و تسربت ""حبات"" داخل المصنع ."
17933,"بسم اللـــــــه الرحمـن الرحيم
النجف الاشرف يقفا كل الشموسالسماتاب له انكم يغير كل الاوقات وجنانا"
17934,"بسم اللـــــــه الرحمـن الرحيم
النجف الاشرف يقفا كل الشموسالسماتاب له انكم يغير كل الاوقات الاعظم"
17935,"الصورة المصاحبة للموضوع هي صورة خنفساء "" بيتل"" وليست صورة بعوضه ..."
17943,ليس تحقيق دولي فقط !! يجب أحاله الطلب الى محكمة جرائم الحرب الدولية و احالة السيسي مع وزير الداخلية ووزير الدفاع الى محكمة جرائم الحرب الدولية  لارتكابهم جرائم قتل للشعب المصري الاعزل
17947,اذا كان المكة والمدينة بيت الله الحرام لماذا لا يسمح ال السعود لسوريين باللجوء لهاتين المدينتين
17960,اعتقد انه اصبح واضحا ان السيسي هو من دبر التفجير لتجييش الراي العام حتى يستطيع تنفيذ احكام الاعدام.
17995,هذا المحافظ اللي عينوه السعوديه ؟؟ او واحد ثاني ؟
17997,"منظفات عدن والجواري الكنس : 
على مكانتهن أميرات الحمى والهمم وأقدام رباط العزم والنعم ٠"
18005,ما علاقة التعاون الاسلامي بكرة القدم؟الم يمنعها طالبان و داعش و عاقبوا كل من يمارسها او حتى يشاهدها؟ عجيب امور غريب قضية
18020,"( وما تأتيهم آية من آيات ربهم إلاّمانوا عنها مُعرضين )
 هاذهِ من ألآيات  الصغيرة  وما الحروب  في العالم ألإسلامي  خاصّة والعالم أجمع إلاّ  تنذير للناس  بربوبة الله تعالى"
18038,لاشك أن البهارات لها تأثير ايجابي على صحة الانسان .
18049,اهزموهم با الهومبرقر ههههههههه
18051,قل خيرا او اصمت
18054,كل من يُبلغ عن المتطرفين القتلة له اجر عظيم عند الله.
18061,توبو وهاجرو الى ارض الخلافة  الخبز فيها ببلاش
18063,الحقُّ امام الباطل،والوهمُ امام الفهم،والاسودُ خلف الگُعود،من الذي يُهيمن ويسود؟
18088,هذا الي بالصورة أعلاه ما في منه خير لأهله ولبلدة نقطة
18090,الجزيرة تحاول بشتى الطرق تشويه صورة المناضلين ومن لا يتوافقون مع سياستهم التخربية في المنطقة وتتخوف كثيرا من الجهات الاعلامية الحرة لانها تكشف الحقيقة التي لا تريدها قناة الجزيرة بان تظهر
18091,اذا قلنا ان بعض القطاعات تباع وتشترى فلا تعجب من سماع مديح بموضوع ما وتلميع شخص ما الى غاية ما فقط يحدث بالعالم الان هكذا المجرم يمجد والصادق يلعن وووو لكن الذي على الريق المستقيم سيصل رغم كل المعيقات
18092,هل اتاحت الجزيرة الفرصة للحوثيين .. هل اتاحت الجزيرة الفرصة للنظام السوري (كما تسميه)..هل اتاحت الجزيرة الفرصة لحفتر ... هل اتاحت الجزيرة الفرصة للسيسي .. و
18097,نتمنى أن لا تكون المفاوضات تحت الإدارة المصرية .
18113,"على مااعتقد والله اعلم , حسب تعليق اخ في موضوع اخر انه الكويت منعت منح تاشيرة دخول للسوريين."
18122,ليس كل الثوار مكتوفي الايدي يؤمنون بالسلمية....هنا أبطال في القاهرة كأبطال سيناء
18132,تيران وليس ايران
18135,ياأبو عمرو. من قل لك أن حكام العرب يقرؤن الكتب؟
18151,اللهم انصر حفید رسول الله علی احفاد یهود خیبر.
18152,عاجل:مقتل واصابة عدد من العسكريين السعوديين بقصف استهدف تجمعاً لهم في موقع الرديف العسكري في جيزان.
18153,النصر ان شاءالله قادم للیمانی علی آل سلول.
18154,الوطن العربي يتمزق
18157,لو فرضنا جدلا بان البيشمركة لاتسيطر على نصف متر من شنگال فعند بدا معركة التحرير ستكون كلها في قبضة پێشمەرگە
18161,الباطل سيزول والحق سينتصر(بل نقذف بالحق على الباطل فيدمغه فاذا هو زاهق ولكم الويل مما تصفون)فقد تأكد انك مع الحق فهل انت كذلك؟ شغل العداد واحصي الاعداد!
18165,ما ترهم؟!؟
18171,"قال تعالى 
(فتوكل على الله إنك على الحق المبين) 
سيرو على بركة الله يا اسود دولتنا"
18175,ومصر كمان مستئآلكم جدا جدا جدا ياسامح ونفسها تشوفكم بس موش علي أرضها.
18191,"الرجاء عدم إعادة ""مِسلة ميشع"" أو أي أثر."
18192,والله صدقوانفسهم انهم مقاومة وليسواخونةوعملاءكماهم فىالحقيقة
18204,"هل وصلت الجزيرة ان تتناقل أخبار عن مصر دون مصدر غير ""يقال"""
18209,اصبت فتعليقك رائع جدا
18210,الى الباطل الخافت حتما سننتصر
18219,يا باس القوم وفكرهم والحمد لله رب العالميين
18221,قال الحق(آلآن وقد عصيت قبل وكنت من المفسدين فاليوم ننجيك ببدنك لتكون لمن خلفك آية وإن كثيرا من الناس عن آياتنا لغافلون)صدق الله.
18226,زعل العصفور على بيدر القمح زاد طغار (2000 كيلوغرام بالعراقي)
18239,"انت تشتي,وغيرك يشتي, والله يفعل مايشتي."
18241,يا حنون إنتَ!
18244,و ان خلص الفول انا مش مسؤول
18245,وماذا عن وجبة تشريب باجلا العراقية بالدهن الشهية التي تشتهر بها مناطق وسط وجنوب العراق.
18246,الإكثار من تغيير الماء الناقع للبقوليات يخفف من حدوث الريح هذا بحسب نشرة طبية.
18248,يعني يا اخي باللغة العامية بسير يطلع منك دخنة مثل كزوز السيارة
18249,ايهما افضل لصحة المسنين الحمص ام الفول و هل يفيد اي منهما في علاج أعراض الشيخوخة أطال الله أعماركم و شفاكم و عافاكم و أسعد أوقاتكم
18250,أيهما أفضل: الحمص أم الفول؟ اللحمة!!!
18252,متى سيأتي اليوم الذي نرى فيه مقالات  وتعليقات عربية بمنهج علمي وموضوعي بحت ؟ الإجابة واضحة.
18253,ادي المواضيع ولا بلاش !! انا الحقيقه من محبي الفول المدمس والطعميه (بحكم النشأه يعني) بس لو عرضت عليا حمص ولا بابا غنوج أو فلافل شامي فلن ارفض ابدا
18254,يعني نقض الوضوء :)
18255,البليلة ليست فول على ما أعتقد، فهي القمح المسلوق
18256,معناها يجب  ان تنام منفردا في غرفة .
18257,غاز الميثان!
18261,قرار صائب و واضح وهو حق لكل دولة تحترم شعبها، والجميع يحترم شعبه إلا العرب، ضربة موجعة للاقتصاد المصري في الصميم
18264,ولم تسقط داعش الطائرة ولا القدرة على ذلك
18268,هل أنت متزوج.
18275,نتمنى المزيد و المزيد من المواضيع عن طرق علاج أعراض الشيخوخة طبيعيا بالأعشاب الطبية و الرياضة و التغذية و الاقلاع عن التدخين و غيرها ، أطال الله أعماركم و شفاكم و عافاكم من كل سوء و اسعد اوقاتكم
18280,"لم يتعدى هدف عاصفة الحزم ردة الفعل على نقل السفارات الى عدن""""التي اعتبروها ضربة معلم""""واذبهم يفرون منها..او ان الحملة فاشلة من حيث بدأت"
18286,فتلك التعليقات التى تحسبنها تحريض يا جزائرية هى من انقذت الامة
18296,ولذا ورد في الحديث النبوي بيت لا تمر فيه جياع اهله
18298,لماذا تتجاهل الجزيرة احمد فهمى الذى اتهم الجزيرة بالتخلى عن صحفيها و عزمة مقاضاة القناة
18301,انا كنت من ألذ أعداء المرحوم صدام، ولكن  أقول اليوم مليون رحمة عليك يا ابو عدي وكان العراق في خبر كان
18302,السلفيون في مصر هم خير ممثل للسلفية في العالم
18303,يا ريت العرب كلهم يفكرون مثلك ويبتعدون عن الطائفية
18311,أنشر:  أملنا فيكم يا أبناء السامية. لقد ذل العرب الرجعية و الدكتاتورية العسكرية. اتحدو هذا هو يومكم وستكونو مفخرتأ للجميع في هذا العالم الذي هتك بنا و بكم.
18320,اللهم إشفه واعافه وجميع مرضى المسلمين.. آمين. ما شاء الله همة عالية. وفقه الله. والحمد لله رب العالمين.
18321,الحمدلله
18322,"اما آن للمصلي والراكع والساجد والنائم أن يركع ويسجد وينام ولو في ليلة العيد ويؤدي صلاة العيد بهدوء ليس في سوريا فحسب وانما في اندونيسيا واليمن ونيجيريا والعراق
والحرف على الجرار..."
18326,استشهاد او مصرع ؟
18329,يسلمووا
18333,يوجد زيادة باعداد القادمين شو عم يجري عندكن علارض بالله ممكن حدا يخبرنا
18334,السيد قدس الله سره مننا وفينا ونحن نحبه وهو يحبنا ويعطينا الهدايا الكثيره والغلمان والجواري فلاشأن لك بااهل الدار وانقلب على عقبيك فالتمس نورا فلانور عندنا الا لاال سيدنا حفظه الله
18349,وين دولة قطر للغنية ؟ ليش ما عم بتساعد ؟؟
18350,"بسم اللـــــــه الرحمـن الرحيم
وقالوا الناس نريد ان يقتل محمد في برطانيا وقال محمد اتمنى 
اخر رسالة من برطانيا"
18357,"لا يحتاج المسلم من فتوى لا من السعودية و لا من المريخ, الدفاع عن المال و العرض و الدين مشروع اذا اعتديا عليك ولا يجوز فقط أن يكون المسلم هو أول من يعتدي."
18358,با اختصار.................. الدولة اذا وعدت وفت
18359,قالوا سندكّ فرنسا ففعلوا، وليس ذلك عن واشنطن ببعيد.
18360,"تركوها لك, ألس المسجد الأقصى قبلتك الأولى؟ ألست تمثل الإسلام الحقيقي؟؟ترى من هو أحق بوصف الخوارج؟؟؟؟"
18364,بارك الله بأسود دوله الخلافه قول وفعل والله الف تحيه لكم من شباب اوربا المسلم.
18369,ولاتنسا نعمة معنا الـــــــــــــــــــلــــــــــه
18371,(فاما الزبد فيذهب جفاءاً واما ما ينفع الناس فيمكث في الارض)
18374,هذه الايام هى ايام حنظلة بن ثعلبة وعمر بن الخطاب وصلاح الدين الايوبي وطارق بن زياد وسيد قطز ومحمد الفاتح فنعم الايام ونعم قادتها وجنودها.انشر رعاك الله اخ الجزيرة نت!!
18375,باقية وتتمدد الى اقطاب الأرض، بإذن الواحد الأحد، الفرد الصمد.
18386,باقيه وتتمدد بإذن الله
18392,اكتب اسمك بالعربي اولا ... ثم بعد ذلك حدثنا عن الحبيب المصطفى عليه السلام وعن والفتح والحق واهله ...
18393,هل تعلمون يا جزيرة انه كلما حذفتم تعليقلتنا زدنا يقيننا اننا على حق  والله مولانا وناصرنا
18400,أللّهم زد و بارك.
18402,هذا مصير المعتدي
18407,هل من الممكن أن نعرف المجموع  النهائي للصرعى في هذا الصاروخ ؟؟
18408,ولا ادري اذا كان في احصائيه بعدد الطلاب في روسيا اللي جالسين عل النت في بيتهم ومابيدافعو عن فلسطين
18423,"الصاروخ الذي فجر مخزن الاسلحة يذكرني بالاية الكريمة: ""وما رميت اذ رميت ولكن الله رمى""."
18425,لماذا الى الان لماذا يتم الاستهتار بالدم السعودي
18435,جامعة حيفا في إسرائيل ???
18446,ما هي مسارات التفكير السليم الهادف ، بارك الله فيكم
18447,"كلا لئن لم ينته لنسفعا بالناصية - ناصية كاذبة خاطئة. ما من دابة إلا هو آخذ بناصيتها. الناصية هي قشرة الفص الجبهي""، التي تقع مباشرة تحت الجبين. وحدوا الله وتدبروا كتابه."
18449,انهم يشنون غارات لتسليح تنظيم الايسيس (داعش)ومن صنع الصهيونيين  ومن لم يصدقنى فليدخل للانترنت ويضع اسم الايسيس والدولار وستروا
18453,وماذا يجني زارع الشوك؟
18462,"تصحيح
مقتل 3 ارهابيين بانفجار سيارتهم"
18463,اللى مات هم الارهابيون اللى كانوا فى السيارة المنفجرة التى كانت فى طريقها لقسم 6 اكتوبر لكن انفجرت بعد مرورها على مطب صناعى..يا رب دائما
18469,صحيح 2.5 مليار تقريبا ولكن 36 مليون في السنة وليس 3.6 مليون. فالخطأ الذي وقع فيه المقال طباعي فقط وينبغي تصحيح الرقم من 3.6 مليون نبضة في السنة إلى 36 مليون نبضة تقريبا في السنة
18471,هذا اللقاء كان له مصداقية وخير للشعب الفلسطني لو سبقه لقاء الملك مع قيادات المعارضة والإخوان بمصر.
18473,"أستغرب من الجزيرة نشر هذا الخبر المغلوط 

حيث أدى خادم الحرمين صلاة العيد بمكة المكرمة و كانت الصلاة منقولة و واضحة تلفزينيا و ظهر خادم الحرمين مؤديا للصلاة بمكة المكرمة"
18477,وفر شرحك.
18488,إذا قرر التحالف قصف داعش بجدية ،فدخول الجيش التركي مع جيش النظام السوري مع الجيش الحر مع الأكراد ، يعني داعش انتهت ، اطمئنوا تركيا ليس لها إلا داعش لدحر الأكراد و لن تهاجم داعش إذاً .
18494,وكانها جيش المانيا
18498,شو موقف الامارات من هذه الاغنية ؟
18499,لا يختلف اثنان ان الموسيقى والغناء حرام.لو بدون موسيقى كالاناشيد افضل.وهل ننتصر بمعصيه الله؟
18501,"يا سيدي، الرسول صلى الله عليه وسلم قال لحسان ""اهجهم"" وعرف أن الشعر في ذاك الوقت من وسائل الحرب. وهذه من ذاك القبيل. وعيها قس!"
18517,تصحيحاً لخبر الجزيرة عد الدبابات المدمرة 22 حتى ساعة هذا التعليق
18523,مبروك لقبائل حمير وهنود وصومالي عدن انفصال الجنوب والتحرر من الاعراب .. انها حرب عنصرية تستهدف قبائل حمير والجالية الصومالية والهندية قريبا استقلال الجنوب
18532,يا رب انصر سنة العراق على الروافض الشيعة.
18534,لله در الاسود
18538,"انا كل يوم اتطلع الاخبار بحثا عن خبر فتح بغداد الرشيد ، ""ويسألونك متى هو قل عسى أن يكون قريبا"" ، نصرك الله ايها الدولة المظلومه نصركم الله يا جند الخلافه يا اجل من اقلت الارض وظلتهم السماء بهذا الزمان"
18544,باقية وتتمدد مهما تفعلون ومهما تدعمون من نصره الله لا غالبا له
18547,تحية كلها حب واحترام لاسود الخلافة
18552,ان الله لا يحب كل خوان كفور للمسيح الدجال جنود  يمهدون لخروجه لذاللك على الامه ان تجهز نفسها وتصلي صلاه مودع والقابض على دينه كالقابض على جمره من نار هاذا حالنا فالنتهيئ للقادم فالقادم شيئ عضيم
18560,"هههههههههههههه
و مصر و الاخوان دونت ميكس ، و الدرايفينج و منحنى الصعود و الحارة المزنوقة و الصوابع
يحيا السيسي و تحيا مصر و يحيا جيش مصر"
18561,( الشيطان يعدكم الفقر ويأمركم بالفحشاء والله يعدكم مغفرة منه وفضلا والله واسع عليم ( 268 ) سورة البقرة
18566,يالطيف ابو الفلاتر
18567,بسم الله الرحمن الرحيم : ( طلعها كأنه رؤوس الشياطين ) .
18572,والله لم نسمع بهذا فى كل الديانات وهنا نحترم اليهود للغيرتهم على ديانتهم.
18573,خطوة مهمة في المساواة مابين الرجل والمرأة ولا مانع ان تكون المرأة امامة للجامع ولماذا لا اليست المرأة بشرا؟
18576,التباكى على هدم التماثيل هو من ملة قوم إبراهيم -عليه السلام-
18577,"""حتى لا تكون فتنة و يكون الدين كله لله"""
18578,مدينة الحضر بالموصل ليس اثار رومانية هي اول مملكة عربية في العراق
18584,طيعو ايران وحزب الله سنقدم لكم الدعم ولأمان
18603,جمال إيمان عياد الخلقي والمهني هو سبب عشقي لقناة الجزيرة...
18608,للذي كتب المقال يمكن مايقرئ اخبار العالم العربي الغارق بالسلام والمحبه والتسامح والاخوه وعشنا وشفنا!
18611,معقولة يا عراقيييييييي!
18613,ممنوع التمرح في سهل الغاب.لان الغاب حصريا للاسد.الم تتعظون من الاسد سيسيل؟
18628,كيف لمؤمن أن يناصر فاجر ؟!
18631,في انتظار اللحظة التي سيتم فيها افتتاح اكبر كنيسة في الشرق الاوسط في الرياض عاصمة السعودية وشكرا
18636,حديث حسن. رواه أبو داود في السنن ، وأحمد في المسند . وحسنه الألباني في صحيح الجامع الصغير 5690.). وشكرا لخالد.
18639,اهذه الصورة مغلوطة هذه ليس الشيخ وحبد البلعوس
18640,ماذا عن التمر ، هل يفيد الانسان صحيا و نفسيا و شكرا
18648,يجب البحث عن صلح شامل وجبر ضرر عام يرفض العدوان ويحافظ على الوحدة اليمنية الاندماجية ويرفع المطالب ومنها المطالب التاريخية .
18654,تصورو المشهد كاللآتي :العالم بدون داعش وعصابة الملالي المستوطنة بإيران وبدون وبشار الاسد او نحرق البلد وبدون  وداعش الخلافة الخرافة
18672,تطميد  جراح الشعب السورى اولى ببيوت الله التى لها رب يحميها
18673,مرسي و الأخوان ما عجبوكمش أشتمتعوا الان بثورة 30 يونيو و أنجازاتها يا مصرين
18697,شكرا لقناة الجزيرة على خبرتها الاعلامية و اتصلوني مرة للمقابلة و أنا ممن يهتم بمتا بعتكم و مشاهدتكم رجاء أن أكون في المستقبل مع طاقم الجزيرة الدولي
18707,الا 11سبتنمر شفتها بليلةقبل ماتحدث والله شهيد على ماازعم بل تمنيته وليس بمنام بل واقف
18709,آمین
18711,عاشت روسيا دمرت في ثلاثة ايام مالم يدمر التحالف في سنة هذا دليل علا ان التحالف كان يظرب في العراء ٥٠٠٠ ظربة جوية للتحالف ولم نسمع البكاء من المعارضة ١٤ ظربة من روسيا وهاهم يبكون
18713,أمريكا تنسق مع روسيا في سوريا و إذا لم تجرؤ أوروبا و أمريكا على التدخل، هل السعودية سنتدخل؟ و هي طلبت الإذن من أمريكا قبل التدخل في اليمن؟
18714,الجمرة الخبيثة مرض بكتيري وليس فيروس يااهل الاختصاص
18722,تنويه ::الجزء الأول من التعليق مفقود..؟! تنويه ليس للنشر وشكرا مع تحياتنا لطاقم الجزيره
18724,الا لعنة الله على الكافرين
18726,اين عاصفة من مسرى المصطفى
18740,"يا إخوة أكثروا الدعاء في هذه الأيام المباركة , اللهم أهلك المنافقين قبل المشركين , اللهم انصر عبادك المجاهدين , اللهم ارزقنا الخلافة يا ربّ العالمين ."
18741,إنها و الله لأخبار تفرح الصدور حتى وإن يكن لدولة أخطاء  و تجاوزات فهم مسلمون ولن نقف ضد إخوتنا المسلمين في حربهم مع الشيعة
18758,انشاء الله الصغار والنساء والضعاف شهداء ولا يلحق من قتلهم اي تبعات ايضا .فيجوز قتلهم في حاله التترس بهم حسب فتاوي شيخ الاسلام ابن تيميه جزاه الله خير.
18774,"الطائره المغربية سقطت في مارب 
بسبب خلل فني 
والطيار موجود وبصحه 
وسلامه﻿ مع قبائل مارب"
18777,أرجو الانتباه إلى الطائرة المغربية المفتعلة (هل هبطت في منطقة ما)، علينا إن نأخد كل شيء بنظر الأعتبار.
18784,"بشرى للظلمة من كتاب الله .  أعوذ بالله من الشيطان الرّجيم"" وَإِنَّ لِلَّذِينَ ظَلَمُوا عَذَابًا دُونَ ذَٰلِكَ وَلَٰكِنَّ أَكْثَرَهُمْ لَا يَعْلَمُونَ"" الطور -47"
18790,ﺧﻄﺄ ﻓﻲ ﺍﻷﺴﻟﻮﺏ: ﺍﺴﺒﺪﺎﻞ ﺍﻟﺤﻟﻮﻳﺎﺖ ﺑ ....
18791,معك حق يا أخي الكريم ، لقد اخبرتهم وكتبت لهم منوهاً بهذا الخطأ ، لكن القائمين على هذا المنتدى إما عنصرين أو طائفيين لا تعجبهم تعليقاتي لهذا لا يعرضوها .
18802,ايي اسلام يقصدون ؟؟؟؟؟؟؟؟
18805,قال ربنا وقوله الحق ( مالكم كيف تحكمون) ، الحمد لله على نعمة الإسلام ، الحمد لله ما عند الله خير وأبقى وعندكم ينفذ ، ربي توفني مسلما وألحقني بالصالحين  آمين يارب العالمين.
18806,قال ربنا وقوله الحق ( ملكم كيف تحكمون )، الحمد لله على نعمة الإسلام ، ربي توفني مسلما وألحقني بالصالحين.
18808,هم يذهبون الى تايلند و لاس فيقاس و و و
18813,انتباه  .. اللوحة تشمل اجزاء ف الجسم يجب الا تظهر في موقع كهذا و خاصة أن اللوحة تدل على نساء دولة عربيةاسلامية
18823,ستكون مواعظك المشروخة ذات جدوى لو القيتها ميدانيا في ساحات الوغى على مسامع اولياء نعمتك الدواعش و ليس اختباءا خلف الشاشات.
18830,يرجى كتابة المزيد و المزيد من المواضيع عن فوائد النوم و اهميته و كيفية النوم الصحي الجيد للآباء و الأمهات و الأطفال ، بارك الله فيكم ووفقكم لكل خير
18834,ليس مستحيل في هجوم مباغت
18836,اقرأ اعلاه في التقرير يقول وسام الفلاحي (لا يعلن عنهم) اقرأوا ثم علقوا!
18842,حتى إذا ما مكن الله لدولة الإسلام من حكم الشام بشرعة وجد رئيس أحرار الشام مكان يحوية ويطلب إليه اللجوء. يعني بإختصار يخططون إلى مابعد الشام لأنهم يعرفون مصيرهم أجلا أم عاجلا.
18843,من الواضح أن الكاتب لم يقرأ الكتب والمعطيات واضح مترجمة/ أنا أدرس الادب الفرنسي المغربي وقرأت الكتاب واستطيع القول ان الكاتب لم يقرأه وانما هي نتف مما كتبته عروض الصحف الفرنسية
18844,فلا يوجد اعلام من غير تحرر
18848,الإضراب عن الطعام حرام شرعا،القلب شيء وبتر الحرام شيء أخر،ووجب علينا بتر الحرام لكي لا يضرب إنسان مسلم أخر.
18856,قصر دولما بهجة وسط إسطنبول هو متحف و لا يضم رئاسة الوزراء. هذا كان في الماضي .
18860,"عدة الملائكة وتخصصهم عدل حروب وكفاءة قتال وما كانت لقلة أو خوف من هباء وأجواف أهواء وفروج آستضعاف ٠
ـ قــُـــــلْ جبــــــريل وميكال           وحافر بغلة  عليها السلام وأعز الله من أعزه وعرف قدره ٠"
18861,قال لك عمر هل تحفظ غيره بسند وأشهاد عن أنساب ، أجداد وأحفاد أوصلوك إلى عبق رجال المصطفى وأطهر ا لنسا ء ٠
18866,قصف المساجد والكنائس ،السجون،المصحات ، الحرث والنســــــــــــــل     لعنـــة ٠
18874,"بمنطق الإنتحاريين, الذهاب إلى الآخرة يحتاج جوازات سفر؟؟؟؟"
18877,العثور على مطربان مكدوس بجانب جثة الانتحاري
18884,ارايتم يا سعوديه هذه العائله الطيبه يسكنون تحت شجر السدر القليل.ان الحوثي وصالح يحبذون الاكل معهم على فنادق الخمسه نجوم.
18886,نتمنى كتابة مواضيع كاملة و مفصلة عن فوائد الحليب و التمر ، بارك الله فيكم ووفقكم لكل خير و شفاكم من كل سوء
18887,نتمنى الكتابة عن فوائد الحليب و التمر ، بارك الله فيكم ووفقكم لكل خير و شفاكم و عافاكم من كل سوء
18888,يرجى كتابة موضوع كامل و مفصل عن فوائد الحليب و التمر ، بارك الله فيكم و شفاكم و عافاكم من كل سوء
18899,وفق الله سياده الريس السيسي لما يحبه ويرضاه، قولوا امين
18911,""" فاستخف قومه فاطاعوه انهم كانوا قومافاسقين"" صدق الله العظيم"
18928,بی بی ۱۰۵ ساله در راه اروپاکه خود را تابه صربستان رسانده است!!
18931,لو تفضلتم بوضع الرابط الاصلي للدراسة ؟
18941,الذين بالصورة اعلى 1 سوداني 2 مصريين
18950,العين بالعين والسن بالسن والبادئ أظلم والله لاينصر المعتدين.
18951,لماذا لا نقول أن الأرثوذكس ألأوروبين غير الأروثوذكس الكاثوليك و البروتستانت.  أين الكنيسة المرقصية بما تمثله من ثقل سياسي اتجاه اللاجئين؟
18955,"ههههههههههه, جميع من يتخذ من موطنه اسم له و يظيف كلمة ""حر"" من الخليج إلى المحيط, نسمع له جعجعة تشبه جعجعة الجيش الحر."
18956,هناك مبارات في كرة القدم قريبة منك، إذهب شاهدها ولا تتكلم فيما لا يعنيك
18959,اود لفت نظر كاتب المقال ان مقدمته فيها تهكم على حكم الله ولا يجوز نسبة ما يحدث في الكون للطبيعة
18960,السلام عليكم .. بداية التقرير وكأنها اعتراض على قدر الله . نرجوا مراعاة الصياغة في المستقبل .. اللهم لا اعتراض .. بالتوفيق ان شاء الله .
18962,أدعو الله أن ترتفع إلى 7200 درجة حتى تتمتع إيران بأكبر قدر من الطاقة التى تبحث عنها !!!
18963,يبذلون مجهودا كبيرا فى المنطقة ، ويستحقون المزيد والمزيد من الطاقة ، اللهم لاتحرمهم منها ، وضاعفها على رؤوسهم !!!
18964,اللهم الطف بعبادك الصالحين واهلك اعداءك اعداء الدين.
18965,لا شيء بجانب جهنم التي سيتقلب على جمرها ملالي الشرك والضلال وطغاة الأرض الظالمون.
18969,"المقال في التلغراف لم يتحدث عن السعودية اكثر من مما ذكر هنا !
أعتقد بأنه لديك مشكلة"
18971,اللهم اهلك الظالمين و خفف عن المتقين يارب . اللهم طغوا با البلاد فأنزل عليهم غضبك
18973,"حنا بمصر كهرباء تنقطع ومحنا متل غير بمكيفات يبو الرجال :) 

#غزه الحكومه غير قادره على توفير الكهرباء لأن فيه تضييق من جانب #مصر"
18977,بركات الولي   الفقيه في كل مكان انتشرعليه ظله ...؟
18998,يقول الله عزة وجل في كتابه الحكيم ( ومن يتولاهم منكم فهو منهم )
18999,موضوع من المواضيع المفضلة لمن يريد سب المخزن. هل من تعاليق بناءة؟
19020,"هكذا تلتأم الخبائث
عندما تضعف قوة الإيمان 
ويصير مائل الناس للشياطين في الأرض"
19030,"انت تشتي, وغيرك يشتي , والله يفعل مايشتي."
19036,العلمانیه هی الحل ...
19038,العين با العين
19039,"قوة الدولة الإسلامية يستمدونها من الله
فمن يقدر عليهم"
19041,خاب الله مسعى المشركين ومكن الله جنود الخلافه من رقاب الجيش الدشاديشي ومرتزقه ايران.
19047,"فرنسا بحاجة لأحدات 11 سبتمبر مصغرة لمزيد من التدخل في سوريا مع حلفائها.
بعض دويلات عربیه و اسرائيل عبر داعش أعطوا هذه الذريعة مثلما فعلوا بالقاعدة عندما إجتاحت أمريكا أفغانستان و العراق"
19049,"عقبال عندك ياسيادة ""الرئيس"" عقبال فك الحصار عنك!!!!"
19050,"الله أكبر الله أكبر ..
اللهم لك الحمد 
اللهم اشفِ صُدورنا وصدور المُستضعفين في الشام ..
اللهُمّ أحصهم عددًا، ولا تبقِ منهم أحدًا ..
اللهمّ انصرنا عليهم ..
اللهم عليك بمن دعمهم سرّاً أو جهرًا .."
19051,مئات ملايين العرب يتمنون أن تجتمع ريح السعودية قطر وتركيا لتكون الرد على حلف روسيا ايران اسرائيل مصر الاردن الامارات وأمريكا من تحت الطاولة من أجل نصرة قضايا العرب في سوريا واليمن وليبيا والعراق
19052,ترى كم ستبلغ تكلفة سفره إلى تركيا؟ في المقابل يموت الناس من الجوع والبرد.
19060,"كردي, كل يبكي على ليلاه. و نحن ليلانا هي دولة الخلافة تجمع الجميع حيث لا فضل لعربي على كردي أو أمازيغي أو تركي و لا فضل لهم على العرب إلا بالتقوى. فأيهم أهدى سبيل؟"
19072,دولة قطر و قناة الجزيرة مطالبة بالدفاع عنه و الحيلولة دون تسليمه لجلاوزة نظام السيسي. اصدار جواز سفر قطري من السفارة القطرية في المانيا و تنازله عن الجواز المصري ربما يمنع من ترحيله الى مصر.
19073,الاستاذ أحمد منصور من أرقى و أنبل الإعلامين في عالمنا الحديث. أرجو الإسراع بتقديم دعوى ضد السلطات الألمانية في برلين. انني لدية تجارب إيجابية مع القضاء الألماني و أعلم بأننا هنا في قمة العدالة.
19076,لازم كلنا نروح نزور احمد منصور في السجن انسان محترم . عمل كل اللي يقدر عليه كفر الدوله الاسلاميه ولايكذب ابدا ومذيع قناه محترمه ماتكذب ابدا ابدا
19080,التوقيف ليس بسبب المذكرة المصرية و إنما بسبب اللقاء مع الجولاني مؤخرا في حصة بلا حدود.
19095,هذا الشخص مؤيد لحكم الاخوان..
19106,هل تعلم السعوديه ، احكوا ، بلغوا الملك........
19108,عدم نشركم لرأي شخصي بخصوص اليمن هو إما: أ.أنكم معلش غير موضوعيين ب.أنكم غير واثقين من خيار التدخل في اليمن ...الموضوعي والواثق من خياراته ما عنده أي مشكلة بنشر أي رأي مخالف .
19111,ملاحظة بسيطة  في  بعض الأرقام الموجودة في هذا التقرير ما يحتاج الي تصحيح  وهو (158) مقعدا لحزب العدالة والتنمية  والصحيح 258  مقعدا  رغم انها مفهومة
19134,كيف يمكن اغاثة المدن الكبرى في العالم بتقنيات اعادة تدوير النفايات لانقاذ البيئة و خدمة المجتمع ، يرجى استضافة خبراء و مختصين لمناقشة هذا الموضوع ، بارك الله فيكم
19135,سامي القطامي
19136,ما اهمية اعادة تدوير النفايات ، يرجى الكتابة عن هذا الموضوع ، بارك الله فيكم
19137,يعني راح تجيني رصاصه بطع لسنكرس او مارس او كندر او شكلاتة جلاكسي او ملبس شامي احسن اشي هيك طعم اربجي من جبنه
19143,كلنا الشيخ خالد الراشد.
19148,سَيُهْزَمُ الْجَمْعُ وَيُوَلُّونَ الدُّبُرَ * بَلِ السَّاعَةُ مَوْعِدُهُمْ وَالسَّاعَةُ أَدْهَى وَأَمَرُّ
19159,حيوا الدوله الاسلاميه حيوها . حيوا اجمل دوله واغلى دوله واقوى دوله .حيوا الدوله الاسلاميه حيوها.حيوا الدوله الاسلاميه حيوها. الله اكبر والعزه لله  حيوها تكبير  الله اكبر
19160,رولا ابراهيم شوفي تعليقاتي ماتظهر رولا تصرفي ..
19162,أعزكم الله ونصركم على اعدائكم
19163,"نصركم الله يا جنود دولة الإسلام دائما .
نسأل الله أن يفتح على أيديكم ويهزم عدوكم."
19166,"اللهم لا خيرا إلا خير الاخيرة  اللهم بارك في الأنصار والمهاجره

اللهم لا عيش إلا عيش الآخرة اللهم بارك في أسود الدولة الصابرة"
19169,دخلت للتعليق على نفس المسألة... باقية و تتمدد و لو رغمت انوف..
19172,انه شهر رمضان شهر الانتصارات نبارك لكم هذه الفتوحات
19175,نبينا عليه الصلاة و السلام خرج من الصحراء و منها إنتشرت دعوته في كل الأرض يا من تسمي نفسك محمد
19177,وماذا جرى للمسلمين يوم حنين وأحد وكان الرسول صلى الله عليه وسلم فيهم!
19179,بإذن الله سيسأل الله جل وعلى حكام الخليج وحكام الدول الإسلامية على سكوتهم على قتل وتعذيب وتهجير وتشريد ومطاردة وحرق المسلمين السنة في أنحاء العالم .
19191,وهل يوجد سني يقصف أطفال المسلمين بالنار لعبادتهم الله عزوجل
19203,وماذا عن مسرى المصطفى يا ال سعود؟
19208,( يريدون أن يطفئوا نور الله بأفواههم ويأبى الله إلا أن يتم نوره ولو كره الكافرون ( 32 ) هو الذي أرسل رسوله بالهدى ودين الحق ليظهره على الدين كله ولو كره المشركون ( 33 ) ) [ ص: 136 ]
19209,للعلم فقط بفضل الله  عزوجل  يوجد  في دولة الاسلام مستشفيات وكوادر طبية لا تمتلكها  حتى  بعض الدول  ممن يوصفون بانهم قوة اقليمية ورؤسائهم  يستطبون  في مستشفيات فرنسا
19222,لاحولة و لاقوة الا بالله الروس تعلموا العربية اكتب مكان محمد بريز فهو اللاقئ للك
19227,"بسم الله الرحمن الرحيم
وان طائفتان من المؤمنين اقتتلوا فأصلحوا بينهما
صدق الله العظيم
تحية لسلطنة عمان"
19235,الصبر طيب
19246,لو سمحتم سمو اﻻشياء بمسمياتها اسمه مسجد اﻻمام الحسين وليس مسجد العنود.
19254,عندی سؤال. لماذا لم یفجرو داعشیون انفسهم فی اماکن حکومي او اماكن السنه؟
19262,تم الاختراق وبقوه
19265,عمل مخابراتي لوزارة الداخلية. حرب اليمن طيرت اﻻمخاخ اللي تحت العقيﻻت.
19266,وهل الدعوة الى الله بالتفخيخ والتفجير والانتحار؟انهم خوارج العصر وقتالهم فرض على كل مسلم.اما عباد القبور فالله هو القاضي يحاسبهم فالمسلم في حياته داعية وليس قاضيا
19267,هم الذین یقولون لااله الاالله کیف تقول انهم مشرک .المشرک والکافر هو الذی یقول ان لله ید و رجل
19268,نشكر فرسان الدوله ااسلاميه
19271,نسال الله ان يجعل الخير والبركة فيما قدره الله.نفوذ تنظيم الدولة اﻻسﻻمية يتمدد الى بﻻد الحرمين.
19277,اللهم انصر اﻻسﻻم بدولة اﻻسﻻم في بﻻد الحرمين.
19280,تعليقك اخطر من فعلهم ونسيت او تتناسى انجازات الامن بافشال مخططات الارهاب السابقة . قل خير او اصمت ورب كلمة قالت لصاحبها دعني
19283,التفجيرات هي ردة فعل لتوالي خسائر السعودية بالبمن
19284,نصر من الله وفتح قريب هذا ما وعد الله به المومينين صابرين مرابطين مجاهدين اللهم أنصر جند دولة المسلمين  .
19287,معبد
19288,هناك صفحة خاصة بكرة القدم
19290,إسم على مُسمّى ...
19297,"انضموا معنا لحمله بناء اليمن و التبرع لليمن بـ 0.001 دولار مجاناً ..
ساهموا معنا بالحمله"
19303,"""مضحك"" بالضاد و ليس بالظاء"
19313,يقول المسيح له المجد .. من فضلك القلب يتكلم اللسان... لايوجد تعليق واحد لكل ابناء الأمة الإسلامية إلا ويهدف إلى التدمير .. ارحمهم أيها الرب فإنهم لايعقلون ....
19321,بحكم تجربتي أمران تسبب الأرق وعدم النوم القلق والنوم بمعدة خاوية
19324,ان ربك لبالمرصاد!
19329,تلميذي العزيز...اعجبني تعليقك المفهوم.
19331,الله ينتقم من كل متكبر جبار .
19340,أرجو أن تكتب باللغة العربية لإني لا أفهم شيئا من تعليقاتك.
19361,"هذي آخرة "" تسلم الايادي "" ..."
19362,نسأل الله السلامة لاهلنا في سيناء وان شاء الله ستستقل سيناء قريبا من الاحتلال الفرعو-صهيوني
19375,"اللهم لك الحمد, اللهم لك الحمد, اللهم لك الحمد."
19376,مشاء الله، أسود حقا، بارك الله فيكم و في أعملكم.
19391,لا تتدخل في أمور الشعب العربي المصري البطل الذي ترك الشرك الفاطمي وقضى على الحكم الشركي الفاطمي بدون رجعة ليدخل بدين الإسلام دين التوحيد دين الله افواجا
19399,ايران ايران ايران ايران ايران ايران ايران ايران بلاد العز و الكرامه
19401,يمقن نعم ويمقن لا.
19408,الدوله الاسلاميه لا يغمض لها جفن الا بعد ان تتحرر جميع الاراضي المدن الاسلاميه وبأذن الله تحريرها مجرد وقت.
19409,"لا عزاء لك عمر, لأنك ستصحو على كابوس."
19410,جيش الخلافة لا يضركم في شيئ من حاربكم تحسبهم جميعا وقلوبهم شتي ان شاء الله النصر لكم
19420,"العراق ليس له حدود مع الاردن ,, الدولة السنية لها حدود مع الاردن"
19421,هاته الحدود سترفرف عليها راية العقاب قريبا ...هي قضية وقت فقط
19425,(ومن أظلم ممن منع مساجد الله أن يذكر فيها اسمه وسعى في خرابها أولئك ما كان لهم أن يدخلوها إلا خائفين لهم في الدنيا خزي ولهم في الآخرة عذاب عظيم)
19433,"والله ما فهت شيئ !!! السعودية تدعى الكتاب و السنة ثم أسمع بأن غلبية الشعب من الشيعة , في القطيف و النجران و نجد و لا أدري أين, أين السنة يا جماعة؟"
19435,الله يرحم ابواسحاق الحجازي ولا نزكيه على الله ولكن نحسبه من اهل الجنه بأذن لله
19450,عيش وشوف
19457,ما أجرأكم على الإفتراء على الله
19471,تحية كوردستانية
19476,نفسي اعرف ليه بدهم يقنعونا ان اليهود والصهيونية وامريكا ووو وراء ظهور الدوله الاسلاميه ؟؟؟؟ طب ليه بتحاربوها اذن؟ وشو الهدف من وجودها ؟
19480,غريب امرك.اقرأ خطة عش الدبابير
19491,طلب منطقي ،متى ينفذ؟
19498,إسرائيل وراء محاربة تنظيم الدولة .
19506,حدّث العاقل بما لا يُقبل فان صدّق فلا عقلَ له!
19511,اسفي ان يصدر هذا الكلام من فلسطيني عنده اسود مثل حماس ،لماذا يا رجل؟
19516,تعليق في محله.
19519,اعجبتني كلمة بني دعشان.
19525,شاخبار تحرير الرمادي ؟خلصت اليومين لو بعد؟
19534,إسرائيل نبي  الله عليه السلام . كان يدعو لعبادة الله وتجنب الشرك.
19535,إسرائيل بالله عليه السلام . كان يدعو لعبادة الله وتجنب الشرك.
19541,(لا يستوي اصاب النار واصحاب الجنةاصحاب الجنة هم الفائزون)
19544,افنجعل المسلمين كالمجرمين،مالكم كيف تحكمون؟
19547,بالغلط حطيت سالب معذره :(
19549,احسنت واجدت يا اخت (منى) يا بنت امنا عائشة  رضي الله عنها حرم الله وجهك على النار فقد القمت الباطل حجراً!
19554,بارك الله فيك يااخي .
19565,ههه عندك حق
19570,لا يوجد وثيقه ولا ما يحزنون .
19588,من حق اي اثنين يحبو بعض يتزوجو من بعض
19591,للاسف أن هذه الظاهرة موجودة في بلاد العرب و لكن بدون عقد زواج رسمي.
19594,"كنت أظن أن فصيلة ""موحد"" قد انقرضت و لكنني كنت مخطئا."
19603,هذا التوع من التعليقات اصبح مبتذل جداً ، لم تحركوا ساكنا يا هؤلاء الا اربعة اصابع
19605,(وكان حقاً علينا نصر المؤمنين) فهنيئاً للمؤمنين نصر الله لهم فهل انت منهم ايها الاخ الكريم؟
19607,وهى من تحتظنه
19610,يضربوا هنن ومبادراتهم العدوانيه
19612,انت معلم واحنا منك نتعلم
19617,يرجى الكتابة عن أهمية الفيتامينات للجسم ، و كيفية الحصول على الفيتامينات من مصادرها الطبيعية ، بارك الله فيكم ووفقكم لكل خير
19618,اتحاد طلاب الافغان فرع مدینة البعوث بمصر الشقیقة یتمنی للشاب التونسی کل النجاح و التوفیق و ان یصبح خادما للشعب التونسی الشقیق.
19641,يا هذا الله تعالى ليس علي رضي الله تعالى عنه فعلي عبد من عباد الله تعالى مثلي ومثل اي عبد اخر
19644,منذ عاصفة الحزم ، والقادة الإيرانيين يهددون بتفجيرات في السعودية .
19645,ياهذا علي رض الله عنه عبدا من عباد الله مثلي ومثلك الله تعالى خلقه والله تعالى ليس عليا بله هو خالقه
19648,"اللهم من اراد اليمن بسوء, فاشغله بنفسه ورد كيده في نحره ,اللهم احفظ علينا امننا وسلامتنا. اللهم واحفظ ضعفاء المسلمين في كل بقاع الارض."
19655,مقاله ركيكه لا تستند الى اي وقائع منطقيه
19657,هل تنقلون اخبار تحقيق أمريكي عن التنظيم، ام هذا تقريركم؟!
19658,"قناة الجزيره والجزيره نت بالخصوص هم اللذين يأيدون ويساندون داعش بنشر اخبارهم 
والمراقب والمتتبع للاخبار يلحظ ذالك جليا للاسف"
19663,هل يستحق هادي كل هذه الدماء والأموال والعمل الدبلوماسي ؟!  الرجل لا يعرف يركب كلمتين على بعض ! اتمنى الوصول الى حل سياسي وسلمي ، فاليمن الان محاصر ومخنوق ويتدمر على اهله !
19664,بيني وبينك أنا شخصياً أتمنى أن تحاربوا إيران وما يرجع الجيش إلا بسواري كسرى للقرن الواحد وعشرون إلى ((( مكة المكرمة ))) .
19667,توسد اليد اليمنى مع الجانب الأيمن للدماغ يؤدي إلى احداث سلسلة من الذبذبات يتم من خلالها تفريغ الدماغ من الشحنات الزائدة والضارة مما يؤدي الى الاسترخاء المناسب لنوم مثالي.بارك الله فيكم ووفقكم لكل خير
19691,القيادة الحكيمة لقوات التحالف لن ترتكب حماقة تاريخية باتخاذ اجراء عدوانى ضد سفن ايرانية فهُم يدركون جيدا ان لو فعلوا ذلك سوف يكون جلالة خادم الحرمين الشريفين اول ضحايا الصواريخ الايرانية لا سمح اللة.
19703,"هليلوياواحدة من معجزات الكثيرة للسيد المسيح له المجد,واقول للذين احرقو الكنيسة قول السيد المسيح باركو لاعنيكم واحسنو الى مبغضيكم وصلو لاجل اللذين يسيئون اليكم ويضطهدونكم تحياتي"
19710,اصبح الكل عجة الاسلام. اللهم انصر الاسلم. والمسلمين.
19712,ماذا تقصدون بالاسلاميين? واينهم؟ ايستطيع احد ان يقول لا اله الا الله وحده لاشريك له. في المغرب
19723,9 بس ؟ ده ميكفينيش 1000 قدام الشهيد النائب العام
19734,هذا جزاء تحكيم شريعة الصحراء
19735,هذا ما يحدث عندما يخرج الإسلام من المعبد إلى السياسة فإنه يخرب الدنيا
19740,واضح من المقال أن الروس لا يريدون رحيل الأسد وإنما مدير السي آي أيه والجزيرة
19742,صحوات:صحى يصحو صحوا فهو صاح-فعا يفعو فعوا فهو فاءع للمفرد أما للجمع ف صحوات فعلات ... من أنتم؟
19752,بالعراقي تقول بعدوكت الجماعه احتلوا وقتلوا وانتهى الامر والعربان يحتمعون على اي شئ لا عرف الصهاينه عمل ولا قول والعربان قول بلا عمل ستكون النتيحه نستنكر ومذيله بشده والجميع وسنفضي على الدوله الاسلاميه
19769,قال رسول الله صلى الله عليه وسلم: «إذا فتح الله عليكم مصر، فاتخذوا فيها جندا كثيفا، فذلك الجند خير أجناد الأرض». وجنود الدولة في سيناء من خير أجناد الأرض نحسبهم والله حسيبهم...
19802,"مكه بيت الله من دخلها كان آمنا, وليست للظلم والالحاد. فلا تتخذونها وسيله لتهديد والاساءه للاسلام والمسلمين."
19806,أليست العلمانية فصل الدين عن السياسة؟
19809,"سمو الأمير محمد حفظه الله
بأمر من سموكم الكريم بالأولويه في التصحيح
ومعنا أمر بإسمكم وفرد من جوازات الشميسي يحول بيننا وبين مكرمة خادم الحرمين حفظه الله
وكثيرين حرمو من المكرمه لكن لاصوت لهم"
19810,يديعوت أحرونوت تضع سيناريو الحرب القادمة مع الدولة الإسلامية
19811,تقصد قلق قطري
19814,تحياني لك اخ معتز اعتقد اننا قد درسنا سوية في اعدادية حيدر قيس على ما اذكر
19815,"ماهذا يا جزيرة؟؟؟؟ ""ابن الشارع"" مرادف لابن الزنا..."
19816,لن ننسى سربرنيتشاولو بعد مئة جيل!!!!
19817,أسبرين 81 ملغم تناولها يومياً و خاصة نوم
19818,"المسلسل التركي ""البحث عن المتاعب"" يليه الفيلم ""أردوغان فوق صفيحِ ساخن"". فرجة ممتعة و دمتم"
19820,الله ينصر اسرائيل
19821,اريد مشهادة اخبار الجزيرة الحقيقة
19835,معركتهم مع السنة !
19852,لقد خيم حداد كبير في المملكة السعودية وإسرائيل ، وإننا نتفهم ذلك جيدا.
19853,وحذرت الرياض إيران من أن قيامها بإثارة الاضطرابات بالمنطقة سيواجه بردود فعل حازمة... معقووول على ايران؟! له له له كلام اكبر من السعودية فرحم الله امرئ عرف قدر نفسه!
19860,انهم شهداء سقطوا دفاعا عن لبنان فلولا تدخله في قتال داعش والقاعده في سوريه لاستمر دخول السيارات المفخخه الى مدن وشوارع لبنان.. فتحيه لكل من يصرع على ايدي داعش والقاعده
19867,ايي والله
19871,تقبل الله طاعاتكم وكل عام  والمسلمون عامة والمجاهدون بالف خير والله اكبر يا خيل الله اركبي!
19873,لقد أصبح للمسلمين في العالم خليفة إذا أعلن بأن العيد غداً فعليهم السمع والطاعة و كل عام المسلمون بخير
19874,كل عام الامه الاسلاميه بخير ... كل عام وخليفة المسلمين والدوله الاسلاميه بالف  الف خير
19875,عيد مبارك لجميع المسلمين و أخص بالمعايدة أمير المؤمنين الخليفة أبو بكر البغدادي وجنود الخلافة.وان شاء الله رايات الدولةالاسلامية في العام القادم مرفوعة في بغداد ودمشق على أقل تقدير
19879,باقية وتتمدد باذن الله
19881,الله أكبر، اللهم سدد رميهم وزد من تمددهم.
19885,كان يعربد ويرغي ويزبد في مناسبات كهذه.لكن اوباما مالي يده وسيمضي بالاتفاق حتى لو بالفيتو.وليست نهايه.
19902,الخزي و العار لمن يقصف اليمن .. أصل العروبه
19905,العجب
19906,ثاني تعليق اكتبه ولم ينشر هل لديكم مشكلة معي؟
19911,أين حشد متعاظم للتحالف من نصرة الأقصى أين القواة القطرية
19916,الديمقراطية والشفافية في اوروبا واحترام حقوق الانسان تستدعي قيام الحكومة الهولندية بالكشف على الاعضاء التناسلية لبعض اللاجئين السوريين لبيان الهوية الدينية للاجئ مسلم - مسيحي
19917,لماذا لا يلجئ المسلمون الى السعوديه او الى الموصل والرقه حيث الخلافة الاسلامية ؟
19921,اذا ذكرت الرسول فقل (صلى الله عليه وسلم)سَلِمَ من لسانك اليهود والنصارى والمجوس الذين يعيثون في العراق فسادا ولم يسلم من لسانك (العبد المسلم)!!
19940,امريكا تطبق برنامج المناصحة السعودي حيث يتم اعادة توجيه الارهابي في مهاجمة الانظمة التي ترفض الدوران في الفلك الامريكي.
19952,"مصر لا يوجد فيها انقسام سياسيى حاد ولا حتى غير حاد
بطلوا فبركة أخبار عن مصر علشان تشككوا مقدما ى نزاهة انتخاباتها"
19953,بداية الحرالكلام..
19954,"مبروك. وسام عزة وشرف , لو كان عندي بنت لكان لي الشرف ان تكون زوجها. انت فقدت طرف لاكن الامة فقدت (.....) و (......)."
19977,وقد تبنت الدولة الاسلامية  العملية  ولله درهم
19991,ياجزيرة الصوره المرفقه مع الخبر ليست للمسجد الاقصي
20000,لماذا ملك سلمان لن يعلن من البيت الابيض فتح ابواب مملكته للاجئين السوريين؟
20009,اللهم اقلب السحر على السحره واطعم السم لطابخه انك على كل شيئ قدير وصلى الله على سيدنا محمد.
20010,وهم الرجعوا المنطقةلبارود
20011,قمت بالنشر تعليق فيه انتقاد صُغَيَر للسعودية ولم ينشر وشكوكي في دعم الجزيرة للدول الخليج و عليكم بانشر تعليقي لتثبتوا العكس
20029,امشوا فنزويلا يا مجاهدين خلق
20030,الخلیج الفارسی......!!!!
20037,"اريد فقد ان الفت انتباه النسوة اللائي غطين رؤوسهن بالسواد ...هل ذقتم كأس موت عزيز من اسرتكم ؟؟؟؟؟؟؟؟؟؟؟؟؟؟؟؟؟؟
فقد اذاق عزيزكم الالاف بقراره فض رابعة والنهضة ."
20042,(يَا أَيُّهَا الَّذِينَ آمَنُوا إِنْ جَاءَكُمْ فَاسِقٌ بِنَبَإٍ فَتَبَيَّنُوا أَنْ تُصِيبُوا قَوْمًا بِجَهَالَةٍ فَتُصْبِحُوا عَلَىٰ مَا فَعَلْتُمْ نَادِمِينَ) الحجرات  6
20052,الدولة الاسلاميه باقيه وتتمدد
20058,سلاما يا عمر الفاروق
20060,سيهزم الجمع ويولون الدبر
20068,ولااليهوذ فعلوا بالمسلمين هكذا فاسرائيل بداخلنا وعلى راس كل دولة عربية
20075,اسمه كأنه عنصر لا نبات .
20076,"أرجوا من جزيرة نت تكتب بعض مصطلحات الطبية بمصطلحات العلمية (حروف أنكليزية), مثل فيتامينات لأني لا أفهم ماذا تقصدون بفيتامين ج أو ٥ , و أذا قراء لا يفهمون من مقال و ما جدوى بنشره."
20079,لعنة الله على الظالمين
20089,الله اعلى واجل
20103,المقال نفسه مع نفسه الصورة من نفس الكاتب منشور قبل اشهر في صحيفة العربي الجديد
20105,انه لخبر رائع وبشرى سارة ، عقبال البقية
20106,إلى غير رجعة!!
20114,الخبر نفاه العسيرى و مالوش لازمة الكلام
20118,طييييييييييييييط
20124,تعداد الخيام في منى لا يتجاوز خمسون الف خيمة بمقاسات مختلفة اصغرها ٤ ب ٤ متر واكبرها ٨ ب ١٢ متر. من اين اتيتم باكثر من ثلاثة اضعاف
20130,شكلك اردني
20142,الله أكبر و لله الحمد.......حمدا كثيرا
20162,يبدو أنه حدث خطأ كتابي في التعليق، التصحيح: توجيه بوصلتها نحو الطريق السوري. أليس كذلك؟
20168,( ربنا لا تزغ قلوبنا بعد إذ هديتنا وهب لنا من لدنك رحمة إنك أنت الوهاب ( 8 )بداية الاية الكريمة تدل على ان الايمان فى القلب.
20175,هذا من تلبيس إبليس على بني آدم . هذا الدواء ليس بالأمر الحسي كالأدوية ولا الشرعي كالقرآن الكريم
20176,أفضل من هذا هو مسحوق الكاكاو الطبيعي الصافي النقي 100% أضفها إلى كوب من الحليب واخلطها مع الرطب إن شئت في الخلاط. ثم إحمد الله.
20179,رولا شوفي تعليقاتي ماتظهر . ليه لماذا ماهذا التصرف
20180,طنط رولا لماذا لاتظهر تعليقاتي لماذا هذا التصرف وانا اكتب لماذا
20181,قريبا  قريبا  ترون عجيبا  ولاية خراسان
20182,واحنا مالنا ..جماعة ارهابية لا يهمنا اخبارهم ولا ملاليهم
20183,الله اكبر والعزة لله الملا اختر امير حركة طالابان الجديد يبايع الخليفة  ابو بكر البغدادي  حفظه الله ....تم تاكيد الخبر
20184,عفوا تصحيح التعليق السابق //////  الملا محمد  مولاوي القيادي في حركة طالبان  يبايع  الخليفة ابو بكر البغدادي حفظه الله ........تم تاكيد الخبر
20188,على قيادة الحركة أن تجتمع وأن تتشاور بشأن انضمامها لتنظيم الدولة ؟!
20199,"(لديه ثلاثة أبناء، وبنت واحدة):
إذن، (بنت) إعرابها مرفوع، كما أسلفت، ولكن ليس على أنها مبتدأ مؤخر، بل لأنها معطوفة على مبتدأ مؤخر، ألا وهو: (ثلاثة).
للأمانة العلمية، أقول.
وشكرا جزيلا، لكم."
20203,ويل للمصلين الذين هم عن صلاتهم ساهون الذين يراءون ويمنعون الماعون
20205,عاملة ناصبة!
20219,"ان فات في الصيف القطار
سحب الربيع ربيعنا حبلى باامطاركثار،"
20233,ان هذه الطائرات الصهيونية تقصف اليمنيين باسلحة غير تقليدية
20236,التحالف استعمل اسلحة محرمة في قصف صنعاء وجبالها هذه ما قاله خبير الاسلحة الامريكي كريغ ويليامز اليوم على قناة السي ان ان
20242,هاذه هي  النتيجة الحتمية  لكلمة (سلميتنا اقوى من الرصاص )
20245,ـ الأمر بالمعروف والنهي عن المنكر باليد : أقلام  وسلطان العلم بالولاية أو التفويض موافقة للإجماع فِقْهاً وشروطا ٠
20254,"الأمل قادم .... ""المهدي قادم""...... ليملأ الأرض عدلاً بعد أن ملئت ظلمًا وجورًا."
20265,والله ملل طفشششششش
20273,لماذا توقفت العاصفه وعبد الملك على قيد الحياه ماللذي حدث
20275,قرار الحرب كان فجأة..لانه كان عبارة عن ردة فعل انفعالية غير محسوبة النتائج..ووقف الحرب كان فجأة لادراكهم بفشلها
20276,كان على السعودية ان تنفق هذه الاموال على تنمية اليمن واخراجه من الفقر لتكون مقنعة لليمنيين لا ان تنفقها على قتلهم وتدمير مقدراتهم ولكسبت ود جميع الاطراف..لكن يبدو ان قرار الحرب لم يكن سعوديا
20277,هذا هراء لحفظ ماء الوجه وخصوصا بعد ان اجبرت ايران السعودية بوقف عاصفة الحزم والدليل تهديدات قائد الجيش الايراني وتصريحات عبداللهيان بان عاصفة الحزم سنتهي بعد ساعات من تصريحاته وفعلا هذا ما حدث.
20286,هل تعلم ان دولة الشيعة الكبرى تحققت!!راجع جيدا تجد ان الجزيرة العربية احيطت بحدودها مرورا باليمن والقطيف ...الخ .
20290,فقاعة إعلامية. بس نتمني أن لا تنزل الصوايخ على المستشفيات التي بتعالج فيها جرحى المتأسلمين من جبهة النصرة وأشكالها
20291,الصفحة الرسمية : صور حول العالم تابعها الان
20297,لماذا لا يتم الاستفادة من طرق زيادة الانتاج الأخرى كالاسمدة الطبيعية و طرق الري الحديثة و البيوت البلاستيكية و غيرها من الطرق الطبيعية و الآمنة ، بارك الله فيكم ووفقكم لكل خير
20298,عاجل:ناطق الجيش الیمنی يوجه دعوة هامة لسكان محافظة أبها السعودية إلى الابتعاد عن كافة المنشآت العسكرية والمطارات حفاظا على سلامتهم.الله اکبر
20314,لا مستحيل.. هذا الخبر اكيد غير صحيح.. انها تتمدد و تتمدد هههههه اللهم اكملها فرحة بتحرير كل العراق آمين يا رب العالمين
20317,يَا أَيُّهَا الَّذِينَ آمَنُوا إِنْ جَاءَكُمْ فَاسِقٌ بِنَبَإٍ فَتَبَيَّنُوا أَنْ تُصِيبُوا قَوْمًا بِجَهَالَةٍ فَتُصْبِحُوا عَلَى مَا فَعَلْتُمْ نَا
20319,"بقلوب مؤمنة بنصر الله واخذ بالاسباب وتوكلنا على رب الارباب
اليوم نعيش ايام فاصلة في تاريخ الامة
الدعاء الدعاء يا انصار الخلافة"
20330,عزيني اعزيك!!
20333,رضي الله عنهم ورضوعنهم ذالك لمن خشي ربه
20337,لن تفوتنا الفرصه الذهبيه
20339,قال النبي صلى الله عليه وسلم لن يهرم هذا الغلام حتى تقوم الساعة لكن وللأسف فقد هرم الغلام ومات ومات بعده أجيال ولم تقم اي ساعة ألا يحق للمسلم أن يعيد التفكير بالهراء الذي يؤمن به
20342,المهم إحنا في المغرب جد فخورين بهذا العرس الديموقراطي الذي شارك فيه الليبرالي والإسلامي واليساري بكل روح رياضية وقاطعه كذلك اليساري والإسلامي بكل روح رياضية لأن الشعب المغربي متحضر (...)
20346,كأن الزياني عدل غترته وغطى الطاقيه.وهذا دليل خير على القضيه اليمنيه.
20347,"الحل السياسي الوحيد الناجع في سوريا و العراق هو الخلافه.
جفت الأقلام."
20355,مااكرمكم ايهاالاخوه  والاخوات في السودان. اتمني ان أزور بلدكم الطيب ذات يوم.. قبل نهايه شهر رمضان !.
20357,ليش ما يعطوهم سفري .
20367,الباكستان لا يمكنها ان ترسل جنودها ليموتوا في اليمن وخصوصا ان السعودية هي التي بدأت الحرب.
20369,"أن شاء الله تلحقو ه قريباً جميعاً.  الآن سوف يقول الحق لربّه: "" أنا كنت أقتل المسلمين والأطفال في سوريا يا رب "" هل من مفر من العقاب؟  نسأل الله أن يشدد عذابه في الدنيا ولآخرة."
20374,اللهم انصر المجاهدين في سبيلك....................باقية و تتمدد
20375,نعم قوات البشملله والبشمركه تتقدم فى سنجار .
20380,هكذا حشود عسكرية هائلة ضد بعض الأفراد من الدولة الإسلامية؟ هذا دليل على أن معية الله مع هؤلاء الرجال. سبحان الله
20383,"الحق والحق أقول بأني بدأت أتعاطف ويميل قلبي للدولة الإسلامية 
لم يبقى أحد إلا وقاتلها! بدأت أشعر بأن هذه الطائفة تحمل هم أمة بأكملها"
20385,"لله دركم, منكم نتعلم ونعلم والدولة تكبر وتزيد ."
20393,وأسقطت أيضا طائرة دون طيار أمريكية في البغدادي .
20401,مساحة السعودية تسع لملايين السوريين فالسؤال هو لماذا لا تستقبلهم السعودية. انا اعرف هل انتم ايضاً تعرفون?
20404,اين قطر و السعودية في مساعدة الاجئين?
20407,بعض الانظمة الخليجية التي اثارة الفتنة مازالت مستمرة في رفض السماح لوجوء السوريين على اراضيها!.
20408,الانظمه الخليجيه وخاصه الامارات يعادون المسلمين السنه بلا استثناء ويناصرون اعداءنا
20427,الله يرحمه
20429,العفو إذا إنجرحت مشاعر حكام الخليج وشعب الخليج.
20430,الدوس الدوس
20440,"ذكر البغدادي, علوش, جولاني و هاشم الشيخ بمهمتهم الاصليه ولينسوا المهمات التي تصدر من عواصم الخليج وتركيا وامريكا"
20448,عند قراءة العنوان اعتقدت ان الجيش الحر وصل لالمانيا و تذكرت التقدمات اليومية للجيش الحر في عناوين الجزيرة قبل ٤ سنوات.
20462,مادام الشعب الیمنی تحت القصف لن ینعم العدو بالامان.اذن للذین یقاتلون بانهم ظلموا و ان الله علی نصرهم لقدیر.
20463,انقلب السحر علی الساحر.اذن للذین یقاتلون بانهم ظلموا و ان الله علی نصرهم لقدیر.
20464,الله اکبر الموت لآمریکا الموت لاسرائیل اللعنه علی الیهود النصر للاسلام.
20465,اذن للذین یقاتلون بانهم ظلموا و ان الله علی نصرهم لقدیر.
20466,يا من يعبد الكرة ، أنظر ماذا كتب  على جبهته كامة جيزس. إنها حرب دينية. إستيقظ يا مسلم.
20482,هزيمه مدويه مدويه مدويه جدا . ونصر عظيم للابطال الحوثيون .. لان الابطال الحوثيون مستمرون بثورتهم ومازال الهارب عبدو خارج اليمن ولم يتغير اي شيء من وراء تلك الضربات .. مبروك للاخوه الحوثيون
20483,الف مبروك للابطال الثوار الحوثيين على النصر
20484,الإرادة لن تنکسر ، ، ، کما قال السید حسن نصرالله الیمن ستنتصر
20487,السعوديه لم تجد جيش تستأجره للدخول الى اليمن فأعلنة انتهاء عاصفة الحزم
20488,هزيمة السعودية لعدم تحقيق اي من اهدافها والحوثي بات اقوى من ذي قبل والرئيس المستقيل مايزال خارج اليمن .
20490,"افرحني هذا الخبر لحقن الدماء.ولم يعجبني اسم (عمليه اعاده الامل) لانه مصطلح سيء استخدمته دوله سيئه في الصومال, وكانت نتائجه سيئه, وطويله الامد.ولو سمي (سد الباب)كان ارحم."
20494,لماذا تحاولون صنع نصر مزيف الحقيقة يا اخي هي ان ايران حذرت امريكا انها سوف تضطر لقصف السعودية اذا لم توقف الحرب على اليمن.
20505,"اللهم يحشرك معه يوم القيامة, قل امين!!"
20511,"فرنسا بحاجة لأحدات 11 سبتمبر مصغرة لمزيد من التدخل في سوريا مع حلفائها
دویلات الخلیج و اسرائیل عبر داعش أعطوا هذه الذريعة مثلما فعلوا بالقاعدة عندما إجتاحت أمريكا أفغانستان و العراق"
20512,الاسد هو زعيم الامه العربيه .
20516,الجولاني أأنق ممثل لعام 2015 و حسن أسرع رجل الكيلوميترات لعام 2015
20531,صمود اليمنيين بدا ياتي اكله . البيت يهتز .
20538,"للتصحيح فقط.
الفيصــــــل وليس الفصيل"
20542,غريب لم أقرأ في القرآن الكريم عن حكم وراثي لملوك عينتهم حكام بريطانيا ?!!!
20543,غريب لم أقرأ في القرآن الكريم عن حكم وراثي لملوك نصبتهم حكام بريطانيا ?!!!
20555,البيعة لاتتم الاّ مع من سلك منهاج الرسول (صلّى الله عليه وسلّم).  نسأل الله أن يصلح أمور المسلمين.
20561,ملكنا نحن المسلمون هو الله الملك. الملك القدوس المتكبر. وولي عهده هو رسول الله محمد عليه الصلاة والسلام
20566,الله هو الملك. الملك القدوس المتكبر. بقية البشر ليسوا ملوك بل عبيد لله
20567,الله هو الملك. الملك القدوس المتكبر
20574,بكاء القران  الكريم ومعاناته عديدة فيما لايعد ولا يحصى .
20585,والجدير بالذكر ان أبواب الخليج ما زالت مغلقة في وجوه اللاجئات و اللاجئين السوريين....
20588,لم يعد هناك شئ أسمة ميدان رابعة الآن أسمة ميدان (( الشهيد هشام بركات )) الذى أغتالة الأخوان بتوع سلميتنا أقوى من الرصاص ... و تحيا مصر و السيسى رئيس مصر .
20591,كفا عنصرية يا هذا.
20604,يا جبل ما يهزك ريح، ماذا ستصنعون يقوم الموت أمنيتهم؟
20619,مقال الخيالي لن ينطبق على واقع
20632,"اين هو مقال :""وثيقة سرية: اسرائيل وراء تنظيم الدولة""؟ لماذا مسحت الجزيرة.نت هذا المقال من على صفحتها؟ المقال عمره نصف يوم فقط."
20645,كم أحب قطر والسعودية عندما تتناغمان وتعملان سوياً يحققون المستحيل ونأمل يستمرون قادتنا على هذا المنوال أرجعتم لنا هيبتنا كخليجيين
20649,أنت شيخ هرم ربما ترحل عند الخالق قبل أن تتحرك شعرة واحدة من رأس الدولة الإسلامية باقية وتتمدد
20658,لا يختلف قصف روسيا لسوريا عن قصف تحالف أمريكا لليمن المستمر لسبعة أشهر ويخلف يوميا عشرات القتلى رالجرحي من المدنيين
20663,قد يكون ذلك سوف يكون من المفيد في أمراض حيث هناك يكون العواطف إضافية أو فرط في ذلك
20666,سبحان الله اشبه جده المرحوم حافظ الاسد في ملامحه وطوله.الله يجعله خير خلف ويبارك في هذه العائله الكريمه الزعيمه.ومبروك يا ابني حفظك الله.(من جبال غمره عسير)
20677,صدقت ف(لا يفل الحديد الا الحديد)
20682,حياك الله والطكعة والله منك ومن خوالك وعمامك
20694,وَقَاتِلُوا الْمُشْرِكِينَ كَافَّةً كَمَا يُقَاتِلُونَكُمْ كَافَّةً ۚ وَاعْلَمُوا أَنَّ اللَّهَ مَعَ الْمُتَّقِينَ (صدق الله العظيم)
20696,هناك أنباء تتحدث عن تحالف محلب والزند للإنقلاب على السيسي
20705,"السلام عليكم


فقرة المستوى التعليمي للمترشح  لمجلس الشورى العماني قد تغيرت من 4 سنوات ، ويشترط للمتقدم بعد التعديل أن يكون من حملة البكالوريوس وليس الثانوية العامة كما في التقرير أعلاه 


مواطن عماني"
20706,ما فوائد عصير الشمندر للمسنين مثلنا ، و ما هي المنتجات الطبيعية المفيدة غي علاج اعراض الشيخوخة ، أطال الله أعماركم و شفاكم و عافاكم من كل مرض و سوء و بارك فيكم
20711,أعوذ بالله من هالمحيّا
20714,قال سبحانه: {والذين كفروا أعمالهم كسراب بقيعة يحسبه الظمآن ماء حتى إذا جاءه لم يجده شيئا ووجد الله عنده فوفّاه حسابه والله سريع الحساب}
20728,7 مليار جنيه مصري تساوي (نحو 900 مليون دولار..و ليس 900 ألف دولار)
20748,انت الصبي
20752,قالوا الكلام من فضة ثم اكدوا ان السكوت من ذهب
20763,زَعَمَ الفَرَزْدَقُ أنْ سيَقتُلُ مَرْبَعاً؛ أبْشِرْ بطُولِ سَلامَة ٍ يا مَرْبَعُ.
20780,الشيخ سلمان يختلف عن الشيوخ الي قبله ويذكرني بالشيخ فيصل يارب يقوي ليحق الحق ويصير اقوى وينصر المظلومين ويكون سند للمسلمين ولا يحارب اي مسلم  ان شالله جيشه وسلاحه فقط ضد الخوارج  الروافض امين
20782,تذكر الكثيرين باقوال ابو مازن وكانكم اهل الحل والربط.
20784,تصريحات متشنجة سببها حالة ارتباك و اضطراب في السياسة السعودية الخارجية ناتجة عن التحولات الاقليمية و الدولية. الافضل هو اعادة النظر بصورة هادئة و تصحيح القراءة الخاطئة التي تنتهجها السعودية.
20785,لا تستغربوا الأمر. فكل شئ بتطور هناء.تطور!بلجيكا تتطور.الفلامان يتطور ألوان هم كذلك يتطور.ما هو كل شئ بالتطور. و هم يستطيعوا بنا اللهم اجعل طائره في عنهم امين.
20789,اللهم إحفظ مصرمن الفتن ماظهرمنهاومابطن اللهم عليك بأعداء الوطن اللهم أحصهم عدداًيارب ومن أرباب الفتن
20796,يريدون مكافحة الإرهاب شرط أن لا يتكلموا عن الدعم الخليجي له أو فتح حدود تركيا له، لأن هذا سيقضي عليه.
20813,قبضت قوات اللجان / انصار الله على احد مستشاري التحالف  في مأرب يوم أمس وهو ضابط في الجيش الاسرائيلي يدعى (يوسي ايلون شاحاك) وبرتبة عقيد في الجيش الاسرائيلي لواء ( غولاني )
20814,لن يحكم الشيعة العراق ولا أي بلد عربي آخر، هذا جواب نهائي.
20816,تمنيت لو ان الطبيب وهذا الموقع استخدموا عبارة (اضطراب معوي ) مثلا بدلا من (تلبك معوي ) لانه لاوجود او اصل لكلمة (تلبك) ومعظم الناس لا يعرفونها .
20818,ماذا بالنسبة للمنسف؟ كم كيلو لحم استطيع ان اضرب قبل التخمة؟.
20820,اللهم رب الناس أذهب البأس و اشف انت الشافي لا شفاء الا شفاؤك شفاء لا يغادر سقما ، أطال الله أعماركم و شفاكم و عافاكم من كل سوء و أسعد جميع أوقاتكم
20821,وشكرا لكم
20824,ارجو قراءة تعليق الاخ (سمير سرحان)وما رأيك به؟اظن المجاهدون ادرى بتقدير الموقف(اهل مكة ادرى بشعابها) تحياتي
20825,لا، قل غيرها، روح إرتاح أنت، لقد عييت من كثرة النقر على الكيبورد
20827,الله يسمع منك
20828,انشالله
20829,وأتاهم العذاب من حيث لم يحتسبوا سبحان الله
20835,ان عدتم عدنا و جعلنا جهنم للکافرین حصیرا... هاذی الایه ترجموها للقومجیین الشیوعیین حتی یعرفوا ان لا مفر لهم من جندالله عزوجل
20845,هنيئاً له الشهادة في سبيل الله على أرض القدس وفي شهر رمضان شر التوبة والغفران ، اللهم ارزقنا حسن الخاتمة
20847,"رمز مجهول علي اليمين بعد الفاصلة (؟؟؟00000....,0)"
20854,"قال تعالى : "" الذين قال لهم الناس إن الناس قد جمعوا لكم فاخشوهم فزادهم إيمانا وقالوا حسبنا الله ونعم الوكيل""... اللهم انصر جند الخلافة.."
20855,لقد كفر الذين قالوا إن الله ثالث ثلاثة
20856,لا تعليق فقط عاش جيش الخلافة
20864,نتمنى من شركات تكنولوجيا المعلومات الاهتمام أكثر بالتوعية الصحية و الاجتماعية للعائلات ، بارك الله فيكم ووفقكم لكل خير
20865,رج ب ي ههههه ياجاهل شو دخل تكنلوجيا الايفون و تطورها بتعاملها مع العمال و غيرو التقرير بيحكي عن شي و انت بتعلق على شي تاني ههههه .الذكاء والفهم بينقط .
20885,الى الذي يقول قيادة تنظيم الدولة الاسلامية عميلة لايران... ناركم تاكل حطبكم!.
20886,وماذا عن ضباط الحرس الثوري الذين يأتون للعراق وسوريا ويعدوا بتوابيت الى إيران؟ والإعداد ليست صغيرة أبداً...
20890,"أسطوانة ""يتنافى مع كافة الشرائع السماوية"" تم قرصنتها بطريقة لاشرعية تتنافى مع كافة الشرائع السماوية"
20896,الصوم على الطريقة الإسلامية يزيد الوزن و لا يخفضه، يتعب الجسم و يعرضه للأمراض. الصوم الحقيقي هو المستمر لأيام مع الإلتزام بالتروية الكافية .
20897,لم تأت بجديد
20916,سوف يحققوا مع النمر وتكشف التحقيقات أنه كان متعمد في القتل وسوف يقدم إلى المحكمة التي سوف تحكم عليه بالإعدام شنقا حتى الموت حتى يكون عبرتا للنمور الباقية في الحديقة
20917,لنامستشفيات ومرافق صحيةبخدمةالمواطن فماببقىلناالاالتامين الصحىحتىمباروعبد الله يتعالجون بالمانياباى تامين او على خزانةالدولة؟؟
20921,الجیش الحر صحوات فی وجهه نظر جبهه النصره و جبهه النصره صحوات فی وجهه نظر داعش !! این الحقیقه؟ من الصحوات  فی النهایه ایها الاخوه؟
20936,ابعدوا الدين عن السياسة تفلحون
20939,من حفر حفرة لأخيه وقع فيها !
20942,وما يعلم جنود ربك الا هو
20945,"نطالب كل أهلنا في سوريا التعاون مع المجاهدين في الدولة الإسلامية فهو حلنا الوحيد 
هم توحدوا علينا وحان الوقت لنتوحد ونجعلها لله"
20950,ولا يحسبن الذين كفروا أنما نملي لهم خير لأنفسهم إنما نملي لهم ليزدادوا إثماً ولهم عذاب مهين
20955,أنت تعرف وكلنا نعرف ما تعبدون وما تخفون فلا داعي لندخل أكثر  اللهم اني صائم
20958,مع العدوان الوحشي على اليمن و التخندق مع اسرائيل ضد ايران و خروج هذه الفرق الارهابية التكفيرية و التي تذبح و تحرق و تغرق المدنيين اصبحت اميل الى التشيع و انه هو المذهب الحق.
20969,الأن التحالف العربي ضد الأسد فُرغ من طرف روسيا من أجل إيران و لم يبقى الا السعودية وحدها فهل تغير الجزيرة النظر في المعارضة السورية والأسد؟
20970,هكذا بغيتك لا تترك اى خبر فى اى موقع ان تنشر تعليقك هذاالذكى جدا والخطير جدا
20981,موسى يهودي، و لنفترض أنه كان حيا زمن الإسلام، هل تعتقد أنه من السهل عليه الإنضمام إلى الإسلام تاركا نبوته وتعاليمه و معتقده و الإعتقاد في نبي آخر !!
20982,الطائرة المنشورة في الصورة ليست اف  16
20993,"صدق القائد الفاتح عمر بن العاص عندما وصف مصر لأمير المؤمنين عمر بن الخطاب ""و رجالها مع من غلب"". إن المؤمن اذا أخلص قلبه لله صار يرى بنور الله."
20997,مذكرات الأدباء وطريقة تلقي اللحظة الابداعية من أهم مايمكن للكتاب والادباء والمفكرين أن يضيفوه الى رصيدهم الابداعي ومن أهم ما يقرأ .
21000,لم تعطل الجامعات في الكويت .. أرجو من الجزيرة تعديل المقال.. المدارس الحكومية والخاصة فقط تم تعطيلها
21015,أنا أجيبك يا صاحب التساؤل: نعم بل أضل
21025,الى مزيد من التوفيق والنجاح يا مصر العروبه رغم كيد الاعادي والمتامرين من الصغار
21026,ستوقف السعودية القصف والحصار إذا وافق ممثلوا صالح في مفوضات القاهرة على شروط الولايات المتحدة وبرطانيا
21028,عندما تأكدت السعودية الان ان حاليفها هادي مستقيل ولا يريد السلطة الان تريد أن ترجع صالح إلى السلطة بشروط أمريكا وبريطانيا
21029,بعد ان تأكدت السعودية ان هادي مستقيل ولا يريد السلطة الآن تريد أن تعيد صالح إلى السلطة بشرط موافقته على مطالب أمريكا
21030,بمعني ان الغرب جدًا جدً راضي بسيسه!! وان مصر لا حقوق منتهة انها بالطريق الذي ترتضيه!!
21064,ما شاء الله  اسود السنة واسود الشام ..الشيشان والداغستان والتونسيين والليبيين والاوروبيين والاورغو الصينيين  والنعم بالثورة النظيفة الشريفة
21065,في ناس - اجل الله السادة القراء - تحكي وفي ناس .....
21073,إذا كـــان ربُ البيتِ بالدفِ ضاربٌ ....... فشيمـةٌ أهلِ البيتِ الرقصُ
21076,داعش تعتقد ان بامكانها تجنيدنا. الشعب السعودي غالبيته العظمى مع ال سعود حكامنا و لم و لن نستمع الا لمفتي دولتنا فقط عبر موقعه الخاص.
21079,اللهم ثبت اقدام جنود دولة الاسلام
21082,"والله يا أخي, في دعاء القنوت يطيل إمام الحرم زميرته: ""اللهم اهزم أعداء الدييييين يا رحمن يا رحيييييم"". وددت لو يقطع المسلمون الصلاة و يسألونه من هم هؤلاء؟ نريد أسماء صريحة حتى نعلم على من ندعو."
21083,إن شاء الله قريبا تشاهدين أخاك و أبناء عمك الشجعان البواسل في أحد إصدارات الدولة الإسلامية
21089,لم نسمع باي سجال حول اي من خطوات السيسي ينبغي على الإخوان المسلمين ان يحسنوا ولائهم الصادق لولي الامر وان يطيعوه في المكره والمنشط وان يكفوا عن إثارة البلبلة في وطن المصريين وفي قدرات مصر وهلها
21090,"متى ستقتنع ""الجزيرة"" و من يقف خلفها ان معركتهم ضد ""الانقلابيين"" خاسرة ؟!"
21094,قولك (جاهل مركب)من قالها ؟وما معناها؟ومن تنطبق عليه ؟وهل تتقبلها لو قلت ُانها تتطبق على كلامك ؟افيدنا
21098,أين التوعية المستمرة بطرق الإقلاع عن التدخين ، يرجى كتابة مواضيع كاملة و مفصلة بأفضل الطرق للإقلاع عن التدخين ، بارك الله فيكم ووفقكم لكل خير و شفاكم من كل سوء
21106,إسرائيل تقول غير ملزمة وال سعود قلقون!! ربما صدفة الآراء في نفس الخندق.............................. وربما عندما يتعلق الأمر بالسيسي أيضا صدفة
21122,¿¡ ولماذا لا تقترح مركزا عربيا لعودة الدولة الام من المحيط الى الخليج !?
21126,اقترح يا ملك العرب كما شئت بس الله يرحم امك و ابوك لا تتبرع ..خل المليار للفقراء و النازحين
21132,لكم كل التحية و التقدير يا أسود أهل السنة
21141,ولد باسم ميشيل ديمتري شلهوب بالإسكندرية من أسرة كاثوليكية
21142,الله مولاننا ولا مولا لهم ....حسبنا الله ونعم الوكيل
21145,مصدر خاص: خسائر الجيش والميليشيات والصحوات في شهر5؛ مقتل 675 وإصابة أكثر من 1000 في صلاح الدين. ومقتل 1845 وإصابة أكثر من 1500 في الأنبار.
21156,ولا يعلم جنود ربك الا هو
21160,ناجحة وبس، صباح الخير، انتم مدعوون الي حفل التخرج.
21169,"تابع  اخبار الدولة الاسلامية عن طريق 
://.-.احد المواقع الرسمية 
ابحث عن ارض الخلافة دوت ام ال 
او اصدارات الدولة الاسلامية"
21173,رجال صدقوا ما عاهدوا الله عليه. .رحمهم الله مع الصديقين والشهداء والصالحين.
21188,هل تعلم ان التجمع للحج لسنة 2022  ان شاء الله سيكون بالتزامن مع كأس العالم في قطر، سيكون ذلك الموعد لأكبر تجمع بشري في بؤرتين متقاربتين على وجه الكرة الأرضية
21190,بمنظار أسود
21196,روسيا كانت في ورطة لولا 12 مليار السعودية تحرك روسي في سوريا بمليارات السعودية
21201,اطلب جنجويد.
21207,قتلانا بالجنة وقتلاهم في النار
21217,الكسوة الجديدة الكعبة المشرفة
21229,نسيت ذكر السديس
21253,إحلف !
21259,"42 , 45 موجه حاره ؟؟ في العراق وصلت درجة الحراره الى 56 والناس عايشه"
21262,من الافضل وجود مبادرة قطرية لتحسين أحوال العمالة الاسيوية فى قطر
21267,دولة؟؟؟!!!
21268,ان اللذين يقفون مع الحق كالواقف علي جمر، انتم تجيدون تلميع الصورة اعلاميا ليس الا.
21269,انها حمراء
21271,حمراء
21272,سدد الله خطاك يا شيخ تميم بن موزه امير دويلة قطر الشقيقة
21277,ياريت تنشروا مقالة ضياء رشوان عن قانون العقوبات فى قطر
21283,من تعليق محمد فوزي تستنج عمق الهاوية التي انحدرت إليها مصر. هكذا ترد كلمة القتل في تعليقه بمنتهى البساطة.
21286,هههههههههههه فعلا
21292,(وينصح بتناول كميات قليلة جدا من حبة البركة) المقال لم يذكر ما السبب في عدم تناول كميات كبيرة (أو عادية) من حبة البركة لذلك نرجو الإفادة والتوضيح.
21294,"نريد صور, غن كنتم صادقين, الدولة تنشر أخبار مع الصور و الفيديوهات و تكذبونها, و أنتم تنسجون انتصارات عظيمة ما تلبث أن يتبين زيفها. الصور و الفيديوهات هي الفيصل."
21297,أكثر المرات لا تنشر الجزيرة تعليقاتي وكذلك تعليقات كثير من التعليقات التي لا تعجب الجزيرة. ولهذا فقلة نشر التعليقات ليست دليلا على قلة المعلقين
21299,"ليس الأول و لا الأخير , الشكو ي للمخلوق والبكا ء لا ينفعان يا أصدقاء ٠"
21309,الله ينصرهم ويفك أسر أسيرهم . دم الهاشمية القرشية حفيدة المصطفى دين على كل مسلم .
21311,"عقوبة الإعدام لكل إرهابي!
وأنا أؤيد دولة الإمارات العربية المتحدة"
21319,دويلة في حجم حارة
21320,على فكره هكذا ابتدات صناعه الاسلحه  لامريكيه بمبادرات محليه لمحاربه البريطان .اجمل خبر سمعته منذ سنين .
21321,1500 متر في الثانية يعني 4.3 ضعف سرعة الصوت ، هذا كلام غير معقول تحقيقه في ورشة تحت بيت الدرج. نرجو المراجعة و التحقق
21322,الله أكبر .المزيد من الثقة بالنفس إن شاء الله  .لكني أحب أسلحة الأنفاق دفاعية والهجومية في نفس الوقت .
21333,"برنامج ""حميتي - عداد السعرات"" على الستورز هو البرنامج الوحيد الذي تجد به كل الطعام العربي والمصري والخليجي والعراقي والشامي، انا جربته وانصح الجميع به لانه فعلا مميز"
21337,آمل نشر تعليقي الذي كتبته قبل قليل هنا فهو مستوف لكافة شروط التعليق هنا وليس فيه أي مخالفة
21340,"الجزيرة تناست عامدة نشر جزء من بيان الداخلية اللى قالت فيه باصابة اتنين من ضباطها بنيران المسلحين
بس مفهوم ليه هى دايما بتتناسى الأجزاء ديه بالذات"
21344,"أيضا هناك ما يسمى حكم الخلافة الاسلامية وهو بالنسبة للبعض أمر من الخيال,نتمنى أن يتحقق ويصبح حقيقة من الواقع,وازالة الشك عن المشككين في عودة الخلافة الاسلامية."
21348,الى الصقر شاهيين /// ايي والله اخي صدقت .............الا ثريد  ان شاء الله
21361,عند وجود نزاع مسلح داخلي في دولة ما ، الأمم المتحدة مجبرة على الاعتراف بالجبهة المهيمنة على العاصمة السياسية ....
21362,عند وجود نزاع مسلح داخلي في دولة ما ، الأمم المتحدة مجبرة على الاعتراف بالجبهة المهيمنة على العاصمة السياسية...
21368,ما نوع الكائن اللي بالصورة جمل لو دينصور
21369,قال تعالى (( قل سيروا  في الأرض  فانظروا  كيف بدأ  الخلق  ،ثم الله ينشيء النشأة  الآخرة ، إن الله على كل شيء قدير . يعذب من يشاء ويرحم من يشاء وإليه تقلبون ))
21370,"""والزركون هو عنصر كيميائي"" والصحيح والزركون هو مركب كيميائي. الرجاء قراءة المقال والتدقيق وفهمه قبل النشر. مع اطيب التحيات."
21374,نصر من ألله و فتح قريب
21376,اها
21388,وان تو ثري ڥيڥا لالجيري
21411,أظن يا أخي أنه يجب على شعب الخليج أن يُخرجوا حكامهم أولا
21424,قطر ليست بافضل حال ففيها اكبر كنيسة في الشرق الأوسط
21426,اندهشت للمعلومة
21427,ولم التعجب !!! وهل فضيلتك لم تسمع بأمر النبي ووصيته حتى تتعجب نعم هم بنوها اليوم وغدا سيهدمها أمراء الإسلام ويخرجون المشركين . والكفار يحاربون الإسلام دائما ولن يكفهم إلا الجهاد .
21428,نحن نعاملهم كما نحب أن نعامل ! فأهل الحق لهم حقوق وأهل الباطل لهم الآصار والأغلال لعلهم يرجعون . والميزان العدل ما يسوي بين أهل الباطل وأهل الحق فأنتم فعلا من يكيل بمكيالين حتى جعلتم الحق كالباطل .
21433,طبعا : سيصدر بأمر من خليفة ؟!
21449,يارب زللزال باسرائيل
21450,"يعني ""بشرة خير""."
21453,مددوهم إلى الأقصى !
21460,هدا صحيح يا اخي ا ن مسكت عن الاكل طيلة اليوم لماذا ؟عن التد خين
21462,كلما ذكرت فلسطين وتنظيم الدوله يكثر عدد ال دسلايك
21489,انا سمعت 40 الف قتيل من النظام و لا قتيل من المعارضة . الله أكبر الله أكبر الله أكبر  ...
21490,وما النصر الا من عند الله،نصركم الله يا اسود التوحيد على الغزات الكافرين،
21497,ايهمااقوى جيش العراق وجيش نظامى ام تنظيم؟ والذى نسفته امريكا باسبوع وبحرب كذلك مع طالبان بافغانستان فهى لا تسعى لمحاربته ومن صنعهم ولكن تمرن خططهم به
21528,"""يريدون ليطفئوا نور الله بأفواههم والله متم نوره ولو كره الكافرون"""
21533,خردة فضائية ضخمة في طريقها نحو الأرض
21534,"يا باكستان أعينينا قليلا و اهتفي معنا : أين البترول ؟ 
‫#‏وينوالبترول‬"
21564,بو علي بوطين ما بنمزح معو أبدا :)
21578,عاشت العدالة الدولية
21579,اذا كان الطلب من امريكيا فانه سيسلم الي مصر ويبد ان العالم يتعامل من النظام في مصر وعلى هذا الاساس سيلم منصور ويعدم مرسي!!
21581,"اذا لم تستح فافعل ما شئت
 احمد منصور  خير ما انجيت مصر"
21589,شكرا على الموضوع المفيد جدا ، و نتمنى المزيد و المزيد من التوعية الصحية و الاجتماعية و المالية و التعليمية ، الله يعطيكم ألف ألف عافية
21593,صباح الخير على الجميع بيوم اشرقت به بشائر النصر السلام والمحبه لمجاهدينا الابطال الذين ثأرو ل1700 شهيد مسلم قتلته القوات الصليبيه.
21597,الخلافة الإسلامية ليست ملك أحد بل هي ملك المسلمين جميعا. وأبو بكر البغدادي هو خادم للخلافة وللمسلمين. والمسلمين اليوم مطالبون بالدفاع عن هذه الخلافة التي علم شعب يهود أنهم في خطر حقيقي بوجودها
21599,واضح جدا، مطالبة الفلسطينيين للتخلي عن حماس.
21600,وهل هذا الطالب الجامعي يتكلم بالنيابة عن أهل فلسطين؟ الإخوة في الدولة الإسلامية يريدون العزة والكرامة لنا ويدعوننا للوحدة والمفروض كل الأمة تتوحد
21605,"القومية اليوم جعلت من المسلم لا يفقه الا محاربة كل ماينفعه 
والخلافة الاسلامية اذا مكنها الله اليوم فسوف يهاب المسلم في كل مكان"
21612,الله محييها ارض فلسطين ارض اسلاميه وقبله المجاهدين اما اليهود فهم موجودين في هذا الموقع ويكتبون باللغه العربيه ويعارضون قدوم الدوله في ارض فلسطين الاسلاميه .
21613,بكون هولاء علماء بالعلوم الدنيوية هل يعني ذلك انهم سليمون عقائديا؟؟؟؟؟؟؟!!!!!!!!!!
21621,تفصيل الآيات على المواقف وظيفة مرموقة،أعانك الله على العمل الجبار...
21628,"الطريق إلى قلب الرجل معدته 
أما المرأة فالطريق الصحيح لقلبها فيقع أسفل معدتها"
21629,"ههههههه 
ضحكتني يا رجوب بهمك هول الشعب الفلسطيني انسيت عمايلك"
21633,شلونك اخي كيم؟ايش اخبار سوق السمج عندكم اليوم ؟وايد وايد حلو سماع صوتج اخي كيم؟ ابرسل لك ضبان وسبال بالطياره باكر؟ لا عفوا بالهنا والشفاء؟
21637,و انت واحد منهم
21640,أنا متأكد أنك السيسي خلف اسم مستعار. :)
21641,الجميع هرب ولم يبقى في ساحة الشام إلا المخلصين.
21643,قانون الأنفاق الجديد هو قانون جيد بل ممتاز من أجل حماية مصر من الأرهاب و الأرهابيين و لا يحق لأحد أن يعلق علية لأنة شأن مصرى خالص و يطبق داخل حدود مصر .. تحيا مصر و السيسى رئيس مصر .
21644,أمن مصر يأتى فى المقدمة بالنسبة لنا نحن المصريين .. مصر أولا .. مصر دائما .
21652,عتاب الحبيب زبيب
21657,بالتأكيد ان حماية الاوطان تحتاج الى تقديم ضحايا
21660,ارجو إعلامي عن موعد البرنامج
21663,"مشكلة قناة الجزيرة,انها توعد لبث اسرار ما,ولكن احيانا لم توف وعودها,كقضية لوكربي التي وراءها ايران.ونتمني ان تنشر هذه الفيلم."
21676,يبدوا انك تفهم الأرقام جيدا، فقلي بالله عليك كيف تغلب القلة الكثرة؟
21682,ههههههه بس كيف عيتاكدوا هنا السؤال
21691,فنلنده أجمل وأرقي بلاد العالم  ...
21699,قتل  بركات كان ذريعة ليستخدم اعدام المظلومين ... انت لن تفعل الا ما كتب الله .
21701,انت تعلم انك في السلطة لان الاخوان مسالمين. وانت تعلم ان من صدر بحقهم احكام الاعدام انما بسبب استسلامهم. لو كان لدى الاخوان جناح عسكري كحماس وحزب الله لما انقلبت عليهم.
21702,ليش حاس كانهم كانوا ينتظرون مقتل المدعي على احر من الجمر. ما صدقوا يموت لحتى يبلشو اعدامات. الموضوع فيه ان، كانها العملية كلها لاضفاء شرعية على الاعدامات والحصول على تاييد اكبر من الشعب.
21703,"اللهم بيض وجه السيسي وارفع كعبه، ربما لا يفهم البعض هذه الجملة ،ولكن معناها معروف  ولو كتبتها صراحة  لن تنشرها
الجزيرة."
21704,اتحدى النظام ان يفعل ذلك؟ من هذه اللحظة حتى 5 سنوات الى الامام.
21722,حالهم حال الأعشى ...علقتها عرضا وعلقت رجلا....غيري وعلق اخرى غيرها الرجل
21723,كل القوميات والاديان حاضره في ازمات الامه الا القوميه العربيه.ولابد من ايجاد قياده قوميه عربيه ونرشح فخامه الرئيس السيس ي امينا عاما وعلي صالح نائبا له لجمع الامه على المصلحه القوميه اولا.
21724,من عيوني..تسلم لي عيونك..صورة معبرة..الجزيرة شاطرة في اختيار الصور اﻻرشيفية ﻻيصال الفكرة التي تريد ان تغرسها في ذهن  القارئ بغض النظر عن دقتها او حقيقتها.
21729,اللهمّ دمّر أمريكا تدميرا
21733,سوف تتخلص مصر كما تخلصت الدول الحرة من حكم العسكر بإذن الله
21738,باذن الله العلى العظيم
21741,غيرت اسمك من عبود لأبو عمر. كاشفك يا نجر
21756,يجب ان لاتحدث مثل هذه الامور الخطيره بين الاشقاء .واطالب كافه الاطراف بضبط النفس بمافيهم الحوثيين.
21759,"""من انتم ؟"" ."
21761,ارسلت تعليقا ولااعلم لماذا لم تنشره ايها المراقب اين الحيادية والراي الاخر ام تريدنا نؤيد تفجيرات داعش للمساجد والاسواق وماذا لو قامت داعش بتفجيرا في قطر
21762,هذا الخبر يثلج قلوب كثيره .
21763,اخبار تثلج القلوب تحية للشعب الليبي الذي يحارب الاٍرهاب الداعشي
21764,طوبى لمن قتلهم او قتلوه......كل المجسمة
21777,حدثوا العاقل بما لا يعقل فإن صدق فلا عقل له.
21785,الاخوة المسؤولون عن الجزيرة من فضلكم صححوا كتابة اسم المستخدم عاشقة الاسلام وشكرا
21787,"لا بالعكس فهؤلاء مسلمون طيبون اضطروا لحمل السلاح لأنهم لم يرضوا أن تداس أعناقهم تحتى أرجل أسيادهم, إذن فلا مجال لأن توسخ صورتهم في نظري. :)"
21788,اذا كانو مظلومين فيعتبرو شهداء وان كانو يستحقون فهذه جزائهم والله اعلم بخفايه الأمور
21803,الدولة قالت 4 قتلى و15 جريح ياليت تعدلون الغلط .
21808,ورجينا افعالك يالحبيب
21809,انبوب مجاري دهنوه باللون الاسود
21819,"قال تعالى ""فإما تثقفنهم في الحرب فشرد بهم من خلفهم لعلهم يذكرون"".
والذي يبدو أنها سياسة ناجعة ولله الحمد. سئمنا من الذل، ان أوان العز للأمة الاسلامية على منهاج النبوة."
21820,يقلدون السلف حرفيا...
21823,اليهود بشر كذلك.
21835,"غارات التحالف وحدها لن تعيد هادي لابد من الحوار مع اليميين
ومؤتمر جنيف هو الحل"
21836,نطلب من قناة الجزيرة تقرير عن محمود عباس أصله وفصله؟!و ما هو تاريخه ؟ و هل فعلا هو بهائي؟! الرجاء تلبيه الطلب لأن المعلومات غير متوفرة.. و تعودنا على الجزيرة أن تكون منارة لنشر الوعي..
21843,أي خصومة ؟ وحزب الإصلاح حرض اليمنيين ضد الزيدية وشن ست حروب ضد الزيدية مستعملا الفرقة أولى مدرع الإصلاحية الإخوانية في الجيش اليمني وأغلب منتسبي الفرقة أولى مدرع حاربوا في أفغانستان عجيب أمر الإخوان !
21854,سبحان الله النمل عندهم قائد .
21855,50الف نازح من الانبار وليس بكربلاء
21857,هههههههههه الله يهديك يا بااا
21862,نعم لقد حدثنا النبي محمد صلعم عن هذه الكائنات التي كانت موجودة قبل أن يخلق الله آدم و حواء وبقية الهراء.
21863,كيف طعمة على  الفحم ؟
21864,نعم يا هانئ يوجد بالضبط صفر إعجاز بالقرآن سواء علمي أو بلاغي. و من المضحك أن نربط العلم بالقرآن.
21865,إعجاز علمي بالقرآن هههههه هل أنت بوعيك.
21866,ولدليل ان الحياة على الارض هى تطور وكما اكده داروين
21872,هذه ترجمةبتصرف  لكتالوج المعرض على عادة هذا الكاتب
21873,ياخي من حقهم يصلوا ايش مشكلتكم؟
21874,السيسي شعر أخيرا أن مشاكل مصر لا يحلها الا ذو علم و خبرة، و ليس بالبيادة و النجوم و النياشين العسكرية في حروب وهمية.
21880,یعیشون فی قرن 12
21893,الله اكبر، الحق يعلو ولا يُعلى عليه.
21898,توحدوا تحت راية الخلافة فهي الحق وفيها كل الخير ان كنتم فعلا شرفاء
21900,لما لا يحلَّ نائب الرئيس السوري فاروق الشرع محلَّ بشار الأسد !!!!  خصوصًا أنَّه لم يتورَّط في شلالات الدماء ولا مذابح النظام ضد مواطنيه !!!
21904,لا يصنع الرؤيه إلا الله.
21930,مرحبا في سوريا مقبرة الغزاة
21940,اللهم احصدهم حصدا ولا تبقى منهم احدا
21942,"هو شهید ضد الارهابیین. ""بل احیا عند ربهم یرزقون"""
21946,كل بلد يخرج ما فيه، ففي الشام ينزل المسيح عليه السلام وفي مكة يظهر المهدي محمد بن عبد الله ومن أصفهان إيران يخرج الأعور الدجال.
21952,عيد أضحى مبارك شباب
21964,""" وَٱلَّذِينَ كَفَرُوا۟ بَعْضُهُمْ أَوْلِيَآءُ بَعْضٍ ۚ إِلَّا تَفْعَلُوهُ تَكُن فِتْنَةٌۭ فِى ٱلْأَرْضِ وَفَسَادٌۭ كَبِيرٌۭ ""
الأنفال 73"
21965,""" وَٱلَّذِينَ كَفَرُوا۟ بَعْضُهُمْ أَوْلِيَآءُ بَعْضٍ ۚ إِلَّا تَفْعَلُوهُ تَكُن فِتْنَةٌۭ فِى ٱلْأَرْضِ وَفَسَادٌۭ كَبِيرٌۭ "" سورة الأنفال 73"
21969,"""وَٱلَّذِينَ كَفَرُوا۟ بَعْضُهُمْ أَوْلِيَآءُ بَعْضٍ ۚ إِلَّا تَفْعَلُوهُ تَكُن فِتْنَةٌۭ فِى ٱلْأَرْضِ وَفَسَادٌۭ كَبِيرٌۭ"" 

الأنفال 73"
21975,"ﺁ ﺇﺭ ﺪﻱ
   
ﺑﻲ ﻜﺎ ﺁ"
21983,نريد حقوق الانسان واحترام للانسان وكرامته قبل اي شيء
21986,أموالكم؟؟؟ من اين لكم هذه الاموال؟؟ قريبا تزول حدود سايس بيكوا و نعرف حينها هي اموال من...
21987,سعر الحاسوب لا يسوى شيء مقابل سعر القنابل التي تسقط على اليمن...
21998,على بركة الله .
21999,"إنّا لريب الدهر لا نتضعضعُ
 نحن الجبال الشم لانتقهقرُ
فلندفعنّ عن المآثر والحمى
لن ننثني لن ننحني وسنظفرُ"
22004,لابد من تفويضي لصلح شامل وجبر ضرر عام يرفض كل العدوان ويحافظ على الوحدة اليمنية الاندماجية ويرفع كل المطالب بما فيها المطالب التاريخية .
22006,ارتفعت إلى 55 شهيداً وعشرات الجرحى حصيلة ضحايا غارات التحالف السعودي على مدينة سكن عمال الكهرباء في تعز
22007,زوروا موقع وكليكس السعودية
22014,الشرطه تقتل المسلمين بالرصاص الحي في الجزائر اللهم مكن للمجاهدين من رقاب المرتدين  اذناب الاستعمار. اللهم يسر لنا الجهاد في الجزائر
22018,٢٤ فقط؟!. هل من المعقول ان يسيطر ٢٤ شخص على اكثر من ١٧٠٠ مجند؟. ربما يكون العدد الصحيح ٢٤٠٠٠ و ليس ٢٤ فقط.
22036,إن أحسن حل هو عدم الصيام
22046,طريقة الضفدع مادة لاصقة تلتصق بالطائرة  ترسل بمنطاد ملغم فتنسف الطائرة
22048,"هذي دوامه لن تنتهي من المباحثات. وسوف تدوخهم ايران بالديالكتيك الجعفري, حتى يبان لهم صاحب .فاللهم اشغلهم ببعضهم."
22056,يستمر عدوانه على الامربيكيين
22059,إذهبوا إلى أمريكا فإن هنالك ملك لا يظلم عنده أحد
22060,"يبدو ان هناك شيئ غير دقيق بالارقام المدرجة في المقال "" مليون قفل"" يزنون 25 طن 25 طن يعني 25 مليون كيلو غرام فبذلك يكون متوسط وزن القفل 25 كيلو غرام....غير معقول"
22061,اعتذر يبدو اني قرات المقال بشكل خاطيء...الارقام تبدو معقولة
22064,و نحن نرفض تدخل السعودیة و بعض الدول الصغیرة التابعة لامریکا فی المنطقة
22066,خوزستان او ماسمیتها الاحواز جزئ لایتجزی من ایران و العرب فیها اقلیه فعلیک ان تحرر فلسطینک مابالک ب خوزستان؟
22077,للمشككين في خلافة الدولة.. شاهد هذا الفيديو على اليوتيوب ( بالقرآن الكريم - بسام جرار - زوال اسرائيل في عام 2022 ) لتعلم الحقيقة وصدق منهج الدولة
22087,"جبريل
الأردن جزء لا يجزأ من الأمة و نسورها معروفين }"
22089,يبدو أنه كان يداوم على متابعة قناة الجزيرة
22091,الأردن جزء لا يجزأ من الأمة و نسورها معروفين }
22095,طبعافر
22102,لم تصبح سوريا اقل الدول امناً الا بعد دخول عصابات البترودولار .
22106,... رب أنعمت فزد...
22120,اظن الصحفي فهمي هاجم الجزيره في اللصحف الغربيه . وقال ان الجزيره لم تهتم بيه او الصحفي الاخر . صح و لا غلط .
22148,الشعب الصومالي من خيره الشعوب المسلمه والمعتزه بدينها الاسلامي وأيظا من خيره رجال الدوله الاسلاميه هم من الصوماليين .
22155,اين هى قرية البسطرمه
22160,الامازيغ على خطى الاكراد يعلنون جمهوريتهم من امام الامم المتحدة
22173,كلهم يتعاملون مع المحتل بل حماس تفاوض (اسرائيل)على حدود67
22202,ﻠﻦ ﻴﻌﺪﻢ ﺒﺈﺬﻦ ﺍﷲ
22227,قققففففففف
22246,أتمنى من الإيرانيين عدم التعليق باسم العرب.
22253,كثرت الذنوب  وزاد الطمع في الغفران بعد الحج، و ما الحج بماح ذنبا إن هو سوى فرض. لجهلنا وجشعنا حاكم و محكوم صلط علينا الله البلاء و الأعداء. رحماك يا رب
22254,و هل سيتم تعويض اهالي القتلى بمليون ريال لكل شخص و نصف مليون ريال للجرحى كما حصل في قتلى الحرم؟!. الاعداد اعلى بكثير هذه المرة!.
22255,والملاجظ ان مناسك الحج غير مثماثلة او مُنتسقة!فهي دعوة للمعرفة والتركيز والبحث وبذل مزيدًا من الجهد!!حتي ان دارسها الآن وترتيبها سينسي اهمها إلم يستذكر تراتيبها..فهي تتطلب اليقضة بكل وقت توقيت؟؟
22272,"يا سيادة الرئيس، شاهدت مقطع فديو جميل جدا انش الجميع أن يشاهده. على اليوتوب "" فيديو لمدا تكفر الدولة الإسلام الرئيس محمد مرسي """
22278,المرء مع من احب.اسال الله ان يجمعك مع من تحبه يوم القيامة.
22288,ولقد جئتمونا فرادى كما خلقناكم أول مرة ونركنم ما خولناكم وراء ظهوركم وما نرى معكم شفعاءكم الذين زعمتم أنهم فيكم شركاء لقد ( تقطع بينكم ) وضل عنكم ما كنتم تزعمون
22292,وهي الروح وتحسون
22293,والروح تؤثر كل مؤثر علي الماده، والنتيجة في النفس وتحصيلها في البرزخ تحصيلاً لا يتكلل ولا يكتمل إلا بالرجوع الأخير، الميتة الثالثه والأخيره، إن لم نحسب الصيحه، ههههههههه
22295,عاجل : قوات العدو الشيعي تحرق 175 خيمة للنازحين على أبواب بغداد
22296,مش عارف ليه مع كل هزيمة للروافض بيتحشر موضوع تكريت مجرد ملاحظة
22314,راحوالفرنسا ولما لا ل(اسرائيل)ولانكم لم تلتقوا شعوب حقا
22327,وإني أحبك ياقطر، قطري قالها، وإني أحبك أيضاً ياقطر، يمكن توصل، إحترامي قناة الجزيره
22357,ليتحمل سلمان وهادي ما حل من قتل ودمار وتهجير للشعب اليمني
22361,خبر لا يستحق نشره ، لا توجد قناة اخبارية اخرى نشرته ، الاحرى بالجزيرة ان تنشر خبر مقتل جندي تركي على يد الدواعش
22363,شحنة الدشاديش انتهت منذ تحرير الرمادي ولكن موجودة الآن شحنة ملابس داخلية وشحنة أكفان
22364,وانا جندنا هم الغالبون،اللهم نصركم الذي وعدت.
22371,الان عاجل على (الجزيرة)قصف سوق الفلوجة وسقوط قتلى وجرحى مدنيين،هذا الخبر ولكم التعليق فهل انتم فاعلون؟
22374,حماس حماس
22380,الله اكبر والعزة  حيا الله اسود بيجي  العصية  لله دركم وعلى الله اجركم
22384,لقد قارب الحشد على يد تنظيم الدولة أن يتقلص ويصبح فرد.
22400,هزلت هزلت هزلت
22401,"الى متى سلمية ؟

السلمية دين من ؟

إما جهاد يعز المسلمين ويذل الطغاة

وإما خنوع وذلة و صمت و صبر

السلمية هدر لدماء الشباب المسلم"
22402,"محاولة تصوير النظام انه ضد الدين و ضد الإسلام هتفشل
ربما هتنجوا فى غسل عقول من يعيش خارج مصر ، لكن كل واحد عايش جوه مصر عارف ان ديه مجرد أكاذيب و دعاية سوداء من جماعة نصبت نفسها متحدث حصرى باسم الدين"
22413,كل هؤلاء من تسبب بقتلهم قطر وتركياللاسف قطر تدمر الدول العربيه وتحديدا مصر
22418,اخوانی فی الجزیرة انا شاب نشیط احب حبا غرامیا مذیعة القناه «وسيلة عولمي»  ارجو منکم المساعدة حتی اتزوج منها.
22421,الهی یا حمید بحق محمد یا عالی بحق علی یا فاطر بحق فاطمه یا محسن بحق الحسن و یا قدیم الاحسان بحق الحسین انصر مجاهدی المقاومه السلامیه اولاد الحسین الشهید(ع).
22440,ضروري التوضيح في هذا الوقت الذي ينتقد المجرمين الذين هجرو السوريين من عصابات الممانعة والدعشنة بتقصير السعودية ، وما تقوم به السعودية هو حل مؤقت حتى يتم استرجاع ارضهم وطرد المجرمين
22445,مع احترامي للجزيرة ولكن هذا الخبر كذب
22452,وما الدليل ؟
22461,عظيم الرز
22462,مصادر الجزيرة = جماعة الإخوان وولاية سيناء.
22466,بسم الله الرحمن الرحيم : ﴿ إِنَّ اللَّهَ لَا يُحِبُّ مَنْ كَانَ خَوَّانًا أَثِيمًا ﴾
22483,يقول تعالى: إِنَّا عَرَضْنَا ٱلأَمَانَةَ عَلَى ٱلسَّمَٰوَٰتِ وَٱلأَرْضِ وَٱلْجِبَالِ فَأبَيْنَ أَن يَحْمِلْنَهَا وَأَشْفَقْنَ مِنْهَا وَحَمَلَهَا ٱلإِنْسَانُ إِنَّهُ كَانَ ظَلُوماً جَهُولاً
22487,وجوه يومئذ شاحبة !!!
22492,"ملاحقة اعداء اسرائيل من مجادي حماس وحزب الله
من قبل عملائها بالدول العربيه"
22504,متى كانت سعودية دعم الثورات
22506,حمد سوريا من أي فرع مخابرات عم تشارك لأن الانترنت في الفرع عندنا كتير بطيء!!
22513,سرقوا البنك و دبحوا 15 جندي يمني يا جزيرة
22518,و الله مهزلة بكل المقاييس
22526,عرباوي.نت موقع إخباري يمدك بأحدث وأهم الأخبار من أهم المواقع العربية والدولية على مدار الساعة.. موقع لكل العرب، أخبار السياسة والاقتصاد والرياضة والثقافة والفن والتكنولوجيا والمزيد..
22557,لم يُطردوا. بل تم دعسهم من قبل وحدات حماية الشعب
22560,لم افهم تهليل الجزيرة بالخبر من خلال العنوان والصورة المنشورة وكأنكم فرحون!!!
22561,أسلحة بدائية ك الإف 16 وفتبات كرديات كتحالف 60 دولة  والجيش الحر والبيشمركة
22563,تم قتل ٨٧ واحد من تنظيم الدوله فى هذه العمليه  .
22564,"هههههه, اشتقنا لبطيخة شديدة الحمرة في شهر صوم و حر:)"
22565,اخي العزيز.. الأفضل أن تستخدم عبارة (نفوق ١٢٠٠ داعشي) بدل (هلاك ١٢٠٠ داعشي) فكلمة نافق تليق بداعش اكثر.. مع كل التقدير
22568,تحليل المفلسين!
22573,منيح مبروك
22588,"قلتم بمشاركة مصر والسعودية ودول الخليج 
هل قطر حتشترك في هذه المناورات"
22590,سؤال للسيسي: بماذا ستقايض الجنود المصريين الأسرى لذى الحوثيين بعد فشل محاولة إنزالهم بحرا في جنوب اليمن؟
22592,لو كانت المناورة مع تركيا أفضل !
22595,سبب القبض عليه ان شركات الصرافه بتاعته بتلم الدولار من مصر وتهريبها خارج مصر وحتلاقى كل مرات القلض عليه من ايام مبارك كلها لها علاقه بالاموال برافو الامن الوطنى وشرطه الاموال العامه
22603,انا غير مهم عندى راى الشعب السورى فى اى انتخابات .....كل شهوتى هى ازالة الاسد والا ها اعيط  واموت من الحزن .
22605,"السعودية نظامها  اسلامي  وعلى عينك وافعل مابدى لك , لكن اريد اسالك  عن الديمقراطية التى تتحدث عنها اين هي من نتائج انتخابات الجزائر ومصر  وفلسطين التي جاءت بالاسلاميين"
22609,"انظر حولك لتكتشف انك ""تغرد"" خارج السرب."
22613,ولا تحسبن الذين قتلوا في سبيل الله امواتا بل احياء عند ربهم يرزقون
22622,الكلب يبقى وفيا لصاحبه مادام يرمي له بقية العظام
22637,.الاحمق من باع اخرته لدنياه والاحمق منه من باع اخرته لدنيا غيره يا ربي يا قوي يا واحد ياجبار اجمعهم مع بعض يا رب يا رب
22645,أفتخر بأعداء مثل هذا و الحمد لله
22649,طبعا حشا وكلا وليس عبد الله
22653,و الله
22661,أشهد أنك  مراقب منفتح الخيال ..قال بوكلو كبد قال ههههة ، خفف من أفلام الرعب قبل ميطير عقلك ههههة
22664,ماشاء الله فتوحات الدوله الاسلاميه ترفع رؤوس المسلمين عاليا بين الأمم بارك الله بأسود التوحيد وجعل الله جميع المسلمين أن يقتدو بهم.
22679,أيضا اغتيل إماراتي أمس بعدن ولم تتطرق وسائل الإعلامي العربية عنه في حين تحدثت الغربية وعجيب هذا الاستهتار كأن الناس لا يشاهدون إلا وسائل الإعلام المحلية أو الإقليمية حكومة كانت أو لا .
22687,* وما خلقناكم شعوب وقبائل إلا لتتعارفوا إن أكرمكم عند الله اتقاكم * وارجوا من الهيئة المذكورة أعلاه أن تقدم لنا فتوى بخصوص حصار قطاع غزة من الجانب المصري، أم هذا ليس من تخصصكم...
22689,كما ذكر لي مصدر مقرب من الهيئة واحد اعضائها الكبار هم لا يجتمعون الا بتوجيه من ولي الامر لاصدار مثل هذا البيان لذلك لاحظ انه خال من الايات والاحاديث التي تعودنا قرائتها في الفتاوى الشرعية.
22693,مجبر أخاك لا بطل. التقية واجبة في مثل هذه المواقف
22694,مشاء الله تبارك الله
22695,"مرحبا
.•°°•.¸.•°°•.
‫‏الأمير‬-الاندلسي)
•.¸ ¸.•
°•.¸¸.•° 
¸.·´¸.·´¨)¸.·*¨)
(¸.·´ (¸·´ .·´"
22698,اللهم زد وبارك،، امين يارب العالمين
22702,لبيك يا حسين لبيك يا حسين
22745,"تم كتابة هذه المقالة للأطباء .أنا لست طبيبا والمصطلحات العربية للأطباء ....
قد يعود السبب للصيام هاها"
22747,قال تعالى : أن الحكم إلا لله. نعم لا حكم على المسلمين إلا حكم الله ولا حكم غير حكم الله. الله هو الملك ولا ملك سواه
22749,ولي ولي ثم ولي ولي العهد!!!!!!!!!!! الى يوم القيامة
22752,روعه اوجيه فعلا انتي رووووعه وجميله وصوتك روووووعه حلو وهادي روعه  . انا اعزب خبر روووعه صح ههههههههههههههههههه تصدقين حبيتك قصدي معجب ههههههههه
22763,بارك الله فيك وأضف الى ذالك هل البيعة تمت بالكتاب والسنة ام جبريا؟
22767,خذني اليهم ...الى أدمى مقابرهم ، للأعظمية ياموت الرياحين . وقف على سورها وأصرخ  بألف فم، ياربة السور ياأم المساجين
22770,همممم
22771,الله اكبر الله اكبر والنصر للمؤمنين
22775,ليس بنا خير ان خلص الى الأقصى وفينا عرق ينبض.
22786,شوف يا أخي كيف؟ هل هذا يصير؟ إنه العجب العجاب.
22813,أصلا الموسيقى حرام
22823,أحبك بالله يا أخي .
22824,هذا يعزز أن تنظيم الدولة على حق ؟!
22832,لم تنشروا خبر تأيد شيوخ عشائر الانبار لدولة الخلافة السنية
22849,طالما كانت التعليقات لا تعبر عن رأى الجزيرة و انما تعبر عن رأى أصحابها لماذا تنتقون منها ما يوافق رأيكم يا جزيرة
22854,القرءان الكريم ذكر تجمع ملل الكفر.فقال تعالى فسينفقونها الفاء الفورية ثم تكون عليهم حسرة أي بعد مدة. ورأينا اليوم حسرة أوباما وغيره على الأموال والأرواح التي انفقوها فخرجت لهم الخلافة الإسلامية
22855,عفواً ماكو كاش:(
22856,وعطفا عما اشرت له بتعليق سابق  انها موجهة هذه الدعوة ضدة السعودية رالاخص والاردن يعني على عينك ياتاجر التمدد الصفوي بطرق جديدة
22871,"على القهوجي أن لا يقدم أكثر من فنجاني قهوة للزبون لأن بعد الفنجان 3 سينسى الزبون دفع الفاتورة و ترك بقشيش لذلك يصرخ الچارسون في مقاهي مصر :"" وعندك واحد قهوة  و مصلحوا  بصوت عال لكي لا ينسى الزبون """
22872,"قصف التحالف للمدن متواصل بما فيها المطارات والمساجد. اليوم ككل يوم استهدف سوق في وسط صنعاء وقتل فيه مدنيين من نساء وأطفال.
لن تسمع في الجزيره عن القتلى المدنيين لانهم يمنيين قتلهم التحالف"
22881,لا يمكن ان نستنتج  عن الكون قبل ما نعرفه هل هو مفتوح مغلق او لم ينشئ كما يشك العلماء ولا وقع الانفجار العظيم كما يسميه العلماء
22883,يجب إستبدال كلمة نيوترون مضاد ب نيوترينو مضاد
22894,نعم انا رأيت ملياردير عربي يدعم فلسطين، ليس بالمال فحسب بل بزيارات إلى غزة للإطمئنان على احوالهم، الا وهو امير قطر السابق جزاه الله خيراً.
22901,خبر لبكرة ، داعش تحاصر مطار أبو الظهور
22904,(أَفَأَمِنَ الَّذِينَ مَكَرُوا السَّيِّئَاتِ أَنْ يَخْسِفَ اللَّهُ بِهِمُ الْأَرْضَ أَوْ يَأْتِيَهُمُ الْعَذَابُ مِنْ حَيْثُ لَا يَشْعُرُونَ) النحل-45
22905,ما أهون الخلق على الله ان هم عصوه قال تعالى == و ما نرسل بالآيات الا تخويفا==
22906,لا الاه الا الله .الرحمه للموتى
22913,سنظل داعمين له الى ابد الابدين .. عاش رئيسنا المحبوب عبد الفتاح السيسي .. عاش .. عاش .. عاش
22921,"""لا تتمنوا لقاء العدو واسألوا الله العافية فإذا لقيتموهم فاصبروا"""
22922,ما اهمية شركات الاتصالات و تكنولوجيا المعلومات في التوعية الصحية و الاجتماعية ، و كيف يمكن توفير هذه التوعية مجانا لمستخدمي تطبيقات هذه الشركات ، بارك الله فيكم ووفقكم لكل خير و شفاكم من كل سوء
22924,الحياة يجب ان تواصل مسيرها رغم كل الحقد الدفين .
22928,بضاعة مستوردةمن كوريا
22933,أمجاد يا عرب أمجاد ألله يسعدكو ويكتر من أمثالكم🚀🚀🚀
22935,وغيرهم يادعوة إبراهيم .
22937,وها هم وصلوا للمريخ وليس بالسهل هل سيدرسوه او يحللون ارضه او جوه  وعلىاى قاعدة علمية
22949,الانسان سيد الاجرام ما شاء الله كلب جميل لئن الله ن خلقه
22953,الان صدقت انه يخلق من الشبه اربعين!!! شكله يطابق عفاش مائة في المائة
22956,النبي عليه الصلاة والسلام يقول (( مَنْ سألَ اللَّهَ تَعالى الشَّهادَة بِصِدْقٍ بَلَّغَهُ اللَّهُ تَعالى مَنازِلَ الشُّهَدَاءِ وَإنْ ماتَ على فِرَاشِهِ ))
22962,اريد طريق هجره بلا عوده لاي بلد اوربي والحسين ابن عبدالله لا رواتب ولا عيشه مال وادم بالعراق.
22963,حسين حبيبي حاليا احنا 30 شخص بتركيا وحنا من كربلاء تعال هنا مئات من جانو بالحشد هسه بتركيا وطريق الطلعه سهل تعال لكردستان وألف واحد يطلعك.
22967,حتى و إن إستشهد العبد الفقير لله الخليفة البغدادي حفظه الله، فإن  المسلمون قادرون على تسمية خلفاء غيره على منهاج النبوة. اللهم انصر دولة الخلافة الإسلامية، إنك على كل شيء قدير.
22978,كلام سليم و منطقي
22979,انتم السبب.
22982,صبرا جميلا والله المستعان على ما تصفون.
22986,عدم اسير
22988,"ياأخي خالد إبن الوليد رضي الله عنه دبح  000 10 أسير في نهر الدم في يوم واحد
ولهدا يسمى بنهر الدم"
22993,ههههه يعترفون بالنصر بطعم الهزيمة. مبروك للشعب الكوردستاني عبر العالم دخول البرلمان التركي!
22997,تعليق جيد جدا.. من الجميل انه تم نشر تعليقك. الجزيرة عادة لا تنشر تعليقات تدين سياسات اردوغان الخارجية بدون سبب
22999,عندما نقول انه حصل على ٢٥٨ مقعدا من اصل ٥٥٠ مقعدا..النسبة هي ٤٧٪ وليست ٤٠٪.. ارجو التصحيح يا جزيرة..
23000,النسبة التي حصل عليها حزب العدالة و التنمية هي 46.9 بالمئة و ليس 40.9 بالمئة.
23004,بالله عليكم. هل هذه قناة الرأي والرأي الاخر?!! انقلو الخبر ان كان لكم ام عليكم يا اصحاب الرأي والرأي الاخر. والنعم من المصداقية الاعلامية. ستعود الزبداني كما عادت القصير والقلمون. وان غداً لناظره قريب
23010,"امس قتل 8 افراد من عائله واحده في حجه باليمن, وايضا في مناطق متفرقه وصل عدد الشهداء المدنيين الابرياء 65 بطائرات سعوديه,  فلا حول ولاقوه الابالله."
23013,اللهم احفظ أرواح السنة! وهذا هو المهم والأهم!
23018,اللهم احفظ أرواح السنة
23025,أنت من دُعاة التقسيم إذاً. موقف غريب يُذكرني بموقف الجزائر من قضية الصحراء. حيث ما ان اقترح مبعوث الامم  المتحدة باحتمال تقسيم الصحراء، حتى سارعت بالموافقة؟؟!!
23027,"نحن لا نري الموت الا السعادة وهيهات منا الذلة
اللهم نشكوا اليك فقد نبينا وقلة عددنا وكثرة الفتن بنا اللهم عجل لوليك الفرج"
23031,السيد الانباري لقد قرات تعليقه وكتبت ردا عليه ولكن لم ينشر ردي. ما اسهل ان يتغير الانسان هذه الايام.تحياتي لك
23035,هل الاسرع دائما هو الاحسن ، يرجى مناقشة موضوع اهمية الجودة ايضا في المنتج ، لزيادة استفادة العائلات من التكنولوجيا و تقنية المعلومات ، بارك الله فيكم و الله الموفق
23043,"صائب امين ""سر"" اللجنة؟ اذن اسراركم عند لفني واللبيب من الاشارة يفهم."
23052,يرجى ذكر شيء واحد فقط يدار بطريقة علمية و مؤهلة منذ 1989
23069,لماذا كل هذا الفرح بموت الاخرين ؟؟؟؟؟؟؟
23072,اهلا وسهلا بالدوله الاسلاميه والله ان اهل السنه يفرحون بقدومكم ونبارك للخليفه ابو بكر البغدادي الشهر الكريم ونبارك للدوله الاسلاميه قياده وشعباواسأل الله ان يكون شهر نصر للاسلام والمسلمين .
23077,رجال .
23080,الخوف السعودايسرائيلي هو تحسن اقصاد ايران و ضخ اموال لحلفاءهم في المنطقة. الخاسر من ناحية النفوذ هو آل سعود و الباقي معلوم و سيكشفه المستقبل القريب...
23083,لماذا لا يستخدم  الكيماوي  الغاز  في مواجهه الانفاق وحمايه الحدود
23084,"ما هذا الكم من الكراهيه اتى زرعها
فى قلوبكم ايشتكى اهلكم العيش فى الشوارع والتحاف السماء والسكن فى العراء ايبكىاحد بيته واهله. اليس هذا وطنهم يا من تتحدثون عن حرمت. واكثر كراهية لهم من اليهود"
23085,الصورة ليست لأف 16 الصورة لطائرة سوخوي
23088,الحمد لله الله ينصر دينه ويحفظ عباده الموحدين ويهدي الدولة وجنودها ومن يتعاطف معها للحق ولكل خير ويجنبهم الفتن ما ظهر منها وما بطن .
23091,(نحو المركز) وليس (إلى المركز) والفرق شاسع فربما الجيش الدشاديشي الآن في طهران ويتجه (نحو مركز الرمادي)
23100,انا من ابين من جنوب اليمن بس احب الشماليين موووووت
23109,لو لم يقم الدواعش حسب وصفك بذلم لقلتم اين الدواعش مما يحدث في الأقصى
23112,تصحيح(محمد متولي الشعراوي)تحياتي
23113,أللهم إنا نسألك بأسمائك الحسنى أن تنصر الدولة الإسلامية اللتي تنصر الإسلام والمسلمين على إيران ونظام الأسد وجيش الفتح والكرد وكل أعداء الدين.
23115,ياالهي هذا الجيش الحر لا احد يستطيع هزيمته مع المسلحين الاجانب من النصرة وغيرها
23116,لماذا لم تذكر الجزيره ان قوات التحالف السعودي الاماراتي في اليمن قتلت بطريق الخطا اكثر 30 مقاتلا من نفس قوات التحالف السعودي الاماراتي .
23120,هيا تفظلوا
23144,الثوره العربیه ام ثوره ترکیه لاحقاق آمال اردوغان العثمانی؟!
23156,اتسائل هل هو زواج شرعي ام زواج متعة؟
23159,يعني زواج المتعه بس تكاليف هاالزواج لويهبوها لفقراه القوم لاكان افضل
23166,حسينيه ام مسجد ؟؟؟؟؟
23191,رد موفق بارك الله فيك و اعتذر منك لأني أخترت أشارة عدم الرضا على تعليقك بالخطأ.
23200,ممكن احد يفسر الكلام؟
23204,هذه هي ثورتكم يا سوريين فهنيئاً لكم تخريب بيتكم بأيديكم!
23228,يجب أن يكون عنوان الصورة في الأعلى ( قوات عراقية أثناء قصف سابق لمنازل المدنيين والمستشفيات في الفلوجة ) .
23241,لولا أخبرتنا يا إلياس ما هو التحضر و ما هو التخلف بمقياس الله مادمت تقر أن حكمة الله تقتضي أن ينتصر التحضر. لأن العموميات لا تغني و لا تقني.
23244,"اللهم انصر عبادك المجاهدين , و أهلك المنافقين قبل الكافرين .
اللهم ارزقنا  الخلافة"
23245,متحظر بس ورى الكيبورد
23249,أمريكا تخاف أن يأتي الإرهابيون اليها من سوريا، تفضل بقائهم في سوريا و لا مشكلة أن يفعلوا ما يشاؤون هناك. لا للإرهاب في أمريكا نعم في سوريا.
23252,"هم أصلا متحدون لكن ضد الدولة الاسلامية , ضد روسيا الأمر صعب لان داعميهم من الدول العربية و الغربية تؤيد هذا التدخل"
23254,لا تخاف كله بوقته حلو - إذا مستعجل خود تكسي
23258,ماذا تخسر النصرة لو توحدت مع دولة تحت قائدها الكرار  إبراهيم؟
23285,الله اوطن املك اللهم كثير حسدانا
23286,رأيت الصورة فظننتها لمشمعة من مدام تيسود في لندن لكن لا أذكر وجود هكذا مشمعة! الحقيقة أني لم أزر المشمعة لسنوات.
23291,الى جهنم وبئس المصير هو سبب تأخر العرب وأنحطاط الأفكار الى درجه أنعدام ألانسانه. مش كان أفضل له لو أخترع شئ يفيد ألعرب والمسلمين بدل ان يجعل العالم يكرهون ديننا وعروبتنا
23295,قرار سليم مئة بالمئة و سؤالي للاخوة ...هل ابن تيمية موكل من الله و هل هو يمثل الاسلام ..؟؟  أم هو بشر أعطى فكر معين و هو يصيب و يخطئ..؟؟
23312,مع احترامي للكاتب وبني اعتقد ان خيالة واسع جدا  و يركز على مصر فقط . وزير خارجية فرنسا زار طهران  ووزيرة خارجية الاتحاد الأوربي وايضا زار جواد ظريف الكويت وقطر  ، هل قطر و الكويت ايضا الى طهران در؟
23316,"غير مكلف أنذر ؛ وعظ وأوصى 
مـــــات عطشــــــــا ٠"
23320,اخ عوض،نعم السكر البني افضل بكثير من الأبيض،ولكن ان اردت نصيحتي جرب السكر الأخضر،وإذا صار لك شيئ الله يعوض عليك.
23326,وكالة أعماق ذكرت أن القتلى قرابة 100 في التفجيرات والهجمات التي ضربت ديالي المحتلة .
23338,هذه عقلية عربية ....؟
23339,أسأل الله العلي القدير أن يذل الطغاة على أيدي عباده الصالحين.
23351,نعم والله دا الي اتعرض وما خفي كان اعظم
23353,"مواقف قطر دائماً مشرفه
رعاها الله ورعى تميمها"
23366,(يَوْمَ نَقُولُ لِجَهَنَّمَ هَلِ امْتَلَأْتِ وَتَقُولُ هَلْ مِن مَّزِيدٍ)
23367,"لا اعتقد انه يلجمها , هناك نشاط مضاعف بعد الافطار"
23368,بالعكس بل تصل ذروتها ويبلغ شدته
23369,عند الصيام يتخلص الجسم من السموم التي تعكر انتصابه
23371,المقصود بالمباشرة التماس البشرتين عند التقبيل وليس الجماع ﻻنو يبطل الصيام
23373,قال تعالى ولا يجرمنكم شنئان قوم على قوم ألا تعدلوا اعدلوا هو أقرب للتقوى
23377,الزلازل تحدث لأسباب طبيعية لا علاقة لها بالخرافات... من يوحى لمن و هل الأرض كائن حي حتى يوحى اليه.. الطبقات التكوتونية تتحرك و تحدث الزلازل
23381,"الحمد لله,ونشكره!!"
23382,بسم الله الرحمن الرحيم ربك لبرمرصاد والله عزيز ذو انتقام صدق الله العظيم اللهم اجعل كيدهم في نحرهم
23383,أمن هذا الذي هو جند لكم ينصركم من دون الرحمن إن الكافرون ألا في غرور
23391,لايواجد
23392,أبشر...ما بين ثلاثة و خمسة مطارة من الشاي يومياً.
23403,الله اکبر ولله الحمد عقبال...
23416,رحم الله موتى المسلمين . لو أن الجميع يتذكر أن الموت هو الحقيقة الوحيدة التي يتفق عليها كل البشر . وإنها نهاية كل شيء لكانت تصرفاتنا محسوبة أكثر وحالنا غير هذا
23417,الى جهنم وبئس المصير بإذن الله
23419,اللهم قلل الملوك والامراء في بلادنا وأبدلهم بمن يخشاك
23420,و سیعلم الذین ظلموا ای منقلب ینقلبون.
23422,الی جهنم و بئس المصیر...
23423,الحمد لله، يُمهل ولا يهمل. الحمد لله.
23427,"من هنا يبدأ الحساب فلذلك اليوم تعمل يا ابنى أدم. 
وكم من فقير مات جائعا وغيره بطران."
23429,قل الحمد لله وكفاك عزف.
23431,٤٠ عاما وزير للخارجية.  كم رئيس أمريكي و كم وزير خارجية حل و ذهب؟ لماذا حب المناصب جم في عالمنا.
23433,الله يرحم و يغفر لكل مسلم ساند الشعب السوري و شعب غزة و وقف مع محمد مرسي و كل المستضعفين في الأرض .
23438,هل الرأي الأخر ممنوع أنا أترحم على كل المسلمين المجاهدين الذين أستشهدوا نتيجة سياسته في رابع العدوية والعراق وسورية وووو من حقنا الترحم على غيره نحن نترحم فقط
23439,الحمد لله رب العالمين
23457,((وقد مكروا مكرهم وعند الله مكرهم وإن كان مكرهم لتزول منه الجبال)). والله لن تستطيعوا أن تؤخروا أمر الله قيد أنملة.
23464,كلام الاستاذ ابو مازن صحيح يجب على كل السلع الدخول بالطرق الصحيحه اما الانفاق تحت الارض فتستغل للاعمال الارهابيه ويجب ان تغلق تلك الانفاق بأي طريقه كانت
23476,وهل بعد الكفر ذنب؟
23486,الدولار لا يساوي ٣ شيكل كما ذكر في الأعلى بل قارب ال٤ وشكرا.
23496,"لا يتسع حضن آمرأة وقلبها لأكثر من رجل وتريد أن تضم جبلا ٠
المعابد لا تقصف والصلوات والرضع لا تشوش ٠"
23501,الحمير كلُها وحشية أم أهلية  والبغال  والحصان والفرس كُلُّها ذات حافر  زذوات الحافر حرام شرعاً ة لاتقةلي  صحّية أو غير صحّية فهي حرام أصلاً
23516,مِنَ الْمُؤْمِنِينَ رِجَالٌ صَدَقُوا مَا عَاهَدُوا اللَّهَ عَلَيْهِ ۖ فَمِنْهُمْ مَنْ قَضَىٰ نَحْبَهُ وَمِنْهُمْ مَنْ يَنْتَظِرُ ۖ وَمَا بَدَّلُوا تَبْدِيلًا
23517,ذوقوا طعم الحرية والعدالة و الديمقراطية الامريكية يا شعب العراق ! هنيئا لكم .
23518,هذه الطفرات الجينية التي تروجون على أنها بتأثير اشعاعي يراها العرب كرامات ربانية خص بها العرب عن غيرهم من اﻻمم
23532,الحظارم سبل
23553,غني غناءه غني عن كل تعريف
23562,الله مولانا ولا مولى لكم.
23565,"الظائرات الوحيدة التي لا تصيب النساء والأطفال هي طائرات ""عاصفة الحزم""!!"
23590,"في كل الحروب بين اليمن وجارها (الشريف ابو مسمار,آل عايض,آل سعود) كانوا هؤلاءينتصرون في السهول وينهزمون في الجبال.برم انهم يملكون زمام المبادره باصرار وترصد(يعني يعتدون)."
23592,الله ينصر الجيش العربي السوري   والمقاومون
23594,ايي لا يا ههههههههههههههههههههههههههههه
23608,بسم الله الرحمن الرحيم ولقدأهلكنا أشياعكم فهل من مدكروكل شيئ فعلوه فى الزبر وكل صغيروكبير مستطر إن المتقين في جنات ونهر في مقعد صدق عند ملك مقتدر
23609,السيسى هبه الله الجديده لمصر ولشعب مصر واخرين
23627,إرحل.
23636,ليس في هؤلاء صادق  في معارضته الا الاستاذ المالح.ولو يخرج من بينهم اشرف له.
23650,يجب ان يسمح لقناة الجزيرة ان تتجول في الشارع المصري وتنقل لنا الحقائق من هناك. لقد كانت قناة الجزيرة في حكم مرسي حاضرة في كل مكان..
23662,انشالله ييجيه الدور
23686,الله يسهل للحجاح و المعتمرين و زوار بيت الله الحرام السفر اليه و الاقامة فيه و يديم عليهم الصحة و العافية و السعادة و الطمأنينة و يديم على عائلاتهم الخير و المحبة أطال الله أعماركم و شفاكم و عافاكم
23699,اللهم احمي ال بيت محمد وشيعة ال بيت محمد في القطيف واحفظهم بحفظك من كل شر يالله ياكريم بجاه نبيك المعظم ص
23702,مادام هناك اسلام بنيجيريا فبوكو حرام باقية.
23703,ليس العيب في بوكو حرام واخواتها. انما العيب في الثقافة لتي تنتج مثل هذه الجماعات الارهابية.
23710,أسطول الحرية٣
23723,لا داعي للهمزة على الالف في ال التعريف
23726,المرابطون تتواجد في اقليم ازواد وفي مورتانيا ولا اظن لم تواجد في ليبيا
23728,ايران تدعم جميع من لايقبل بالحكم القبلي في الخليج.
23735,‫#‏تصحيح_أوضاع_السوريين_يا_سلمان_الخير‬
23736,السلام عليكم
23744,أنا برأي كول….
23755,وانا يا الجزيرة نت وين تعليقي
23761,اسمها نظارة شمسية لأنها تلبس في الاماكن المشمسة !
23767,مجبدين
23769,اللهم زِد وبارك
23776,حب ايران للأهل السنة و للعرب واضح جدا.  لو احتل شارون سوريا، لما قتل شارون كل هؤلاء مثل حسن نصر و خامئني و تلك الشرذمة من شرار الخلائق.  فى حال رفع العقوبات عن ايران ستنزل ايران المذابح تلو المذابح.
23780,قتل مجموعه من  ميليشيا الحوثي وأصيب ثلاثة آخرين، في هجوم نفذته المقاومة الشعبية بمحافظة ذمار على نقطة للحوثيين....
23788,رولا ابراهيم منوره. اليوم توي اعيد بعد ماشفتها . بس صراحه ..قلبك صخر جلمود ماحن عليه .. ليه تتصلين على الصبيحي ولا تتصلي عليه اعطيني رنه وقفلي وانا اكلمك الصبيحي ماعنده شبكه  ههههههههههههه
23792,"الحمد لله الذى أشفى صدور المؤمنين و أظهر الحق....
تحيا مصر...
عاش جيش مصر العظيم..."
23801,اغنية جديدة من المطرب امريكا الذي بدوره يشكر المشجعين على حسن المتابعة وشكرا
23804,حيالله الدوله الاسلاميه دوله الحق والعداله دوله الجهاد والمقاومه باقيه وتمتد.
23811,ومن اراد ان يتأكد من جنسية المراجع الاربعه المذكورين بالخبر ان يذهب الى ويكيبيديا ويقرأ اماكن الولاده والجنسيات
23813,"أيضا أعتقال العشرات من السلفين في غزة , و ضرب أهليهم (نساء و اطفال ) و منعهم من الإعتصام امام منزل هنية ..."
23814,والاوطبيس والميترو ايضا للشغالين بالمنزل وللمظيفات
23816,هادو مقودين
23818,"شهد شاهد من اهله!!! تبحث في غوغل ""هيلاري كلينتون تعترف أنهم من أنشأ تنظيم القاعدة"""
23825,ماهو الفرق بين البشير والمالكي ومحمد بن نايف وبشار والسيسي ؟
23843,أين الإدانة السعودية و الوزن السياسي الحاضر ببعض المواطن و إلغاءه عند اللزوم؟. سبحان ربي العظيم
23857,"طيب روسيا دمرت اثار كبيرة في ادلب

ليه نا نشرتو الخبر

تتقصدون طرف دون اخر"
23859,وَمَا آتَاكُمُ الرَّسُولُ فَخُذُوهُ وَمَا نَهَاكُمْ عَنْهُ فَانتَهُوا .قَالَ رَسُولُ الله صلى الله عليه وسلم: «إذَا بُويِعَ لِخَلِيفَتَيْنِ، فَاقْتُلُوا الآخَرَ مِنْهُمَا». أخرجه مسلم
23860,لعله تاب إلى الله، أو سرق وهو مضطر آنذاك،
23906,وَجَاءَتْ سَكْرَةُ الْمَوْتِ بِالْحَقِّ ۖ ذَٰلِكَ مَا كُنتَ مِنْهُ تَحِيدُ
23916,أخبار من بغداد تؤكد أن مسلحين  أطلقوا النار على أحمد الجلبي واردوه قتيلا بيته ولا صحة لموضوع السكتة القلبية
23919,أعرف جيدا تعليقات النمر الوردي هذا ليس النمر الوردي الحقيقي النمر الوردي لم يكن يوما ضد الدولة الإسلامية هذا السيد سرق الإسم فقط
23937,تكاثروا . لان الرسول سوف يفتخر بيكم يوم القيامه . فاكرين هذه العباره . فكروا .
23946,لم يتبقى لجنود الخلافة سوى 3كلم فقط عن العاصمة دمشق  ولله الحمد والمنة
23947,مرحباً بآلاف الإيرنيين إلى اللاذقية، في طريقهم إلى الصناديق ثم إلى الحُفَر
23948,كماهجروا وذبحوا االسوريين وبالمثل
23951,للتوضيح الصورة لقلعة بعلبك لبنان
23953,اسواء ما يمكن ان تفعله هو اهانة انسان. لا تُهين او تستحقر اى انسان فانت لا تعرف ما يمكن فعله
23954,سؤال  لماذا يتجاهل العربان تفسير النبي صلى الله عليه وسلم لأية : (وإن تتولوا يستبدل قوما غيركم ثم لا يكونوا أمثالكم) لماذا يتجاهل العربان وعد الله وحكمه وبشرى رسوله
23959,وزي العدل يتخطيط يميناً و يساراً.
23967,أٌغتيل بن بركة في فرنسا بإيعازِ من الحسن الثَّاني وهُرِّبَ مُقطَّعا إربًا إربًا إلى المغرب في صهريج مملوء بالحمض
23982,نطلب نداء من أمريكا ان تقوم بحمايتنا
23983,نطلب نداء من السيسي ان يحمي ظهران من الحوثيين
23987,الطيبة مش الطيرة
23994,صنيفره هذا الصباح
23998,بحاجة للموساد
24002,والله على راسى يا أبو العبد
24003,يستحيل يكون الأب الحقيقي :)
24005,"عيب عيب التشكيك في الاعراض معيب ومخزي ومعكر للخبر ولصورة الاسرة الكادحة القروية الشريفة
عيب"
24007,والله حلال عليه والله يبارك فيه    أحسن مايستعين بصديق
24009,السعودية تصد بنجاح محاولات حوثية و للاجئين سوريين من لاختراق حدودها
24011,يثبت قتله الاطفال ان ليس لديهم قبايل يمنيه يناهقون في نجران منذ اكثر من 30 سنه.وهم يدفعون للانتحار في مارب مقابل السعوده؟
24014,"بعد ان ينتهي السعوديون من ""تحرير"" صنعاء سينشغلون لسنوات طويلة في صد محاولات الخوثيين لاختراق الحدود."
24021,كلما وقع حدث في السعودية تذكرت محمد مرسي فك الله أسره.
24038,ان ربك لبالمرصاد
24040,بالطبع فليس ذلك هو النموذج للمسلمين ذلك التنظيم الذى يدعىدولة اسلامية
24041,رحمة ألله عليه وعلى كل ألشرفاء.
24045,محمود عباس وافق على نقل المباراة إلى ملعب محايد إثر اتصال من ولي ولي العهد السعودي بحسب أحد المواقع الإخبارية السعودية الشهيرة
24050,دبابة جميلة جدا
24056,مادام تم تصويب العنوان فلم يعد لتعليقي الاول معنى لدلك ارجو عدم نشره .
24062,"""وحذر الملك السعودي في كلمته من توظيف الطائفية لتحقيق الأطماع السياسية""!!!!"
24064,يوم 2015:5:10 هو يوم هدف جديد لعاصفة الحزم..كيف يكون الاعتداء على بلد في المنطقة هو لحماية امن المنطقة؟وذلك من خلال النظر الى تبعيات هذا العدوان الذي سيكون سببا في عدم استقرار الامن في المنطقة
24065,نعم كان اليمن يريد تسليح المعارضة السعودية ودعمهم كما تفعل السعودية في الدول العربية الاخرى مثل العراق وسورية وليبيا ومصر وتونس ..الخ
24068,بالتوفيق لروسيا في دحر الإرهاب
24088,أسمها الحقيقية حنان أبو الفتنة
24097,لقد هزُلت!
24108,وهل من استنفار من موسكو والكرملين له طعم مثل طعم الكرامله  !!؟؟
24116,"اذا كان قد طلب ان يدفن في مدافن المسلمين وان يقرأ القران في عزائه , لماذا لم يسلم ؟؟ وبما انه ليس مسلما فلايجوز ذلك !"
24118,ايران تاج على رأسكم! :)
24125,هذه بضاعتكم رُدّت اليكم .
24129,السبب بسيط..و هو ان الرجل دائما يلبس ملابس تغطي كل جسده اما النساء - حيث تمت هذه الدراسة- فياتين العمل نصف عاريات فم الطببعي ان يشعرن بالبرد.. و لا دخل للايض و البيض في الموضوع.. انشروا يا جزيرة
24131,لأنه المرأة لايعجبها شيئ ولايرضيها شيئ، بس هوايتها المشاكل والنكد، مش كيف الراجل .. بايع الدنيا وصارف فلوس بايعها، وفى الهوا سوا
24132,لما انتم تحطون صور للغربيين للمواظيع وليس لصوركم هوالسؤال
24134,جئت هنا لأقول ، المرأة المسلة  مكانها في البيت، و على الدولة أن تدفع لها أجرة  لا تقل على 400 دولار شهريا.
24135,ﻻنها تنشغل عن العواطف والحب والحنان بأمور اخرى تخص العمل
24136,"انها تحت محافظه لحج تماما ,ولكنها صغيره تأملها وسوف تلقاها"
24139,الاهم تقبل
24140,ما دلالة ذاك النصب الهرمي الموجود على جبل عرفة!!؟؟...
24156,"قال الله تعالى "" كمثل الحمار يحمل اسفارا"" صدق الله العظيم"
24176,طب و بعدين ؟؟؟؟ اي شخص عنده اجابه لي ؟
24184,صفر
24194,من اين لك هذه المعلومات الخطيرة؟!؟
24198,الشباب التونسي مجاهد و ليس متطرف و المسؤول هو محمد صلى الله عليه و سلم
24213,(( وَيَشْفِ صُدُور قَوْم مُؤْمِنِينَ )) الحمدلله رب العالمين..اللهم لك الحمد والشكر.
24214,الله اكبر ، الله اكبر ، الله اكبر ، الله اكبر ولله الحمد....
24220,دولتنا حفضها الله  دائما تفي بوعودها
24243,الله لا يرده
24248,انا لله وانا اليه راجعون.  فقدنا كثيرين.
24250,{فَفِرُّوا إِلَى اللَّهِ إِنِّي لَكُم مِّنْهُ نَذِيرٌ مُّبِينٌ }الذاريات50
24253,الدواعش الاكثر حكمة واخلاص
24262,ايران واتابعها زورت التاريخ والقران كمان يعني مستغربين عليهم برقيات ويكيليكس
24264,اسمها جامعة وينغز .. من وين جبتو انو اسمها جامعتنا ؟؟؟!!!
24265,تم شرائها حديث قبل 6 اشهر وكانت للجيش السعودي لكن تم تغيير وجهتها واصبحت لليمن وهي من ظمن صفقته 700 دبابه
24270,"السؤال الذي يطرح نفسه: 
من أعطاهم رقم الغرفة
الجواب: 
عباس يا حبيبي. عفوا التنسيق يا حبيبي"
24290,لا تسأل عن عشق الفيانقه للحريه.ولو تهيأ لابويمن وسيله لكان يغني في اوربا واستراليا (يا احبه رباصنعا سقى الله صنعا).الحياه مش بعزقه والوطن الكرامه وليس وثن يعبد.
24291,الثورة مستمرة
24294,الشعب المصري لا يستحق مرسي.
24295,"وتابع أوباما ""لا يتعلق الأمر بدرجة تطورهم أو بالأسلحة التي يمتلكونها لكنه يتعلق بالعقيدة التي يتبنونها وباستعدادهم للموت"""
24302,أحب اشيد بمواقف سمو الشيخ أمير قطر مواقف مشرفة وعظيمة وسياسة واضحه تحية يا أميرنا ونقول لـ كل عدو لقطر أميرنا ماتـغـلبـوة
24310,و ماذا عن أفراد الجيش المصري الذين يفقدون حياتهم بسبب التساهل بدخول الإرهابيين. يجب دراسة الحالات الإنسانية بدون إعطاء فرصة لمن يرغبون بزعزعة استقرار مصر
24319,تكالب الغرب الروس ويرا والعرب  والعجم والفرس  والاشورين على قتال الدوله الاسلاميه  لانها على صواب
24323,هناك خطأ فادح في الخارطه الصوره تظهر المهره اكبر من حضرموت بينما الحقيقه ان المهره جزء من حضرموت وليست اكبر مساحةوالمكلا لاتقع في المهره هي عاصمة حضرموت
24333,إلى بولونيوم : أوكيف الإسلام .. صباح عيد الإضحى ؟!
24342,"لله دركم يا أسود الدولةالإسلامية. أقول لكم ماقالت خديجة للنبي المصطفى:"" والله لن يخزيكم الله"" فقد أبليتم بلاءً حسنا"
24345,"أظن أن الدولة الإسلامية تقاتل معها ملائكة الله تعالى
والله أعلم"
24349,القنبلة ستكون تنازلات أكثر من الفلسطينيين المنبطحين (وليس الشرفاء) لليهود وبيع ما تبقى من فلسطين والموافقة على تهجير عرب الضفة وغزة والجلبل والنقب وغيرهم ليكمل ما باعه سلفه عرفات
24362,الحقيقة هذا هو محافظ النجف وليس القنصل وبقية المسؤولين عن المحافظات العراقية الشيعية هم ايرانيون وليسوا عراقيون
24363,يتعلمون منكم ومن انتخاباتكم ،وين  قولك اخجل اقول كردي؟ مبروك القائد الضرورة لكردستان!
24371,العرب يقاتلون مع الدولة الاسلامية !! صباح الخير !!!
24372,شلون يكون المجوسي شهيد ؟؟ ممكن التوضيح يعني؟؟
24393,أتمنى للمغرب أن يسترجع قطعة أرضه( الجزائر) إلى سلطته
24396,ربنا يزيد، ربنا يبارك
24398,"الشي الذي يجب ان تعرفة قناة الجزيرة انه يوم لك ويوم عليك وانتبهوا من عواقب الايام  

  حفظ الله قطر واهلها من المتربصين في اوكار ارضها"
24403,الله اكبر والعزة لله  اللهم انصرك الذي وعدت
24414,"يمقن نعم,ويمقن لا,ويمقن لعم."
24415,السيسي بيعزك كثيرا ويبحث عنك في كل العالم فما هو السر ياسيد احمد
24416,كان المفروض محاكمته بتهمة الارهاب وتسويق الفكر التكفيري يكفي تسويقه للقاعدة في سوريا في برامجه لايداعه في جواتانمو . للأسف الغرب سذج وأنخدع بالمظهر الليبرالي للجزيرة
24419,"((ما يزال أمام المركبة 97 مليون كيلومتر -وهي مسافة تعادل 32 مرة مثل المسافة بين الأرض والشمس))

هذه المعلومة خطأ، لأن المسافة بين الأرض والشمس هي: 149,600,000 كم
نرجو التكرم بتصحيح المعلومة"
24420,عفوا معكحق فلقد شبهته بكويكب اوروبا ومعك حق
24427,دولةإسلامية وباعتراف الغرب انها أكبر مساحه من بريطانيا .
24433,يا رب عجل هذا اليوم لنرى بطولة ثالث أقوى جيش عربي.
24448,خطآن طباعيان (الصم المفاجئ) صوابه الصمم المفاجئ، و(التاينانية) صوابه التايوانية. وشكرا على ترجمة الخبر المهم جدا
24452,"اذالم تستح ""فقل ماشئت"""
24453,ههههههههههههههههههههههههههه يا راجل عيب قول كلام غير ده
24456,"الذي قرع طبول الحرب في سبتمبر/أيلول 2001"". وليس 2011"
24457,"تصحيح: الطائرة في الصورة هي طائرة ""فطرس"" و ليس ""شاهد 129""، و ""فطرس"" أكبر من ""شاهد 129""، على كبر حجم الأخيرة."
24458,طائرة بدون طيار من طراز فطرس
24461,نتأكد انكم لن تنشروا التعليق الخاص يى
24464,"الحمد لله أولا وأخير على هذا النصر باسم الإسلام
""ويومئذ يفرح المؤمنون بنصرالله""
هكذ شرفنا ويشرفنا الاتراك المسلمون بالاستقرار والديموقراطية في ظل الاسلام دين الحق والعدل والعلم"
24467,لَوْ أَنفَقْتَ مَا فِي الْأَرْضِ جَمِيعًا مَّا أَلَّفْتَ بَيْنَ قُلُوبِهِمْ وَلَٰكِنَّ اللَّهَ أَلَّفَ بَيْنَهُمْ ۚ
24468,كُلُّ إناءٍ ينضحُ بما فيه!
24472,ركاكة فكر و لغة.
24487,تعرفوا انتم عايزين ايه فتح دماغكم علشان نستريح من هذا التهريج
24489,يا أستاذه دعاء عبد اللطيف ، الموضوع اصبح ماضي و قديم و قتل بحث و انتقاد ، قدح و مدح ،  بالبلدي شوفي موضوع جديد !
24490,٢١٠ باب وليس أبواب. هذا خطأ لغوي.
24491,الجزيرة باب العربية
24492,البيت هو بيت الله ولكن اسم الباب على اسم خادم البيت ! عجبي .
24497,يجب على الجميع التعاون للقضاء على الصحوات الامريكية
24506,يامرحبا بطالبان اهلا بالابطال قاده و جنود أماره افغانستان الاسلاميه
24508,لماذا تعليقي لم ينشر ؟
24517,مع رؤية عدد التعليقات المؤيدة لداعش في قناة و مواقع الجزيرة فان السيد فلوريان معه حق ، و اتمنى له التوفيق و ربح الدعوى لأنه لم يقل سوى الحقيقة
24518,الرجل لم يقل ألا الصدق ... لماذا الهلع و رفع القضايا فهذا لن يغير من الواقع فى شء .
24521,اينما كنت تقيم اتمنى ان تاتيك الخلافة واميرهاابراهيم عواد  فهذا خير لن نحرمك منه فاللهم قربها منه.
24525,""" ولغوا بدماء الأبرياء وسرقوا وطنا فليس غريبا عليهم سرقة مقال"" صدقت هذه المرأة... ليس بعد الكفر ذنب..... رحم الله سيد كلماته رصاص حي يصيبهم في مقتل."
24534,الرقم يعجبني وانا فرحان وادعوا الله النصر
24535,الحمد لله حمدا كثيرا له الفضل كله .
24536,الله أكبر ولله الحمد.. ما هذا يا دولة الإسلام!! يا الله أفرح قلوب المسلمين بانتصار دولتك وتمدد خلافتك وانهزام أعدائك.
24537,النار مأواهم وبئس المصير
24540,الله اكبر، رجال الدولة صالوا صولة الاُسدِ. الحق يعلوا ولا يُعلى عليه.
24544,الله اكبر ولله الحمد . الى الامام ايها المجاهدون الابطال .
24546,ايها الفرس لا تواجهوا العرب خاصه السنه  لان كل من يواجههم يسحق ويدمر اقتصاده ويهزم شر هزيم.العرب اسود المعارك البريه.
24552,الله اكبر ولله الحمد
24558,العنوان يقول  حاكم دولة قطر يستقبله نائب مدينة ابو ظبي وكاني ارى ان هناك ما يغص بالقلب ومن عتبي ربنا يحميك يا امير الرجال والاخلاق.
24566,اذا اردت ان تطرد النمل من منزلك فعليك البحث عن مكان خروجه فاذا وجدته قمت بمحوه وابادته وهكذا ساعات من الزمن ويختفي النمل الى الابد من منزلك
24568,اسمها مولنبيك وليس مولينيك.... هذا حي المغاربة في بلجيكا حيث تكثر فيه السرقة وتجارة المخدرات.
24580,"من الاحاديث المنسوبة لرسول الله: ""يَكُونُ عَلَيْكُمْ أُمَرَاءُ هُمْ شَرٌّ عِنْدَ اللَّهِ مِنَ الْمَجُوسِ""(المعجم الصغير للطبراني)!"
24588,والآن علمائنا الكرام سيناقشون هل هذا الماء حلال ام حرام الوضوء به
24589,"مقارنة التفاح مع الكمثرى

أبحاث الفضاء له علاقة مع السماء السابعة شيئا، فإنه قد يكون من سبعة الأكوان ونحن ما زلنا لم تكتشف هذا الأمر، والشيطان الذي يعرف بالضبط أين هو"
24602,التعاون الأمني والاقتصادي ضروري ببن الدولتين الجارتين اسرائيل والأردن  وخاصة ان التعاون الاقتصادي القوي بين الجارتين انعكس أجابا على الأوضاع الاقتصادية في كلا البلديين
24614,نحن العرب في طريقنا لتخلص من هذا الرس الصفوي، و علينا إسناد الأقليات في بلاد الفرس بكل مايتاح لنا من خبرة حربية و قوى بشرية لبناء كيانهم الحر للعيش في شرف و كرامه. و نحن لهذا الهدف جاهزون.
24619,تعرف ما هى اكبر مصلحة امريكا هى صناعة الاسلحة ولاكبر ماكينيةحربية وببترول المنطقة تحوله لاسلحةلنتقاتل نحن العرب  تحت حكم عملاء وجائت الثورة والحمد لله
24649,يقولون العربي ما يموت من الحر جيناته وبنيته الجسمانية متعودة على الحر .. نفس الشيءالروس والاسكيمو وسكان المناطق الباردة ما يموتون من البرد الشديد بل يسبحون في الانهر في عز الشتاء وتساقط الثلوج
24655,فيديو ناقص مشفناش غير خيوط عجين
24659,العنوان في واد و الفيديو المرفق بواد آخر. العنوان يتحدث عن غارات جوية روسية على أوكار الإرهابيين و الفيديو لمجموعة إرهابية تستهدف مراكب عسكرية و مدنية بصواريخ محمولة
24673,احسن لو تنفصل
24675,يرجى إعادة صياغة المقال و الله ما فهمنا شي
24689,إسألوا الولي الفقيه وقاسم سليماني أهل يعيرون أي اهتمام لأبو تفليقه أو أحد من الحكام العرب !!!
24700,لا تعليق
24712,سيبكم من مصر...تركيا تجري الان محادثات مع إسرائيل بشأن اتفاق مصالحة بين الحليفين السابقين في أعقاب الاقتحام الإسرائيلي الذي تسبب في ضحايا، لسفينة مساعدات تركية كانت متوجهة إلى غزة.
24722,وأين تعليقات المؤيدين يا جزيره الرأي والرأي الأخر
24730,نعم انه من افضل الممثليز كان يعمل السبعه وذمتها
24732,"أنا عم بلاحظ نجم الملائكة العملاق ""عزرائيل"" بخيم بظلاله في ربوع الدول العربية في شهر رمضان من كل عام و بالتحديد في العشر الأواخر من رمضان يا رب نسألك حسن الخاتمة ."
24764,علي المسلماني انت مذيع مميز تقبل احترامي وتقديري مسفر سعد الشمراني
24777,كنت اتمنى ان لا ترد فالعربي والجامعة لا يساوون  المداد الذي يكتب في الرد عليهم !
24781,يابابشمهندس فعلا اصبحت لوكي
24786,حكيم؟؟! لو ما كنت حكيم كنت كتبت ايه؟؟؟
24791,الاية الكريمة هي (وَلَيَنْصُرَنَّ اللَّهُ مَنْ يَنْصُرُهُ إِنَّ اللَّهَ لَقَوِيٌّ عَزِيزٌ)
24807,اللهم انصرك الذي وعدت
24809,تل ..........ولا تدفع بدل ؟؟
24810,بغداد ضاعت ثم بيروت ثم صنعاء ثم دمشق ثم ...... المنامة والرياض والكويت والدوحةوأبوظبي .... ثم نطالب ونشجب وننتظر ضوء أمريكا الأخضر لتسليح الجيش الحر الذي لن يأتي أبدا
24813,"اللهم انصر املنا الوحيد الدولة الاسلامية 
التي وجدناها اشرف واصدق جهة تهتم بامور المسلمين في كل مكان"
24819,الدولة الاسلامية مسلمون سنة لا نستطيع  تكفير المسلم لانه مجاهد اما الرجم والسبي وما ملكة اليمين وقطع الأعضاء مذكور في القران لم يأتوا بشيء من خارج القران
24823,"مستشارة المانية منذ ٩ سنين ""٢٠٠٥""."
24828,هي مصت بي كدانق، لابد انه يمزح.
24834,شو  بالنسسبة لبروناي؟
24848,للأسف البداية غير سارة.
24849,نرجوا على الجزيره ان تخدم الحقيقه من اي مكان وفي اي زمان بغض النظر عن اي شيء اخر او مبرر وهاذا افضل شعار للجزيره افضل من اي اضافات او انشاءات جديده او غيره نحن نريد مزيد من المصداقيه
24854,لبيييييك!
24865,مقتل قائد لقوات الباذنجان الإيرانية بسوريا
24866,بلهجتنا هنا:  إييياه = خبر مفرح و هي كلمة تخرج من الفؤاد كانك تتنهد.
24870,انا لله وانا اليه راجعون،انشالله مثواه الجنه!ولا تحسبن الذين قتلوا في سبيل الله أموات بل احياء عند ربهم يرزقون!
24874,روسيا تضرب داعش و النصرة (القاعدة) و لكن إذا كانت المعارضة المعتدلة تحارب بنفس الخندق مع النصرة فلا لوم على الضربات الروسية .الطيور على أشكالها تقع .
24877,و لكن العرب اختاروا خيار السلام مع العدو الاسرائيلي و هم منذ ذلك الحين في وضع صحي متدهور!.
24892,كلام موضوعي وسليم
24901,يا جزيرة لماذا لم تنشر تعليقاتى رغم انها لاتوجد فيها اى إساءة ؟
24902,ما الفرق فما يدعى بالحدود، زائفة !
24909,حذّرنا أوردغان من العبث ولكن لم يسمع النّصيحة.
24919,قتلى المعارضة و النصرة بالمئات...فيديو يقشعر البدن من مشاهدته.لا حولة و لا قوة إلا بالله.
24931,مَّا أَشْهَدتُّهُمْ خَلْقَ السَّمَاوَاتِ وَالْأَرْضِ وَلَا خَلْقَ أَنفُسِهِمْ وَمَا كُنتُ مُتَّخِذَ الْمُضِلِّينَ عَضُدًا   الكهف (51)
24948,نام نام.
24950,مالك في إنتظاركم.
24952,مالك في إنتظاركم بعون الله
24953,ألحمد لله
24954,وما ظلمناهم ولكن كان انفسهم يظلمون
24963,الله ینصرکم یا اسود الشیعه علی اعداء الله.
24966,السي ابي عاصي منوره البنت هذي تسحر كل تقي وزاهد وعاصي . سحرتيني ما احلاكي شو مهضومه هههه بالبناني احلو  يامهضومه ههههههههههههههههههههههههه
24994,فلقد قال بلير ان ارادوا المسلمون خلاف ستبنيه لنا بريطانيا
25000,"اقتباس ""الخلاف التاريخي العميق بين ""الحيدرية"" التي ينتمي إليها الرئيس وعائلته و""الكلازية"" ذات الأغلبية من العلويين""
تصحيح : بشار الأسد ينتمي الى المذهب الكلازي و ليس الحيدري ."
25004,وله حجة
25006,أمر لم يعد بيد كيري وبلاده ولا الحكام الأعراب إنما هو بيد الشارع العربي المسلم الموحد وأبطاله وأمهات اللوات يدفعن فلذات أكبادهن الى الجهاد في سبيل اعلاء كلمة الله رضي الله عنهم أجمعين
25007,افهموا الدرس صح ما راح اعيد لكم الشرح خلكم طلاب متابعين كل كلمه اقولها فاهمين شكلكم مش فاهمين اي شي مع السلامه انا رايح السعودية .
25015,وأكد المنجم الفرنسي فريدريك سالدمان أن ممارسة مهنة التنجيم أو قراءة الفناجين تطيل العمر عكس ممارسة  الطب أو علم النفس أو أي منهج علمي آخر
25018,شكرا جزيلا وتحية طيبة للقوات الخاصة الامريكية على تخليص العالم من الدواعش وامثالهم
25032,كويس
25050,هل يقصد جيشها ام جيوشها في المنطقه
25051,ايران باقيه وتتمدد واثبتت وجودها منذ طردت امريكا قبل 35 سنه.
25065,اين انت يا جيش الخلافة
25068,للتخلص من الكليسترول إشرب كل صباح ملعقة صغيرة من الكركم تذاب جيدا مع كوب من الماء أو العصير.
25078,ان الله يمهل ولا يهمل
25082,ان وكالات الاستخبارات الغربيه تعلم ان اسقاط الطاءره تم بتوكيل من مكتب الرءاسه المصريه فقد قامت بريطانيا بتسليم تقرير استخباري للروس وهو تنصت على اجهزه الاتصال لمكتب السيسي .
25083,شئت أم ابيت فمصر عربية بل مصر قلب العروبة النابض. حتى من يسمون أنفسهم أقباط ليس لديهم لغة غير العربية لأن المصري لا يسوى شيء بدون لغة القرآن
25084,ياخوفي لا تكون انت اللي عملتها يا عتريس.... قال بلدوزر قال
25134,"الجيوب فتحة الصدر وليس الراس والشعر-
الحجاب غير واجب شرعا."
25154,انت تلعن كل الشعوب الغير عربية ثم تقولون انكم غير عنصرين اما انا فلا اقول عن العرب غير الخير هل تعلم لماذا ؟ لأن قدوتنا محمد صلى الله عليه وسلم عربي اماانت فالعن من تشاء فالموعد يوم الحساب!
25161,أصبت .
25185,انا من الاردن مقيم بالسعوديه كل ذرة بارض الحرمين نفديها بروحنا وتحت امرك ياخادم الحرمين
25191,ههههههه كول والله
25198,صبرا ال ياسر فان موعدكم الجنة
25202,لله ما ضالمين باضالمين
25204,يا اخ سعد لاعليك فهذا مبلغهم من العلم
25209,كل فرد في تنظيم الدولة قائد .
25211,تتساءل ؟؟؟يعني تفكر !؟!؟!؟
25215,شركة عربية ومع ذلك الاسم أعجمي . الصناعات في الجزيرة العربية سيئة جدا حتى أن بعض الشركات لا تكتب المكونات في المنتج بل غاية ما تكتب صنع في السعودية !.
25222,جزاك الله عن الكورد خيرا.
25223,هل أحد من المسلمين تبنى قضية الايغور المسلمين للدفاع عنهم  ولو من قبل المحامين في رفع قضايا لامعنى لها .
25226,"استشهاد 11 من قوات الامن اليمني, باشتباكات مع مرتزقه وارهابيين اجانب  في محافظتي لحج وأبين، بينما قضى ثلاثة مدنيين وأصيب آخرون بينهم طفل بقصف للتحالف المعتدي  في عدن"
25249,والله عندى ثقة كبيرة بهزيمة الجمع ويولى الدبر .مع أسود الدولة الاسلامية الذين أعطو دروس فى الثقة بالله  والايمان والايثار وتوكل على الله .مادامو مع الله فالله ناصرهم
25253,(وما ظلمناهم ولكن كانوا انفسهم يظلمون)
25254,الله اكبر ظهر الحق وزهق الباظل
25258,عقدة بعض حكام العرب من  إيران بسبب تخويف العرب بها لبيع السلاح جعلهم يملوا داعش ووغيرها من المنظمات الارهابية
25263,"طيب با من تسمون أنفسكم علماء لماذا لا تذكروا لنا سلبيات تنظيم الدوله الاسلاميه كل اللي ذكرتموه شتائم لا اقل و لا اكثر 
 وماذا قدمتم لسنة العراق و سوريا و مصر  لاحول ولا قوة الا بالله اتقوا يوم الحساب"
25271,اشترى جاري جرو (كلب صغير) روضه و أطعمة و كبره و بعد أشهر قليلة قوي الكلب عليه و هاجمه .
25277,رأي محفوظ عند الجزيرة!
25296,هيه حطى الا اللى يعجبك
25306,لدي اعتقاد بان هذه الحروب والصراعات لن تنتهي وليس مطلوباً ان تنتهي قبل ان تحدث ما هو مطلوب منها فقد اتخذ قراراً بان تترك شعوب المنطقة تغلي حتى تتولد فيها ثقافة عامة مناسبة لتشكيل مجتمعات
25307,اليمن تحول الى ركام.  ايران تشيع و تجيش و تسلح الشيعة الزيدية على مدى أكثر من ١٥ عام.... أين كانت عاصفة الحزم ١٥ عام مضت؟
25317,أنت ذاهب للعراق .. أم لإيران ؟!
25320,بتستخدم اظافرك ازاى لتنظيف جسدك ؟؟
25321,اللهم انزل لعنتك على الظالمين ومن ايدهم وعاونهم وساندهم ورضي بظلمهم & اللهم أعز الإسلام والمسلمين، وأذل الشرك والمشركين، ودمر أعداءك أعداء الدين .
25325,هذه الضربة تؤكد تقاطع مصالح الشيعة والعلويين وروسيا واسرئيل. وهذه المصالح هي بالتأكيد ضد أبناء الأمة.
25328,نائب وزير الخارجية الايراني كان يعي ما يقول و لم يكن يقرأ الفنجان حين قال ان وقفاً لاطلاق النار سيبدأ خلال ساعات. العاصفة انتهت دون ان تقتلع شيئاً .
25331,واشارة ان الخطوة الثانية لقوات التحالف هي تحرير الاقصي وبيت المقدس من ابناء اليهود
25334,مبروك للحوثيين والجيش والشعب اليمني العزيز على الانتصار المدوي
25335,السلام عليكم.   ها هو المخطط الإيراني  السعودي ينجح بالعراق واليمن وقريبا سوريا.      وَيْل لهذه الامه مما هو ات.      كان الله في عون المسلمين
25337,حسب رأيه لم تؤدي لأ صابات!!تستحق موسوعة جينيس
25345,بئس الفوائد: رضي من الغنيمة بالأياب.
25346,لو تم القضاء على الحوثي لقلت ان التحالف قد نجح ولاكن يبدو ان دبلماسيه ايران اقوا واذكا
25347,هل سينام هادي الليلة في عدن؟؟؟
25350,قالت العذال وافهم ياذكي ههههههههههههههههه ضحكوا عليك العذال اعرفهم اكثر منك البس مايحب الا خناقه . وافهم ياذكي
25363,"العين بالعين! أليس ذلك حكم إلاهي؟ ألم يأمر الخالق خلقه ""فمن اعتدى عليكم فاعتدوا عليه بمثل ما اعتدى عليكم""؟. إذاً، القوا القبض عليهم،  عاملوا أسراهم بالمثل، و حطوا الفيديوات للعالم."
25369,رومية وبقايا الروم .
25387,يارب يا كريم
25392,انا اعيش فى مدينة طنطا بمصر وبعدين احد الصواريخ الروسيه البالستيه سقط على منزلى ولكن لحسن الحظ لم تحدث اى اضرار او خسائر لا ماديه ولا بشريه .
25402,نحن طول اليوم على الفيسبوك .. وصاحب الفيسبوك يقرأ كتبنا ؟!
25403,رؤؤؤؤؤؤؤؤؤؤؤؤؤؤؤؤعه
25408,ان الله لا يحب الكافريين
25410,لسنا بحاجة إلى عصبة الأمم، نحن نترقب التمدد الأكبر لدولتنا الإسلامية.
25414,تعالى الله ان يكون هذا البهتان لوجهه
25417,لازم لجنة تحقيق دولية تحت البند السابع من مجلس الامن.
25438,ههههههه اضحك الله سنك  اخي ابو هلال
25443,انت بالك؟!!!!!!!
25446,ارجع للتعليقات القديمة وستجد نفس اسلوب كلامك...وقافلة الدولة تسير وتتمدد شاء من شاء وابي من ابي.
25455,و اين الباحثين العرب في الجامعات العربية؟!. نريد شيء مفيد للانسانية للتغطية على تخريج مجاميع الارهاب و التكفير  من المعاهد و الجامعات الدينية!.
25456,اكيد رح يكون المكتب في قطر!
25461,آميييييين
25480,كلما ذهب الزعيم المصري السيسى الى اي بلد تخرج علينا الجزيرة بهذه العناوين ثم يكمل الرئيس المصري مهمته و يعود غانما و ينسى الناس هذه العناوين
25485,ليس للانحطاط قمة بل حضيض وقيعان الا اذا كان قصدك قمة بضم القاف عندها يكون كلامك صحيحا اما بكسر القاف فلا
25489,"ان تعيين الرؤساء للعلماء و عدم وجود مفتي منتخب من قبل العلماء هو السبب المباشر في انتشار الفكر ""المتطرف"" الذي يريد أن يهدم كل شيء في الدولة."
25495,ماهي قصة الاسد والنعامة¿
25499,اقول للاتحاد الاوروبى : ارسلوهم الى مصر و الجزائر .
25502,تعرف انتم  ترفعون الراس لتحت
25503,الهم انصر دولة الاسلام
25504,انت فرحان اوي
25509,القبلة في اﻻتجاه اﻻخر فهذا اتجاه الكميرا
25518,منور وضاوي
25528,ماذا يحتاج اخ احمد منصور فى المكسيك اساعده  ان يصبح طليقا
25533,وانا اقول لك ياحسين ان الحقد هو سبب ما وصلنا إليه .
25535,"مقتل مروة الشربيني

حادثة مقتل مروة علي الشربيني هي حادثة وقعت في عام 2009 في مدينة دريسدن الألمانية، حيث قام مواطن ألماني يُدعى أليكس دبليو فينز يبلغ من العمر 28 عامًا داخل محكمة في مدينة دريسدن"
25540,الف شكر علي النصيحه الغاليه من قناه ألجزيره التي تحب مصر كثيرا وهي ادري بكل شيء في الاقتصاد
25541,الْأَعْرَابُ أَشَدُّ كُفْرًا وَنِفَاقًا وَأَجْدَرُ أَلَّا يَعْلَمُوا حُدُودَ مَا أَنْزَلَ اللَّهُ عَلَى رَسُولِهِ وَاللَّهُ عَلِيمٌ حَكِيمٌ
25542,"""بل ان يعد الظالمون بعضهم بعضا الا غرورا"" صدق الله العظيم فى أفغانسان وسيصدق فى سوريا."
25549,فوائد البيبسي!!!!
25557,نعم هكذا السياسة شد ورخي بالضبط كما تفعل روسياوابسط رد على المكر الروسي هو (م ط)للجيش السوري الحر بدون اي تدخل من طرفكم ولنرى (الشد) الحليف كما تدعون.....شكرا مستر كارتر على الدعم المعنوي.
25568,ماذا عن المسنين مثلنا ، كيف يمكنهم الاستفادة من الانترنت ، أطال الله أعماركم و شفاكم و عافاكم من كل سوء و أسعد جميع أوقاتكم
25576,أين يذهب الملحد عندما يفجر نفسه طبعا جهنم بأنتظاره عكس المسلم فهو يبتغي رضوان الله عليه وشتان بين كافر عابد لفكر حاقد على البشريه وبين مسلم محب وجامع تحت رايه الرساله المحمديه.
25584,رواياتهم صحيحة يا أخي فعندما يقولوا بأنهم يتقدمون فهم لا يكذبون فهم حقا يتقدمون نحو حتفهم  ولهذا السبب أنا أسعد كثير بأخبرا تقدمهم
25596,لاتقلقوا ايها اللاجئون فان الدول العربية تتسابق لاستقبالكم وان خادم ااحرمين الشريفين سيفتح ابواب السعودية لكم وان روحاني واردوغان منزعجان من العرب لعدم اشراكهما في عملية استقبال اللاجئين
25604,خذووه
25614,"السلام عليكم 
الحمد لله على المغرب الخير كثير حتى ان الحمير اعزكم الله تاكل الخضروات والفاكهة ...
اذا لم تصدق فتعالى الى المغرب ومعك الكامرة لكي تاخد بعض الصور وانشرها في اليتوب"
25618,"آواه يَ أمي ما أقسى هذا الخبر على فؤادي - قلبي الصغير لا يتحمل -

هل لي يا ومولادي وسيدي! أن أتزوج بفتاة "" أحلامي ""
وأن أخرج من مستنقع العزوبية سيء الصيت"
25623,الدولة الاسلامية في احد بياناتها تحدثت عن اسقاط طائرة البيان موجد و اذيع علي اذاعة البيان الخاصة بالدولة
25627,يرجى الكتابة عن اهمية التوعية الصحية عن طريق الهواتف و الانترنت ، أطال الله أعماركم و شفاكم و عافاكم من كل سوء و أسعد جميع أوقاتكم
25633,سلمى الجمل ..في عقيدة ، الحُب ، أنت أجمل ، حظ ، أبتليت به
25649,الحسين ليس حكراً علی الشيعة و أهل السنة و حتی المسيحيون و اليهود يعتقدون به
25653,لبيك يا صدام حسين
25654,لبيك يا ص   حسين
25659,كل عام و أسود السنه في العراق والشام بألف خير والنصر حليف المجاهدين مهما طال الزمن أو قصر فتحيه لكل مجاهد جعل دينه قبل قوميته او وطنه فقاتلو فكل المسلمين يدعون لكم بالنصر.
25663,الاجتماع مع رجل عظيم كأوردغان لا يجعلك رجلا عظيما مدافعا عن الإسلام والمسلمين
25666,(إن تنصروا الله) فقط. ومن ذا الذي ينصر الله يوم؟ اخلافة على نهج النبوة أم ملك عضوض ورئاسة عضوضة وتنظيم دولة دموي؟ لا من أحد ينصر الله ولهذا فلا تثبيت للاقدام بل زعزعة للعروش
25667,بل (اسرائيل)تستعد لذبح غزة بحماس
25679,بسيطة الخلافة قادمة لتطهير الأمة !
25682,قطر دوله صغيره بحجمها ولكن كبيره  ب موقفها
25688,"خليك ورا السيس. 
المرأ مع من احب"
25694,ولما لا غارة على الصهيونى الاسد وستسقطه الثورة امين حارس اسرائيل)
25702,آن أهل السنة يرفضون زواج المتعة.
25709,تحيه الى دولة ألمانيا العربيه الشقيقه !
25727,تصيب دائما اخي وأكن لك كل الحب والتقدير والاحترام الا ان تبيض يد المنافقين.
25739,يا شييييييييييييييخ
25750,"تحيا مصر 
تحيا مصر 
تحيا مصر 
فاليخسئ الخاسئون"
25773,تتطبيق مش شغال. ليش تعلنوا عنو؟
25775,الخبر معكوس كان القتل من نصيب المعارضة وعلى رآسهم القائد العسكري في حركة نور الدين الزنكي حسن معيكة مع كافة كتيبته  ، واللي يحب يتآكد يذهب صفحة ثوار لحركة الزنكي
25777,"الحمد لله , اللهم إنصر عبادك المجاهدين , و أخزي إمريكيا و  إيراني المجوسية وأذنابهم .,"
25780,لكي يعلموا أن الله لا يحتاج إلى كومبيوتر أو أشعة X
25795,الملاحظة بحاجة لترجمة والله اعلم
25797,كلنا مع السيد الصرخي في مشروعه الوطني لخلاص العراق والعراقيين من الحروب والقتل وسفك الدماء والظلم والفساد وندعو الجميع للوقوف معه من اجل انجاح هذا المشروع الوطن
25807,قلناها ونقولها   الدولارات باقيه وتتمدد ، والعمليه كلها ضحك على الذقون ودواعش النت يهلهلون ويطبلون،، منتهى الرجوله والفروسيه،،
25809,اكثر من سبعة اشهر على بدء الحرب على اليمن و لا امل قريب في نهايتها. صدق من قال ان اليمن مقبرة الغزاة. توجيه الاتهام لايران في ادامة الحرب هو دليل فشل عاصفة الحزم.
25811,يا جبير بعد اليمن هل هي إسرائيل؟ أم  إسرائيل   تشكونها لمجلس الأمن؟
25812,الله يوفق ابوك واخوك بيفهمو
25835,"من الذي بدأ ؟
داعش تفجر في مساجد الشيعة والشيعة في السعوديه لاحول ولاقوة 
اول من بدأ التفجير بالمفغغات في العراق هم القاعده والبعثيون السنه وحضرتك تقول الشيعه هم الذين بدأوا"
25843,"بل هي تغطية على ""أين البترول"" مع العلم أن الجزيرة لم تعلق على تلك الحملة و شكرا"
25845,دربوهم جيدا  خاصتا  سباق السرعة
25849,المسيح الدجال
25860,فامريكا وحكمها ليسواالحكام العرب يا هذا واوباما يسير الا على خطة مجهزة منذ عقود ولا يتصرف الا بشرعية وموافقة البرمان الكونغرس اى الشعب الامريكى
25869,من أكبر معايير الغباء أن لا ندرك أن هذه التعليقات مُسيسة ولها غاياتها العظمى لإبقاء الوضع على نا هو عليه. من هو المستفيد لإبقاء الوضع على ما هو عليه برأيكم؟؟!!!!!
25871,لا ياشيخ
25880,حتى يحرموا المفاوضين والصحوات في انقرةوعمان من ريع الدولة التوافقيةويضطروهم للتوقيع على دستورها بدون مياومات! ويستدل بآية كريمة!!!!!!
25885,"جامعة القاهرة بها 000 300 طالب (ثلاثمئة ألف طالب). وكم طالب هناك في الصورة؟ الحمد لله، على الأقل الجزيرة توقفت الآن ومنذ فترة عن وصف المظاهرات بأنها ""حاشدة""."
25886,"سلمت الأيادي ياطلاب مصر الأحرار ، يحضرني قول العلامة ابن باديس رحمة الله عليه
: يا نشء أنت رجاءنا  وبك الصباح قد اقترب"
25902,""" وأعلنت في أكتوبر/تشرين الأول الجاري إقامة سياج آخر على حدودها مع كرواتيا.""

تم الانتهاء من بناء السياج"
25910,يرجى من وزارةالاوقاف والسياحة البدء ببناء الهرم الرابع ويجب أن يكون أكبر هرم في العالم وتسميته هرم السيسي عبده
25912,ﺃﺪﻋﻮ ﺍﻠﺟﺯﻴﺮﺓ ﺇﻠﯼ ﺍﻠﺘﻌﺮﻒ ﻋﻠﯼ ﺍﻹﻤﺎﻢ ﻋﺒﺪ ﺍﻟﻌﻠﻲ   ﺒﻮﻤﻨﺎﺪﻞ  ﺇﻤﺎﻢ  ﻤﺳﺟﺪ  ﺍﻟﻓﺎﺮﻮﻖ   ﺒﻤﺪﻴﻨﺔ  ﺇﻴﺴﻦ
25913,ودراسة أخرى تزعم أنه يجعلك كريم لم أعد أهتم بهذه الدراسات .
25919,يرجى الكتابة بالتفصيل عن كيفية تحسين مناعة و صحة المسنين مثلنا ، و استضافة الخبراء و المختصين في هذا المجال ، أطال الله أعماركم و شفاكم و عافاكم من كل سوء و أسعد جميع أوقاتكم
25928,اللهم تقبله شهيد يارب العالمين
25930,الى جنه الخلد يابطل انشاء الله نسال الله ان يتقبله شهيدا
25933,دي مستورا هههههههههههه ربنا يستر.
25936,من الافضل للمسلحين ان ينسحبوا من الزبداني قبل ان يخسروا المعركة بعدد كبير من قتلاهم لان حزب الله قاهر الدواعش ومذل التكفيريين ورايته لا تهزم فالأملاك تقاتل الى جانبه والله ناصره على اعدائه.
25939,كانت الحرب الخفية والناعمة على الاسلام اما اليوم الحرب على الإرهاب هي أصلاً حرب صليبية على الإسلام !!!!!!!!!!!!!
25940,قل موتوا بغيظكم
25947,هل سينتقم تنظيم الدولة لهؤلاء كما انتقم في ديالى اليوم؟ أمر مرعب لو تمكن من ذلك.
25949,"""هذه البضاعة"" اغلبها كان مُعَداً للتصدير , و القليل منها للسوق المحلية (اسواق المنطقة الشرقية)."
25953,"الى الذي رد علي ""بعض المشاركات إن دلت....."" اقول سلاما سلاما"
25964,ايران نووية بأمتياز .
25967,"معلومات صحيحة تم إكتشاف هذا الكوكب في لوس أنجلس  وبالتحديد في مدينة هوليوود والعالم الذي إكتشف هذا الكوكب إسمه ""سبيلبرغ """
25977,يجب على الجميع الان ترك الخلافات و التوحد لصد عادية الاكراد الملاحدة لانهم يريدون تفريغ المنطقة من العرب
25979,ومات بالامس فى سوريا قائدا فى جبهة النصره حسب الاخبار بوكالة انباء روسيا اليوم  .
25982,"بوتين اثبت انه اعرابي من مضارب الشيخ ستالين.عنده حميه يا سلام عليه.وحي هلا في باديه الشام يا مودمي, واترك الشريف البغدادي في العراق ل 60 دوله يائسه,يعلمهم سلوم الجهاد."
25998,أعطي المنافقين الجدد حلا أحسن ما رأيكم بحل الاسلام نفسه حتى تستريحوا آنيا ومستقبلا وهكذا وهكذا الى جهنم ان شاء الله
26001,"السؤال اللي يطرح نفسه لماذا لاتنقل المظاهرات في العراق للاعلام ومباشر على التلفزيون 

ولا بس نقل مباشر من مصر اربع وعشرين ساعه .. ممكن اجابة"
26004,قال الرسول الكريم ان في الروم خصالا اربعا:انهم لاحلم الناس عند فتنه،واسرعهم افاقه بعد مصيبه،واوشكهم كره بعد فره،وخيرهم لمسكين ويتيم وضعيف،وخامسه حسنه جميله وامنعهم من ظلم الملوك. صدق رسول الله
26005,هؤلاء هم المسلمين ويوزعون عليهم الالبسة ويقدمون لهم الغذاء
26012,لو اجرينا استفتاء للرأي الشعبي العربي على الجزيرة نت واليوتيوب بعبارة هل تعتقد بأن قطر وتركيا راعيتان للأرهاب ام لا ؟؟؟؟ فأكيد سنرى النتيجة .
26017,"- فاعبد لربك جاء ""واسجد واقترب
في البيت الاخير هي اشارة الی تاريخ بناء الجامع بالبعد الرقمي للاحرف 
اي سنة 1196 هجري الموافق 1782 ميلادي"
26018,حلبي 2: والله أخلاقه الانسانية أفضل من مهاراته الكروية، وهو بيسوى كل حكام العرب مجتمعين بالاضافة لمليار دولار على الأقل.
26024,بالتأكيد ان اسرائيل تعمدت إسقاط الطائرة لسبب ما!
26026,"تاريخ إسقاط الطائرة 22 يوليو/تموز وليس 22 يونيو/حزيران
كل التحية والتقدير لقناة الجزيرة وفريق الجزيرة نت"
26027,التقنيه ايرانيه التي استخدمتها حماس وليست داعشيه او سعودية او وهابيه او سيسيه
26029,لماذا كل تعليقاتي لا تنشر...وشكرا
26031,"الله يهديك يا هلال يعني كل عام لازم بطوله وكاس , اترك فرصة لغيرك يا هلال ترى ملينا من البطولات ههههه"
26034,سيهزم الجمع ويولون الدبر والساعة موعدهم والساعة أدهى وأمر .
26038,وانت شو حرق روزك
26042,نتمنى من شركات الاتصالات و تقنية المعلومات زيادة التوعية الصحية و الاجتماعية في منتجاتها ، و توفير مواقع انترنت مجانية تحوي هذه المواضيع الصحية ، بارك الله فيكم
26060,فلهذا منعت الثورة الدين عن السياسة ومصالح الناس وحتى بالاسلام
26069,لاتوجد كلمة ’سنترال’ في اللغةالعربية رجاءالانتباه الي هذاالنوع من الأخطاء وشكرا.
26092,الاعتراض للاسطول واجب على السيس لإثبات الجيرة الحسنة والعمل المشترك ضد الاٍرهاب !
26093,تأدب يا أخي وتحلى بحسن الخلق.
26107,احسن شيء في الاخبار اليوم السي ابي عاصي ههههه انا باقي مراهق ههههههههههههههه احب رولا والسي ابي عاصي وشويه سلمى الجمل تحياتي مراهق
26118,أنظر إلى التعليقات، أمة محمد حية أصيلة
26126,متى تشيعت؟
26130,متى تجتمع السعودية وقطر ومشايخ الوهابية لحل أزمة اللاجئين السوريين؟
26185,أحلا الأزياء التقليدية بالعالم الإسلامي القندهارية خاصة إن كانت مموهة وهي التي يستعملها المجاهدون ولا أدري هي حلوه لأنهم يرتدونها أم لأنها حلوة كذلك .
26189,الخبر اين والتعليق اين!
26190,لماذا لا تستقبل السعودية وقطر هؤلاء اللاجئون السوريون؟ كيف السعودية وقطر يريدون سوريا ولا يستقبلون أهلها
26195,انه المشهد المتكرر كرد رباني لما تفعله امريكا في شعوب المسلمين و(كما تدين تدان)
26198,"في النهاية خرج بعضهم يتكلمون باللسان يفهمه ""جيش المصري"""
26202,انتم نصفكم فرنسيين وتتكلم
26216,إحالة كل من الدكتور محسن العواجي، والإعلامي عبدالله المديفر لهيئة التحقيق والادعاء العام، ومنعهما من الظهور الإعلامي ... لماذا ؟ وماهي التهمه؟
26219,كما دعت وزارة الداخلية المواطنين للمساعدة في إلقاء القبض عليه( لم آمر بها ولم تَسُؤْني )
26220,لماذا لاينشر تعليقي ؟؟؟؟؟؟
26225,لا شك أن الشعب السعودي ، وخصوصا الشباب السعودي ، يشعرون الآن بالحرج الشديد!!
26228,ريلكس ياجماعة ؟ مش مهم اللون ، اللهم زيدهم وبارك لنا ! هذي الاخبار اللي تفرح. ليش النكد؟ ها؟ بس خلاص، يلله شباب كل واحد على بيته.
26237,بلد أمير المؤمنين لا يظلم فيها سائح .
26240,الحمد اللٌه على السلامة.
26253,(وَإِنَّ أَوْهَنَ الْبُيُوتِ لَبَيْتُ الْعَنكَبُوتِ لَوْ كَانُواْ يَعْلَمُون)
26263,"خاصة أن عدد السكان تضاعف بعد نزوح عدد كبير من السوريين إليها!!
لماذا تضاعف عدد النازحين إلى عاصمة الدولة الإسلامية في سوريا ؟ هل لظلمهم أم لتطبيقهم شرع الله ؟
الحمد لله."
26264,ما لنا في بلاد الحرمين الا الدولة الاسلامية اللهم اغثنا بالدوله الاسلامية هي اللتي تطبق شريعة رب العالمين رغم انوف الناس..!!
26265,هذا زمن الفتن و من يريدون تشويه وجه أمة مشرق، لا عجب في زمان الرويبضة يتكلم في أمر العامه كما أخبر المصطفى عليه الصلاة و السلام: و غيرها من الفتن كثير.
26268,"يا لثارات الله يا لثارات الله يا لثارات الله!!
واا ابراهياه  واا ابراهياه !!"
26272,"الشعب له حق التفويت,وليس له حق التصويت."
26275,اخ علي وماذا فيه التيار العلماني لماذا لاتجربونه ربما تتطورون وتهدأ المنطقه مما يراد لها من فتنه طائفيه انتم وقودها دون ان تشعرون
26278,مع الاسف وصل هذا الحال لبلاد الحرمين وكل هذا بسبب قنواتهم التلفزيونيه التي تشجع على الرذيله وسكوت الشعب السعودي المسلم على هذا وتخاذله أمام السلطه.
26279,"اذا كان رب البيت بالدف ضارب,,عمار يا الرفيرا."
26280,مشكلة هؤلاء بسبب تغريب الحاكم للرعية من خلال سلفيين فاسدين و السلفيين الحقيقيين في السجون الصحراوية دون محاكمات و يتعرضون للإهانة و التعذيب  ... و الله المستعان.
26283,فعلا لابد نحاسبك .
26286,على السعوديات ان ينتفضن على تلك التقاليد البالية التي تًفرض عليهن. انت انسانة كاملة و لا تصدقي انك عورة او ناقصة. الله كامل ولا يخلق الا الكمال.
26287,لما تصيرون أنتم أراب العباد عندها نقول :( لا يسأل عما يفعل ) أما وأنتم عبيد وخلق مما خلقه الله الفرد الصمد ( وهم يسألون ) فالناس ليسوا أحرارا بل عبيد ولنأطرنهم على الحق أطرا أمر مولاي .
26288,ليست عقدة نقص بل نفس السبب الذي يجعل أمريكا وأستراليا تحط معتقلاتها خارج حدودها .
26290,يعني على مذهب الجامية نفهم أن ولي أمرنا هو الوليد بن طلال باعتباره المتغلب كما أن حفر كان ولي أمر ليبيا رغم وجود حاكم والسيسي ولي أمر مصر رغم أنه يوجد حاكم ؟
26301,قريباً 0.2
26313,الجيش والشرطه والشعب أيد واحده و تحيا مصر تحيا مص تحيا مصر و ربنا يوفق الرئيس عبد الفتاح السيسي
26323,لم يعطى أدب الخيال العلمي الاهتمام الذي يستحق ليس في الجزائر فحسب وانما في كل ارجاء الوطن العربي والعالم .
26326,فلولاهم من ظلموا.
26337,اه يا رجال الدولة اتعبتم من بعدكم
26343,الحمد لله ععد ما في الارض والسماء الحمد لله ملء كل شيء الحمد لله عدد ما احصى كتابه
26344,الخليج و كل العالم يعرف هذا. و هذا سبب مشاركة الخليج في التحالف. حماية نفسه.
26353,اللهم لك الحمد ويارب انصر جنودك جنود الدولة الاسلامية في كل مكان وزمان وسدد رميهم وتقبل شهدائهم ونحن في بغداد الرشيد بانتظاركم يااسود الدولة للقضاء على الروافض (...) ومن والاهم من السنه (...).
26361,لماذا لاتضعون صورة المسجد الاقصي بدلا من قبه الصخرة التي ليست ببعيده عنه
26363,لا يجتمع الاخوان والديمقراطية فكلاهما في القطب المعاكس للاخر
26368,نا أحب  حلوى اللوز لكن تقريبا جميع اللوز في السوق في أوروبا يأتي ن الون الولايات المتحد الويلات المتحدة .
26376,الحمد لله الذی ابعد هذا عن ایران ...
26381,"يا دولة الإسلام اليوم من ينصرك فقد نصر شريعة رب العالمين ومن خذلك فقد خذل شرع رب العالمين 
والعاقبة للمتقين"
26382,"أين المسلمون في جزيرة العرب؟ اجدادكم وقفوا مع رسول الله صلى الله عليه وسلم
واليوم الخليفة إبراهيم من سلالة النبي فأين نصرتكم له؟"
26388,تبقى الاسود مخيفة في اسرها و لو نبحت عليها كلاب
26402,اللهم سلط سيف الظالم على رقبة الظالم.
26440,يجب عودة الاعراب الى الجزيرتهم العربي!
26441,لست من محبي الحوثي او غيره  لأنني ببساطة إنسان علماني ولكن ما بهمني الصدق والامانة الصحفية فالجزيرة ليست حيادية في نقل اخبار اليمن.فاليمن جزء من الصراع السني الشيعي الممتد من العراق وسوريا الى اليمن
26464,"ذكرتوني بجدتي رحمة الله عليها ، كانت هذه العجوز تقول لنا "" عيش وشوف العجب "" وفعلا حقيقة وليس تخاريف عواجيز رحمة الله عليك وعلى اموات المسلمين"
26475,الحقيقه انا مش فاهم تعليق  الناس علي هذا الخبر . هل معظم قراء الجزيره بيئدون  تنظيم الدوله  ؟ ممكن حد يفهمنا هذا ارجوكم .
26476,و اللذي نفسي بيده لن أتوقف عن مناصرتي و تئيدي لأهل الحق و لو بقيت وحدي اقاتل مادمت حيا و فيا عرق ينبض. سنجار تتبدد و الصليب يتفتث و القادم ادهى و أمر. باقية و تتمدد إن شاء الله
26491,إذا أتتك مذمتي من ناقص، فتلك شهادة لي بأني كامل
26493,بالنهاية هو مواطن سوري ويجب ان يمثل امام القضاء ويدافع عن نفسه اذا كان من دعاة الحرية والديمقراطية ويثبت براءته.
26495,اﻻعدام ﻻيقطف اﻻ اﻻرواح الزكية
26496,إذا خاطبني السفيه بكل قبح فأكره أن أكون له مجيب
26509,كلّ هذه اتهامات صحيحة، وهذا ما تستحقه من عقوبات في أي بلد كان من العالم
26512,كل من خان وطنه وعرضه يعدم شيئ طبيعي انشر لرئي والرئي الاخر
26521,آمين.
26525,عزت الدوري  و ليس عزة الدوري
26528,دولة الباطل ساعة،ودولة الحق الى قيام الساعة،(بل نقذف بالحق على الباطل فيدمغه فاذا هو زاهق)
26531,كريب فروت أو ليمون هندي و نحن في الأكراد العراق نسمي(نارنج) أفض فواكه لخفض ضغط الدم بشكل فور
26533,من فضلكم أنشروا تعليقي؟ الاردن لم تحترغ شئ و لكن تمكنت من تطبيق شئ موجود علميا عبر الخلايا الجذعية. و ان اردتم الدليل أعطيكم الدراسات التطبيقية.
26535,مدينة الحسين الطبية تتبع للخدمات الطبية الملكية التابعة للجيش الأردني....للاتصال بمدينة الحسين الطبية على الرقم المدني 962065804804 ومن ثم الرقم الفرعي....
26536,اهبطوا مصر فإن لكم ما سألتم
26537,"+96265804804 فرعي 63057 او 63054

انشا الله تستفيد ويشفي كل مريض يا رب"
26538,واوباما من اصل كينى يرأس امريكا وماذا تريدوا ان تقولون؟؟!!
26540,إن التفسيرين الذين يتم بحثهما
26547,اللهم زده امين رب العالمين
26551,الجزيرة حصرتنيو  لم تعد تطيق لنشر أرائي. السبب :مبايعتي أمير المؤمنين الخليفة إبراهيم عواد الحسيني القرشي .
26555,جهنم تحب وتهوى ابتلاع الظالمين والطغاة والمعتدين وتقول هل من مزيد...
26557,هذه من نتائج زيارة سليمان لأوباما... حاضر يافندم...
26558,لاحول ولاقوة الابالله اذا لم تستح
26559,أغرب شيء انه لا يجوز للمرأة السعودية أن تقود سيارة و لكن يجوز لها أن تركب مع سائق هندي أو باكستاني في السيارة .
26561,يرجى من الملك سلمان التدخل بقرار ملكي يلغي هذا العبث ويعيد المياه إلى مجاريها الطبيعية السليمة.
26562,من التسول عند اشارات المرور و محطات الوقود الى الدخول في الانتخابات البلدية!.
26567,التعليق لا يدل على الحالة المرضية لصاحبه مع التمنيات بالشفاء العاجل
26574,يا أخي لماذا لم تنشر تعليقاتي مثل ما كنت تفعل من قبل؟ سمحني إن أزعجتك. أخاك علي الجزائري في لندن. شكرا
26601,رحمه الله . سبحانه هو الوحيد الذي يعرف جنوده
26602,فرأى الحق حقا و الباطل باطلا نسأل الله لنا و له الفردوس الأعلى مع الصديقين والشهداء
26603,سبحان الله، يخرج الطيب من الخبيث، وما يدريكم فقد يكون شفيعا له؟
26607,سؤال شرعي. ما حكم من يعين الحاكم على الحكم بغير الشرع؟
26615,اين من يسمون انفسهم علماء المسلمين؟ اين مجلس التهاون الاسلامي؟ اين الفارقة العبرية؟ امن انهم يعتبرون ان الطريق الى القدس تكون عبر تشتيت الشعوب الاسلامية؟
26616,"بعيداً عن مضمون التقرير, في اخر المقال ظهر لي اعلان تجاري تحت اسم: ""جو اسرائيل.كم"" و بجانبه عبارة ""اسرائيل لاند اف كرييشن"". لا ادري هل هذا خطأ ام بمعرفة الجزيرة. و شكراً"
26617,في هذه الاثناء الملك سلمان في فرنسا للاستجمام ومحمود عباس ينسق مع اسرائيل
26622,"(سفر يشوع 6: 21) وَحَرَّمُوا كُلَّ مَا فِي الْمَدِينَةِ مِنْ رَجُل وَامْرَأَةٍ، مِنْ طِفْل وَشَيْخٍ، حَتَّى الْبَقَرَ وَالْغَنَمَ وَالْحَمِيرَ بِحَدِّ السَّيْفِ
طوبى لمن يمسك اطفالك ويضرب بهم الصخرة"
26625,اذا اوقفت السعودية الحرب فأنه يمكن مساعدة الشعب اليمني كله واما باخرة واحدة فأنهم لن تحل اية مشكلة لان اليمن بدون ماء ولا كهرباء والطائرات قضت على كل شيء ولم تحقق السعودية اي انتصار.
26626,تواضرس أو شنودة أو بنديكيت أو فرانسيس كلهم بالانتخاب.  يجب على أن يكون شيخ الأزهر بالانتخاب و ليس معينا من الدولة.
26642,عليك من الله ما تستحق .
26643,الخبر ليس صحيحا .. كان مجرد تماس في السيارة وكانت معها طفلتها الرجاء التأكد من المصدر قبل كتابة الخبر
26644,الخبر غير صحيح .. حصل تماس كهربائي بالسيارة وكانت المرأة مع طفلتها .. ولكن اليهود يهولون في الاخبار .. والمرأة بخير ولم يصب احد باذى..الرجاء التاكد من المصدر وشكرا لكم
26645,"رداًعلى تعليقات  مخابرات إسرائيل ""لورنس العرب"" و""منور""  المقاومة والدفاع عن ارضنا ومقدساتنا سيستمران حتى التحرير باذن الله ... وشعارنا ألان ""قم وقاوم  واشعل الضفة لهيباً ... لا تساوم"""
26647,لا حول و لا قوة إلا بألله. عيب كبير على من يسمي الفلسطيني الإستشهادي فدائي و أما الإستشهادي من الدولة الإسلامية و القاعدة و الطالبان بانتحاريين. عيب! عيب! و الله و تالله عيب!
26673,نتمنى أن يكون الصيد ثمينا لما اقترفه أيديهم
26674,عندما تكون خصم لتيارات الدين السياسى اعرف انك مع الحق والله هو الحق هم اعداء الحياه هوايتهم ارسال الناس للقبور
26675,تسلم الأيادي...
26677,...هههههه... درعا سوريا بدأت تنتقل الى السويس... و رافضوا الانقلاب عيل صبرهم... و حزب نصر الله الذي أجل سقوط بشار لن تعوضه مليشيات حفتر... نقطة...
26678,اللهم لا شماتة، يمهل ولا يهمل ربما إذا كان قد نجى حقا من هذا الحادث يستفيق، ويعطيه فكرة عن حجم الضرر والألم الذي  تسبب فيه هذا النائب لبعض البيوت المصرية.
26691,ومن افقر الدول العربية لا حول ولا قوة الا بالله
26694,"ما الأصح، ""فداكِ يا مصر"" أم ""فداكِي يا مصر""؟"
26698,ويل لقاضي الارض من قاضي السماء
26703,"أحكام الطوارئ تقويـــــم سلوك وضبط سلــــــــــــــــط :
محمــــــــــــــــــد نجــــــــــيـــــــــب كفـــــايــــة ."
26714,كلام رطيب و حري بنا البناء عليه.
26715,"انا اصدقه. مثلما تصدق شرعيه هادي وعاصفه الجرم, وان الحريري شهيد عند الله.صفقات والتواءات كفر بواح."
26724,رجل يابوتين مدري ليش احب هذا الرجل في الله
26729,فين تعليقاتي ههههههههههههههههههههههههههههههههههههههههههههههههههههههههههههههههههههههههههههههههاي
26732,قرقاش لم يسيء لباكستان لكنه انتقد قرار البرلمان الباكستاني ... لكن إلى الآن لم يصدر قرار نهائي رسمي من قبل الحكومه الباكستانية
26734,شعار=الاسلام هو الحل!!الاسلام صالح لكل زمان ومكان! تبقي بفهم وجديد تجديد فكر اهله ورجاله القائمون عليه!وامكانيات تمكين التطبيق والوصول به لتحقيق الله غاياته!
26750,""" الهاكم التكاثر حتى زرتم المقابر كلا سوف تعلمون ثم كلا سوف تعلمون كلا لو تعلمون علم اليقين لترون الجحيم ثم لترونها عين اليقين ثم لتسئلن يومئذ عن النعيم"""
26766,مات الرسول صلي الله عليه وسلم والأقصي بيد النصاري .إذا كان عمر بن الخطاب رضي الله عنه خاطئا لأنه فعل ما لم يفعله الرسول صلي الله عليه وسلم ! !
26767,غنيمة جديدة تنتظر جنود الدولة الاسلامية
26771,هكذا امنت السعودية حدودها مع اليمن وامنت ايضا الحرمين الشريفين..للتتفرغ لساغة الوغى مع اهل اليمن
26779,تفكير خاطئ حتى المسلمون يغدرون بالمسلمون
26780,فلما تأسروهم فاقتلوهم فهؤلاء هم العدو
26787,غضب من الله على الظلم والظلمة في مصر .
26788,هذا النعل من ذاك الحذا
26792,ترجمة رديئة.. محافظين وليس فاتحين!!!
26804,"شهدت عاصمة جنوب أفريقيا جوهانسبرغ ...

عاصمة جنوب أفريقيا هي بريتوريا"
26814,من بدع اخر الزمان.
26818,"دول الخليج أصبحت خائفة على عروشها والصلاة أصبحت موحدة للسنة والشيعة بدئا بالكويت,"
26819,قال الإمام البخاري رحمه الله: (ما باليت صليت خلف يهودي أو نصراني أو رافضي، لا تؤكل ذبائحهم، ولا تشهد جنائزهم، ولا يعاد مريضهم).
26821,دريت عن صلاة الميت وعلمت عن هدر الدم
26822,اين تعليقاتي اين الحريه التي تطالبون بها
26846,يا(علاء)اذا لا زلت موجود اشرح كلامك قرأته مرتين ولم افهمه ماذا تعني او تقصد بقولك(البجم ،تارجت)؟!؟ هل هي عربية او اعجمية ارجوا التوضيح مع الامثلة لو سمحت؟
26849,وهل هذا عنوان يا جزيرة، لا تتردد الجزيرة عن نشر اي شائعات للنيل من شعبية الدولة أبدا. أبشركم بأن الفاعل ليسة الدولة لان الدوله لو كانت فعلت لتبنة دون استحياء او تردد.
26856,كان لا داعي للدراسات فأي طفل صغير يعرف أن الذي توفي بالرصاص أو القنابل لا يمكنه المطالعة و القراءة.
26857,"كارثة تعليقك.خربت ضحك.فعلًا, كم جملة يفهم من ربع لصفحة"
26864,الاسد و بس .
26865,عليهم ان يسموه اجتماع فيينا من اجل انقاذ حامي حدود الصهينة وزوج المرأة الموديرن والمدافع عن المسيحيين الم تعلن الكنيسة الروسية وبأوامر من الفاتيكان ان روسيا تشن حرب مقدسة على الإسلام والمسلمين
26872,قال تعالى (ومالكم لا تقاتلون في سبيل الله والمستضعفين من الرجال والنساء والولدان الذين يقولون ربنا أخرجنا من هذه القرية الظالم أهلها واجعل لنا من لدنك ولياً واجعل لنا من لدنك نصيرا)
26874,"هل يمكنكم مدنا برابط الموقع ""بي جي آر"""
26875,"غريب، مقال دون أي رابط.
هل يمكنكم مدنا برابط الموقع أو رابط التسجيل"
26878,برافو يا السيسي يابطل ياوطني.اسأل الله ان ينقذك من النار كما انقذت الشعب العظيم الصابر من الرجعيه واللاادريه السياسيه.
26881,بسم ألله الرحمن الرحيم ألى خادم الحرمين نحلفك بألله بأن تنظر الى أهلنا في سوريه والعراق وفلسطين ولبنان  فأن المجوس ألشيعه أوغلو دماء أبنأء ألسنه ،،
26885,إحترام وتعايش مع الأخر،الرز الرز هو من جعل السيسي يتعايش مع الأخر بكل حب وإحترام.
26887,الشعوب الإسلامية عليها أن تتوحد كلها ضد الأنظمة الفاسدة الشريرة التي تدعم الانقلابات بالدولار والعتاد العسكري
26889,أكيد بيحكي أنجلزي
26900,اتوقع تمريرة ميسي بمرما ريال مدريد أهم من هذا الخبر .....!!!!!
26902,لماذا لم تقم داعش بعمليات إنتحارية في دمشق ؟!  لماذا لم تقم داعش بعمليات في إسرائيل ؟! لماذا لم تقم داعش بعمليات في إيران ؟! لماذا لم تقم داعش بعمليات في الاردن ؟!
26907,وماذا عن المعسكرات السعودية التي تم السيطرة عليها من قبل اليمنيين؟؟
26920,2  الحرية ما تأخد بمفاوضات
26940,لماذا لا يشتمعو من اجل بورما وافريقيا الوصطى!!!
26946,السيد اردوغان ليش معصب في الصوره = هذا القائد التركي إنسان مختلف
26947,الإخوان المسلمين من أكثر الأحزاب فاعلية في محاربة الإرهاب (الإسلام) لأنهم يقومون بذلك بإسم الإسلام.
26961,"وطالب العميد العسيري بتشكيل لجنة دولية للتحقيق
دليل على ان التحالف واثق انه لم ينفذ الغارة"
26982,أظن يحتاج نظّارات شمسيّة حتى لا ينعمي من ضوء الشمس عند قيامه بمهامّه. وهل له ذنب؟
26984,نتمنى كتابة مواضيع كاملة و مفصلة عن الصحة للعائلة خاصة الام الحامل ، و استضافة الخبراء و المختصين ، و فهرست هذه المواضيع تحت عنوان واضح في صفحة طب و صحة ، بارك الله فيكم ووفقكم لكل خير
26985,ادوارد سنودن ليس له علاقة بموقع ويكيليكس. جوليان اسانج هو المؤسس. يرجى التصحيح.
26997,لا حبيبي العرب راحو يعزو اسرائيل و  رفعو راس اسرائيل بعد اتفاق النووي ... بعد ما باعهم الغرب
27000,برناردينو ليون هنري ليفي
27001,هل طاعة ولي أمركم  ليون و اجبة ؟  نصر ا لله ليوث الدولة الإسلامية
27002,ليون اسباني وليس فرنسي...الرجاء التصحيح
27007,ما هي افضل انواع الحمية لتخفيف الوزن دون ضرر على الجسم ، بارك الله فيكم ووفقكم لكل خير و شفاكم من كل سوء
27008,جسم الانسان يحتوي على 97% من الماء وليس 75%.
27015,كيف يمكن حل مشكلة البطالة مع تطور التكنولوجيا ، بارك الله فيكم و وفقكم لكل خير
27028,العصابات الكردية تفوقت على العصابات الالبانية اللتي دوخت اوروبا وعصابات احمد حسون وتجار السنة الذين يقفون مع بشار وكذلك عصابات الصحوات الذين يقفون مع العبادي هههههههه
27029,شكرا احمد تركماني وتحياتنا الى عزت الدوري ابو الثلج والى قوات الفرسان
27032,سياتي اليوم الي يوضع فيه رأس النظام بحاويه من الأسيد و لن يبكي عليه أحد.
27034,ثلاث عصائر اشبه بالسموم ، يجب على الحكومات منع هذه العصائر واستبدالها بعصير فواكة طبيعي و نظيف وليس نباتات غريبة كهذه تطحن ثم يضاف اليها الماء و ترفع الضغط وتضر الحامل وتضر مرضى السكري
27035,شكرا على المعلومات المفيدة ، و نتمنى المزيد و المزيد من التوعية الصحية و الاجتماعية خاصة للمسنين مثلنا ، و التركيز على طرق علاج الشيخوخة الطبيعية ، أطال الله أعماركم و شفاكم و عافاكم من كل سوء
27036,هل توجد كلمة الاشربة في اللغة العربية؟
27041,فيلم رائع جدا! :)
27051,احتفظ باحلامك في المنام لنفسك ولا داعي لنشرها.
27056,ماكد أن الجبير دفع كثير من الدراهم هذه المرة! كما فعلوا مع صدام 1991 وكما نعلم أن صدام كان سني ولو بالإسم، للله دركم من أمه حيرت العالم. الرجاء النشر وبدون فلسفة منكم.
27064,الله أكبر اليوم بصرك حديد جهز نفسك لملك الموت و ضرباته
27067,السن بالسن، ليس أحسن وأفضل ممن أمر بقتلهم قبل عامين. هو الان عند ربه ان شاء عذبه وان شاء غفر له
27077,"معك حق تستغرب ان المصريين يستطيعون, أتدري لماذا لأنهم سئموا سلمية قيادات الأخوان! عجيب أمر  من أخذ على نفسه ""وأعدوا"" أن يكون بهذا الانبطاح!"
27080,(اسرائيل)وتعلم الاتفاق الذى لا نعرفه نحن وموجه لنا
27092,"واتفق الجبنان -وفق البيان- على ""أهمية وقف الممارسات....."
27097,هل يجوز لك ان تطلق زوجتك سواءا كان زواجك اختياريا أم اجباريا؟  الأفضل الطلاق ونبقى جيران
27098,ولكن العالم لا يريده...لزواج اي شخص من الاميرة بنت السلطان لا تهم موافقته وامه وابيه ..المهم موافقة الاميرة وابيها السلطان وامها السلطانة..فدون ذلك خرط القتاد.
27099,لماذا لم تنشرو مأرسله. أرجو إشارتي لذلك حتى لا اضيع وقتي في الكتابه.
27116,كل صورة تعبر عن حب خامئني و السيستاني و حسن نصر و مقتدى الصدر و صولاغ و حيدر العبادي و المالكي و الحكيم للأهل الاسلام.
27119,قمه يا قمه
27124,حررنا فلسطين!
27128,فعلا اسم على مسمى يتناسب مع التعليق الرائع البديع المبهر
27129,"ماشاء الله تبارك الله
الحمد لله
اللهم زد وبارك
♡
هذا مصير كل من يحارب الإسلام والمسلمين في سوريا والعراق."
27131,قصدك لا سلام بلا إسلام كلام جميل :)
27134,ولماذا لا تقول الأمور بصراحة هذه الدول هي السعودية، قطر، تركيا!!!!
27139,القاعدة في جنوب اليمن تبنت العميلة عبر تسجيل صوتي
27148,اللهم آمين :) يا لبى قلب أهل الولاء والبراء يا زينة الدنيا وصفوة البشر .
27159,لغة خشب وحسب !
27181,وهل شعب اليمن سوف يصمد على قصف البربري علية
27195,فتلك هى مهمةتلك الميليشيات المجندة من اعداءفلسطين وغزة وولائها لدولة تدعىالاسلام ولا يقبله اى شعب فحماس مساومة وكما حزب اللات وايران والمالكى وبشار ملك (اسرائيل)
27212,لماذا لا تذكر الجزيره تسليح السعوديه والامارات لآلاف داعشيين
27217,أذا أردت أن تعرف أين تصنع المعجزات فعليك مبايعه دوله الخلافه الأسلاميه والالتحاق بصفوفها فهي خير ما أرسله الله للعباد.
27218,منصوره يا دوله الاسلام املنا فى ربنا وفى اسسسسودك
27224,سلوك غير معتاد للشمس هذه السنة، حرارة لاهبة غير معتادة وغبار في غير وقته وامطار في غير موعدها ولا مكانها، ربنا يستر
27240,"عزت الدوري تل اليوم في صلاح الدين ,,,,فقط للمعلومة"
27245,تم أنفجاروها قبل وصول الى هدف
27267,أ لم يوجد في الساحة سوى المقاومة؟؟فاين جيش التحالف؟وأين جيش السنغال والسودان؟؟
27270,هذا بطل عاش بطل  وسيضل بطل اللهم انصرهم بارب العالمين اللهم انصر المجاهدين في المغرب الاسلامي  والف بين قلوبهم
27272,هل حقا هم من عصرنا يالهم من ابطال كانهم من عصر الصحابة هؤلائي هم الأبطال الدين سيكتب تاريخهم من دهب و  هم الخالدون
27279,لله دهم الابطال لله در الخليفه ابو بكر البغدادي اللهم انصره اللهم انصر المجاهدين البواسل
27284,المجاهدون من انصار الله مش هيقصروا معكم بأذن الله . اللهم زد وبارك
27290,لمثل هذا تدعوكم الدولة الاسلامية الى النزول الى الارض و التوقف عن الاختباء وراء طائراتكم.... تفقدون هذا العدد مع فتات من الحوثة فمابالكم لو واجهتم اسود الحرب على الارض وجها لوجه.
27301,ثلاجات القتلى اصبحت مملوئة بالجثث و كان لا بد من ارسال بعض الجثث الى دول المصدر و بناء عليه تم الاعلان.
27308,بل قل العكس هو الصحيح
27330,توغل وليس تغول. تغول من غول بينما توغل من وغل. يقال وغل البعير في حقلٍ مات صاحبه شنقاً. وفي أصول البلاغة يقال أيضاً وغل القمل في شعر الأصلع. وشكراً. الرجاء النشر.
27332,مقاومة اى مقاومة هلهم يقاومون العدوان السعودى لبلدهم؟؟
27343,ولنبلونکم بشیئ من الخوف والجوع ونقص من الاموال والانفس والثمرات وبشرالصابرین ....
27346,عندى سؤال صغر فقط لتنضم الدولة: بأي ذنب قتلوا ؟ كل هؤلاء اللذين اغتلوا بدم بارد كل فرد  منهم خلف وراءه حاضنة اجتماعية تحبه فاعلموا أن بفعلتكم هذه أبكيتم قلوبا ويتمتم ليلو و ردية٠
27347,و ما علاقة هذا الخبر بسوريا؟.
27366,حيا الله اخوة العقيدة الاكراد نصرتم الدين فلله دركم
27375,ليس مسجد بل حسينية يعبد فيها علي من دون الله ولحسين
27388,هل يتظاهر احد ضد الله؟
27389,نطام الدوله الاسلاميه من افضل النظم العدليه على وجه الارض وهو نظام الشريعه الاسلاميه لذلك نحن الكرد والعرب وكل القوميات معه لانه النظام الصحيح.
27394,أخبار رائعة. تحيا فرنسا
27403,ما شاء ا لله.
27404,هذه الذكريات المؤلمة التي تسببت في أمراض نفسية لا علاج لها إلا بالردة قد ورثها أكثر من مليار مريض أبا عن جد
27428,ايه وبعديين .................خوفتونا
27431,رحمه الله و تقبله شهيدا شهما
27432,لا تقرا تقارير الجزيرة فقط فصياغتها للاخبار فيها من التحيز لتنظيم الدولة او للاسلاميين عموما ما لم يعد يخفى على احد.. بي بي سي و دويتش فيله و غيرها من القنوات فيها مصداقية و حيادية اكثر..
27435,كول زيزي
27437,ننتظر رمضان بفارق الصبر ،، بعد كم متر،،  احلام سعيده
27438,الله ينصر الدولة الإسلامية ويمكن لها تطبيق شرعة. أللهم أمين يارب العالمين
27448,مثل صدام وقيادته في محكمه القاضي رؤوف.
27450,خش أحسن لك.
27451,"كشف المستور يا معارضة للاسف 
هذه نتائج الاخوان المسلمون 
حسبنا الله ونعم الوكيل … النفي سهل لكن من وين بتروحوا من ربنا؟"
27463,أكبر صحن كبسة طبعا
27464,قم بس قم!  الله يهديك...  أنت تعلم أن الغرب باعكم لإيران بثمن بخس دراهم معدودة و كان فيكم من الزاهدين. و هذه العنتريات الفارغة لن تفيد.
27465,هذا اللقاء من مهازل تاريخ المسلمين،كفلسطيني أشاهد هذا المنظر،منظر يبني قناعة أن فلسطين لا تتحرر على يد هؤلاء بل هم عدو لكل إنسان فلسطيني.
27468,"وزير الخارجية الايراني سيزور قطر و عمان , و هذه رسالة تجاهل واضحة للسعودية و تحذيراتها . القطريون تصرفوا بحكمة في حين اختار السعوديون التماهي مع الموقف الاسرائيلي ."
27471,يَوْمَ لَا يُغْنِي عَنْهُمْ كَيْدُهُمْ شَيْئاً وَلَا هُمْ يُنصَرُونَ
27477,هل توجد طريقة صحيحة لقراءة التلمود ؟
27478,إذا أردت أن يكلمك الله فأقرإ القرآن وإذا أردت أن تكلم الله فصَلِّ.الحسن البصري
27484,اول مره ارى صقور انبطاحيه لان الصقور تطير عاليا،، اعتقد انك سترى المسمار الاخير في نعش سيدك اردوغان وان غدا لناظره قريب  ايتها الدجاجه الشاطره
27490,"آه الشيخ حسن يبدوا أن لحيته كسها الشيب من حفر السنين, رغم معارضتي الشديدة لما يفعله حزب اللٌه في سوريا يبقى هذا الشخص عزيز علي كثيراً. :/"
27502,التعليق غير مناسب باب الجهاد مفتوح الدوري باع روحه لله تعالي
27511,هذا التعليق وُضع بالخطأ هنا، كان يجب ان يوضع تحت الخبر المتعلق بقصف الطيران الروسي لسوريا! الرجاء حذفه من هنا!
27514,دعاية مباشرة من عالم التغذية لشركة ماكدونالدز ( بيغ مالك ) هي وحدة من اشهر سندويتشاتماكدونالدوز
27522,"لفظ الجلالة ""الله"" وليس ""اللة""! وهل المؤمن لا يعرف الفرق بين ""الله"" و بين ""اللة""؟"
27526,لله درك ياتنظيم الدولة .
27533,هل تعريف أنت ماهي هده الدولة ؟ معدا غزة وداعش ليس هنالك شيئ؟؟
27537,أخطاء حكام الخليج وظلمهم ادت الى تأدية الابرياء لثمن ذلك ،اللهم ان هذا منكر
27538,"كل دول عربية ملكننا 
والمجد لامبراطورية فارس"
27539,اليس هذا التفجير بمسجد يؤمه المصلين لعبادة الله فمن هي الجهة التي تريد تنفير العباد من العبادة ؟؟؟
27545,"الصحفى الامين امين فى نقل الحدث دون تجميل او تلفيق او زيادة               
ماعدا ذلك فليتحمل العقاب"
27551,منطقة بهندستها المعمارية المميزة والمصنفة على قائمة التراث العالمي لمنظمة الأمم المتحدة للتربية والعلوم والثقافة .متى يجتمع مجلس الامن الدولي ليستبح أعراضنا؟
27552,ارجو التصحيح المواجهات ليست بين الشعانبة وبني ميزاب بل بين العرب وبني ميزاب
27557,لاتنسوا تعدلوا الكرافات عشان الصورة الجماعية   مع ابتسامه لو سمحتوا...  نقطة انتهى الإجتماع.
27558,اذا كان من حق كل دولة تقرير مصير شعب دولة اخرى فسورية والاسد يقول يجب تنحي كافة حكام الدول العربية خصوصا الحكام الشموليين في الخليج
27566,هذه الجمله لها عدة معاني وتفسيرات
27568,تحسبهم جميعا وقلوبهم شتى.
27571,المضحك بالموضوع أن قناة بحجم الجزيرة لم تعرف سبب العراك أو لعلها لم تريد أعلان السبب لأجنداتها.
27575,الواقع انه فخ ومن اسوأ والعن الفخاخ
27577,هنيئا للدولة الاسلامية
27592,"ومتي تظهر نتائج التحقيق في وفاة وأصابة الالاف من حجاج بيت الله الحرام في مني ؟؟!!
الله أكبر من الخلق وخلقه"
27603,المجرم يؤكد والنايم ينفي .
27604,يمنيين مرحلين لكن هذه المره أستفادت منهم السلطات السعوديه..
27605,اعتقد ان من حقي ان افول ان نعال اي يمني يدافع عن عزة و كرامة اليمن ضد الرجعية تاج على راسي. عيدكم مبارك يا اهلنا في اليمن الحبيب.
27610,حلوة منك عيوني ،أروحلك فدوة لهتعليق
27619,حققوا في الصورة...هل يمشيان جنبا إلى جنب...أم أن أحدهما متقدم بخطوة والآخر يتبع سيده...
27621,غادر رئيس الوزراء الكندي ستيفن هاربر بغداد بعد ان امضى اقصر وقت للقاء العبادي حيث لم يتجاوز الساعة مع حفل الاستقبال لتفتبش الحرس الجمهوري داخل المنطقة الخضراء وغادر الى اربيل!!!
27623,اصبح هذا الخبر يتم نشره آليا كل 5 ايام
27626,اصبح هذا الخبر يتم نشره آليا كل 5 ايام...
27631,"عليك مراجعة الغزوات الإسلامية وماهيتها وجنودها وأسلحتها وطريقة استعمالها ، بعدها ستعرف ماذا تفعل الدولة الإسلامية وما قصدها  ولن تستغرب بعدها.


دولة على منهاج النبوة"
27633,شكرا لتنظيم الدولة .
27634,لا احد يجزع فهم يطبقون التعاليم الاسلاميه بحذافيرها .. اما ان توافقهم بما يفعلون او ان تكفر بما انزل من على هذا الدين
27635,ومالذي تفعله انت في الغرب؟ تتمتع بملذاتهم وخدماتهم ثم تلعب دور الاخ المجاهد الزاهد المهاجر هنا؟ ارحمنا وارفق بنا فوالله امثالك لا توجد كلمات لوصفهم
27642,مند زمان ضد الصفوين و تتشتهم و تنصر المجاهدين اشلون اليوم تسبهم لمادا تتلون  يعني انت كنت مندس اعرف الرجل ادا عنده مواقف  لا يترجع عنه و لو يموت حتى البودي  لو تقتله ما يترك  عبادة الفران سبحان الله
27645,رايت هذا الفيديو والكثير من الفيديوهات الخاصة بالدولة تحمل اسباب الاعدامات وحتى بعض المناطق تكون مدمرة بسبب هذا الشخص الذي يعدم بها .. والله لا اظن انها زائلة فكلمة الحق عند الدولة هي من اقامتها
27650,اتحاد طلاب الافغان فرع مدینة البعوث بمصر الشقیقة تتمنی لجمیع المرضی الشفاء العاجل و توصی بممارسة الریاضة و عدم الجلوس الطویل.
27678,خيرت فيلدرز لا يمثل الا نفسه، ويجب عليه ان لا يستعمل صيغة الجمع (نحن) بل هو وحده.
27680,لقد تصفحت للتو الديلي ميل والإندبنت البريطانيتن، الغريب أنني لم أعثر على خبر المظاهرات ولا صورة للمتظاهرين مع أنني جربت أكثر من رابط وأكثر من صفحة.
27682,( وَلَنْ تَرْضَى عَنْكَ الْيَهُودُ وَلا النَّصَارَى حَتَّى تَتَّبِعَ مِلَّتَهُمْ )
27700,"اللهم انصر دينك وكتابك وسنة نبيك........اللهم تبث اقدام اخواننا المجاهدين وانصرهم على اعدائهم,أعدائك وأعداءالدين وأعداء عبادك المومنين .... انك على كل شيئ قدير."
27701,"في انتظار اصدار ""شفاء الصدور 14"" بإذن الله. ما عند الجيش الحر مشكلة في التحالف مع أي جهة كانت لحرب الدولة الاسلامية. حسبنا الله."
27703,يقول أبو زيد في علياء: له حبّة أحلى من الما على الظما...وأحلى من الحالي وكل معاش...وأحلى من اللي ينقب الطير راسها...لو ناش من بين الجريد ما ناش.
27709,ما يحصل في اليمن قد حصل في لبنان، سوريا و السعودية وجهان لعملة واحدة. حرب اهلية و قتل لقرن من ثم انظمة تسقط...
27711,اسف يالجزيره قسم اني احب هالقنااااااااااااااه
27714,أتساءل إن كان موقع الجزيرة.نت يوفر الحماية اللازمة لزائريه٠ :)
27729,طب مالك زعلان؟؟ و كمان نسيت تقول آمين :)
27732,خاف ربك يا بني ادم؟ لا تطلق لقب امير المؤنين الذي اول من تشرف به عمر ابن الخطاب الا على من يستحقها
27737,الان بدأ الحزم وبدأ الحرث..انها بذرة الخلاص والتحرير..اللهم انصرهم على اعداء الاسلام ومن والاهم..اللهم انصرهم على كل ظالم مفتري..اللهم انصرهم على كل منافق وكاذب...اللهم آمين
27738,الخبر نفاه العسيرى و ما له لازمة الكلام
27739,ماكنت بعرف انه في شيعه في الجزائر
27740,المشكلة ليس بالدخول لكن كيف سيخرجون؟؟
27741,30 جندي أم 30الف؟
27747,ومن يهن الله فما له من مكرم.
27748,"مسلم بالبطاقة ربما...يقول الله عز وجل القاهر فوق عباده:""قد بدت البغضاء من افواههم وما تخفي صدورهم اكبر""."
27768,المخابرات الفلسطينية تعتقل شقيق الشهيد التاج عليه رحمة الله
27770,اين افورقي رئيس اريتريا...؟؟؟
27772,الله يرحم صدام كان اشرف وكان سد المنيع بوجه إيران (...).
27786,اللهم أحييني وطول في عمري حتى أرى  التمدد الأكبر. أمين
27788,طابخ السم دائقه .
27795,بهوت اتشاه ترتيب
27796,"انجيلا و فرانسوا يحترمان إرادة الشعب اليوناني
أما إرادة المصريين فلا بواكي لها
الشعوب العربية دون الدواب لأن الدواب لها إرادة وتحترم."
27797,هل يكفي الصابون لغسل اليدين ، و اذا كان الصابون هو الحل الامثل لماذا نستخدم المطهرات كالديتول مثلا للتنظيف ، يرجى مناقشة هذا الموضوع مع مختصين و خبراء ، بارك الله فيكم ووفقكم لكل خير
27798,ايهما افضل لغسل اليدين الصابون العادي ام الصابون المضاف اليه مواد مطهرة كالديتول مثلا ، يرجى الكتابة بالتفصيل عن انواع الصابون و فوائدها ، بارك الله فيكم ووفقكم لكل خير و شفاكم و عافاكم من كل سوء
27808,باقيه وتتمدد سبحان الله ....
27820,افكر اشتري البيضه النادره واقدمها هديه للجوهره النادره رولا ابراهيم .
27821,فين تعليقاتي ؟
27823,نتمنى ابتكار تطبيقات لحل المشاكل الصحية و الاجتماعية للعائلات العربية ، بارك الله فيكم
27829,الدوله الاسلاميه مرت من هنا رحم الله شهداء الدوله الاسلاميه.
27836,"ماهو العراده من الجوف.وهي محافظه كبيره وفيها مليون بيت,والبيوت مفيشات,العراده له الفيش الكبير , والمطوع فيش له,وكل كهله فيش فيش, والكهله اللي ماتسدد يسحب فيشها."
27847,الاقصي اولي بالدفاع عنه ..
27853,الان محافظة مارب اصبحت تسمونها شرق صنعاء
27855,الزعيم علي عبد الله صالح نفديه بأرواحنا وبعيد عليكم كبعد تحرير فلسطين من اليهود.
27865,والله انهم مرتاحين اقسم بالله والله انه البلد العربي الوحيد اللي مرتاح .
27871,ليس في الموضوع اي شيء عن الصحة
27872,أين تعليقنا يا قناة الجزيرة ؟!! هل ما زال في طور التدقيق منذ ٢٤ ساعة ؟!!
27891,لا يبدو اي اشارة قلق وجها هذان الرجلان العظيمان.اري الابتسامات العريضة.
27892,شكرا على المعلومات المفيدة جدا و نتمنى المزيد و المزيد من التوعية الصحية و الاجتماعية للعائلات أطال الله أعماركم و الله يعطيكم ألف ألف عافية و يشفيكم من كل سوء
27893,یا شیخ الکریم نرجوک ان تترکنا فی حالنا اذهب مشروعک الی قریتک رجاءا ...
27898,*العودة* إلي أين؟ نقطة ثم *العودة* إلى السطر٠
27906,الحل الوحيد هو الغاء ما يسمى بالمدرسة الدينية ووضع منهاج وطني موحد للجميع
27926,تتحدثون الان عن سقوط الاطفال والنساء بصواريخ السوخوي الروسية الموجهة بالليزر ... وكأن الغارات الروسية لا تصيب معسكرات داعش وحلفاء قطر في سوريا من الارهابيين  بمختلف تسمياتهم
27930,اىحل اىحل اىحل
27933,"أسأل الله العظيم رب العرش العظيم أن يحفضكم من شر أعداءكم, اللهم آمين يا رب العالمين."
27936,"الموضوع انتهى لان قرار وقف العدوان لم يكن بيد السعودية""""والا كيف طرف آخر يعلن ان العدوان سيتوقف يسبق اعلان السعودية؟؟"""""
27956,يا ترى ما مدى حرية الاعلام السعودي؟؟؟؟
27960,هذا ما يستحقه كل ارهابي يريد قتل الناس واغتصاب نسائهم ونهب اموالهم ، تحية طيبة الى الشرطة والقضاء الاميركي
27968,حسسكم زعلنين لكن الحمد لله نحنو الان احين بكتييييييييييييييييييير
27992,تأشيرة الدخول شرع محكم بنص القرآن والحج أو العمرة بالمخالفة بــــــــاطل ٠
27994,بأمر من فخامة الرئيس السيسى يتم تحويل أموال جماعة الأخوان الى صندوق تحيا مصر و فعلا تحيا مصر و السيسى رئيس مصر .
27998,أين النائب الكويتي الذى قال : على الحوثيين أن يتجهوا للبحرين ؟!
28004,ايران تحتجز سفينةامريكية!!
28015,كيف تصل المساعدات وقصف وحصار التحالف والتفجير لم يتوقف بل ويصل الى المساجد والمستشفيات
28026,اهم شي عمان و ايران بيكونوا 19 صايمين
28032,نعم ، أؤيدك.. إسأل جدتك يمكن أن تخبرك بالمزيد عن ماضيكم العريق.
28033,يا عبد الله  قل الحمد لله الذي عفانا مما ابتلاهم به وفضلنا على كثير من خلقه تفضيلا  و من ستر مسلما ستره الله يوم القيامة  لا تضحك على الناس  ولا تفضحهم فيبتليك الله بمثل ما ابتلو به ........نصيحة
28042,آه يا .....
28043,هذە طفل لیس سوریا، انە کوردی من کۆبانی
28044,"السلام عليكم ورحمة الله وبركاته
اتق الله ماهذا الكلام الذي تفوهت به؟"
28048,متى؟كم من سوري استقبلته السعودية؟لكم سوري يكفي راتب يوم اميري سعودي.قالت السيدة ميركل المكة اقرب لهم ولكنهم اتوا الينا لان الغرب يكرم الانسان ولايهينه
28049,ما عهدناكم إذا ما استدعتكم المروءة إلا ولبيتم وكنتم رجالها. ولكننا في الآونة الأخيرة نفتقد مواقفكم ويزعجنا صمتكم. عسى المانع خيرا، ولا أصابكم مكروه، إنشاء الله!
28053,الالمان يقولون عويل علي مستوي عالي؛مقال ليس ضروري ترجمته لانه يعالج مشكلة ليست من واقعنا العربي.تماما كان تشتري في دولة خليجية مانع تجميد البنزين في السيارة .
28057,أخطر دين فاشي يجب حظره بالعالم المتحضر حتى لا يتسبب في تدمير حياة المسلمين أنفسهم و يؤذي الآخرين
28058,"آمل من القائمين على قناة الجزيرة توخي من أين يستقون المعلومات ومن يزودهم بها للوصول الى الحقيقة  وعدم تضليل القراء.
مع جزيل الشكر للجزيرة على الاهتمام."
28062,اخبار اليوم تنقل تزايد القتلى من (الجيش والحشد) وتبقى اليد الطولى لاسود الدولة (وان جندنا لهم الغالبون)
28064,العريس جاهز لكن العروس تتغلى!قريباً تسمع ما يسرك  ويفرح  الاحرار (لكل اجل كتاب)
28076,انا مسلم ولکن انا اعتقد حق لکل بشر ان یختار دینه وانا اعتقد دین زردشت من ادیان توحیدي وزرتشت من انبیا
28081,التعليقات كلها متعصبه و عصبيه و عصيبه  .
28083,لانلوم المجر اذا مكه اقرب واغلقت حدودها .
28084,المجر تغلق أبوابها أمام اللاجئين وماهي أخبار اليوم عن أبواب قطر والسعودية أمام اللاجئين
28095,الدكتور محمد جواد ظريف دبلوماسي محنك و ليس مراهق يحمل دفتر شيكات.
28097,"قال رسول الله - صلى الله عليه وسلم - : "" لو أن لابن آدم واديا من مال لتمنى واديين ولو أن له واديين لتمنى ثالثا ، ولا يملأ جوف ابن آدم إلا التراب ""
ملايير الدولارات يوميا لم تكن كافية"
28102,الحمدلله ان هذا التفجير لم يذهب به ابرياء .. اما من اراد الحصول على 4000ريال فقط ليقف ويحمي من يستمتع وينهب بخيرات البلد فنقول لهم توبوا الى الله
28104,خاف الله ولاتكون عونا للشيطان على عباد الله المجاهدين.
28116,حتى إسرائيل ذاتها تحترم خصوصية الكنائس ولا تقتحمها وإن تحصن داخلها مطلوبين لا أدري ماحجة داعش في تدمير بيوت الله بالرغم من أن مباديء الشريعة تحظر مهاجمة معابد الغير خلال الحرب فما بالكم بالمساجد
28126,أذا اردت ان تعرف أين تصنع المعجزات فعليك مبايعه دوله الخلافه والالتحاق بصفوفها فهي خير ما ارسله الله للعباد.
28128,لم تنشري التعليق يا جزيرة
28135,السعوديه معها حق ان لا تلعب لاسباب سياسيه ودينيه اما الامارات فهي بعيده عن الواقع الديني او السياسي....الخ
28137,لماذا لا تستقبل السعودية وقطر هؤلاء اللاجئون؟
28142,أتمنى لكم النجاح الأكبر والرقي للأمام شكرا
28145,الدولة لااسلامية باقية و تتمدد. و مايكل مات مسلما والحمدلله
28147,من الممكن أيضا أن يكون أنصار نظام الأسد (المخابرات) هم من يقف وراء هجوم تونس ضد السياح و هجوم الكويت ضد الشيعة و هجوم فرنسا ضد مصنع الغاز لتخفيف الضغط على الأسد و صرف الأنظار نحو تنظيم الدولة
28149,ما ان لم تدخلوا على الكيان الصهيونى والصهاينة بدمشق وتردموهم هناك فلن سينعم الشعب السورى بسورية ابدا والله ينصركم ويرحم شهدائكم امين رب العالمين
28150,شكرا على الموضوع المفيد ، و نتمنى المزيد و المزيد من التوعية الصحية و الاجتماعية ، للحفاظ على صحة العائلات و ديمومتها و سعادتها و هناء عيشها ، أطال الله أعماركم و شفاكم و عافاكم من كل سوء
28151,قال تعالى: ( و جعلنا من الماء كل شيء حي افلا يؤمنون ) الانبياء 30  ، بارك الله فيكم و كل عام و انتم بخير ، رمضان مبارك
28157,واضح جدا ودي عايزه سؤال بص النتائج على الارض بس خير امه ؟؟؟؟
28162,لله در اسود الخلافه اللهم انصر عبادك المجاهدين
28164,وين ماشي؟ ! خليك قاعد!
28173,هههههه عظيم والله اسود الدولة يقاتلون كما في زمن  الصحابة رضوان الله عليهم   لله درهم
28175,لم تؤدي لأصابات حسب رأيه!!مهمة سياحية وانتهت
28181,السفن العسكرية الإيرانية لم تصل بعد إلى خليج عدن فأنهوا المعركة والعدوان على اليمن!!!
28183,آخر هدف تمت الاغارة عليه هو مزرعة دواجن..لان في بطونها مخازن اسلحة
28184,لو كان قرار وقف عاصفة الحزم هو السعودية لما سبقهم في الاعلان عن وقفها احد مساعدي خارجية دولة في المنطقة
28185,امر ملك السعودية بمشاركة الحرس الوطني في عملية عاصفة الحزم..وفي نفس اليوم يتم الاعلان عن وقف عاصفة الحزم والجزم...كيف؟؟فمن هو صاحب القرار؟؟
28190,كان البعض يعيب على السعودية انها تشتري السلاح وتكدسه في المستودعات حتى يصدأ..فاثبتت السعودية الان انها تستعمل هذا السلاح لكن في الزمان والمكان المناسبين..وبذلك وضعت اصبعها في اعينهم
28191,من الذي ورط دول الخليج في المستنقع اليمني؟؟؟فاما امريكا او احدى دول الخليج او ان صغار السن في الحكم ضللوا كبار السن
28197,احلف بالله ان وضع الخليج محزن لانهم ضلموا انفسهم وضلموا الشعوب العربية في العراق وليبيا وسورية واليمن ايضا فجاز عليهم الحزن..فليتركوا المكابرة وليعيشوا الواقع...
28198,يادوسري نعيش في بلدان فقيرة لكن بعزتنا وشموخنا وعلمنا وفكرنا السوي وسيعود المال العربي من خزائن امريكا الى خزانتك يا شبعان وفقير كل شيئ
28199,لماذا معظم الضحايا هم اماراتيين؟؟فكم عدد اهل الامارات ليتم قتل هذا العدد من جنودهم؟؟
28200,رغم اسلحة امریکیة و الطائرات الامریکیة لا قوة للتحالف العربی لهدم الحزب الصغیرة (انصارالله) بعد سبعة اشهر
28201,صدقت في المكان و الزمان المناسبين .الزمان هو اولى ساعات الفجر .. و المكان بيوت فقراء اليمن .
28203,أعلن اليوم تنظيم الدولة في اليمن مسئوليته عن الحادث وقال ناطق وزير الداخلية أنها سيارات مفخخة وليست صواريخ حوثية
28206,بهمش
28208,اللهم رب الناس أذهب البأس و اشف انت الشافي لا شفاء الا شفاؤك شفاء لا يغادر سقما ، شكرا على الموضوع المفيد جدا ، أطال الله أعماركم و شفاكم و عافاكم من كل سوء و بارك فيكم
28223,وهل يستطيعوا هم دخول السعودية بريا ؟!
28225,يجب على قائد اللواء أن يخرج على الإعلام ويقسم بالولاء للشرعية .
28238,اعتقلوه بسبب مقابلته الأخيرة واخذ المعلومات منه..
28251,33 قتيل شيعي. 33 سبحان الله! 33 الحمد لله! 33 الله أكبر! وإذا قتل خلال الأيام القليلة القادمة 3333 شيعي فعندئذ 3333 سبحان الله و 3333 الحمد لله و 3333 الله أكبر!
28255,يا سيد جيلالي نحن في تونس نمنع على أنفسنا منعا باتا أن نقول كلمة غير أخوية عن الجزائر
28257,اين الرابط؟ ارجو اضافة الرابط
28260,لا سحبت بل لمس الكتف لكي تناديه. كانت بحاجة إلى شخص لدفع سيارتها.
28266,خطأ كبير وقع فيه كاتب المقال. كيف يعقل أن النمسا لها حدود مع النرويج !!!
28274,حتـى لا يتهم إبن صلب أبيه في صدقه حرص لا عودة لطيش رشاش وبعثرة في قلب صبية .
28276,لكن نظيم القاعدة في جنوب اليمن في تسجيل صوتي تبنى العملية
28277,الحمد لله على نجاح العملية
28281,بضاعتكم ردت اليكم
28288,طبعا هذا يحدث لأننا تدخلنا كثيرا في حياة المسلمين وجعلنا حياتهم مستحيلة والمسلمين ليسوا حمقى. ولا ننتظر رحمة منهم عندما نرمي عليهم المتفجرات. فالحل هو أننا نتركهم بسلام كي يتركونا بسلام
28297,و بعدين
28298,"اجتماع جنيف بقياده الامين العام للامم بان مون يمني-يمني وليس (5+1).فربضوا طائراتكم,ووزعوا دبلوماسييكم اللذين كانوا في اليمن على اللجان المشتركه بينكم,وبالتوفيق."
28302,اقترح على شركات انتاج المعلبات التبرع بالمعلبات التي لم تنجح في بيعها الى الفقراء حول العالم و الله الموفق
28310,المرجو وضع اسم الموقع !!!
28311,ممكن ان احصل على الموقع
28315,عــــــــــــــــــاش المـــــــــــــغرب مــــــــــن طنجـــــــــــــة مروراً ببـــــــــــــوسكــــــــــــــورة إلـــــــــــــــــــــى لــــــــــــــغويــــــــــــــــــرة
28321,"لاحظوا تعليقي ورد أخي ""مغربي مسلم "". معاً على طولالخط و ندعوا لبعضنا بالخير. هذا لا يتحقق إلا إذا خالط الإيمان بشاشة القلوب"
28322,لماذا لم يحرروا سبة و مليلة.... والا ليست هناك مسيرة البندير؟؟!!؟؟
28324,يوما ما ستبايعنا تنذوف كما بايعنا بو تفليقة
28325,بسيط جدا. الجزائر تحسد المغرب على الاستقرار والسلم والنمو الذي يعيشه!
28330,و یمکرون و یمکر الله والله خیرالماکرین !!
28338,المشكلة انه الطرفين بصلوا 5 مرات يومياً لنفس الرب... والله حيرتوا لربنا شو بدو يعمل فيكم.. وين يا عباد الله و اعتصموا بحبل الله جميعا ولا تفرقوا؟ ولا يدخل أحدكم الجنة حتى يحب لأخيه كما يحب لنفسه..
28342,ومنذ متى كانت تهمنا الادانات  اصلا هؤلاء المذكوريين في العنوان  جاي دورهم  لا محالة
28346,معك كل الحق في هذا التصريح. إسرائيل دولة محترمة وتستحق إحترام الجميع.
28369,الخاسر الوحيد في النهاية من تدخل بما لا يعنيه وخصوصا السعودية..التي سيكون لها جولة مفاوضات مع اليمنيين لتأمين حدودها مع اليمن
28373,دكثثثثثور قلباوقالبا...
28377,هناك فعلا طريق مختصر يمر أسفل قارة أسيا من ناحية الشمال وبعدين تاخد يمين على قارة أفريقيا. عند أول يو تيرن توصل على أوروبا عدل
28383,اخيرا تحررت فلسطين ورجع اللاجئون والمشردون والدنيا بسلام وألف خير!! آه نسيت قطعة قماش وعلقوها! على كل حال جل دول العالم مستعمرة بطريقة او اخرى!!
28405,ما يهمني في هذا الأمر هو حالة الجبير النفسية وهل سيواصل القول برحيل الاسد بخيار عسكري وهل سيستخلص العبرة ويلتفت للانتفاضة الفلسطينية
28413,حماس تلعب على الاوتار
28417,اليهودية، لأن المسيحية والإسلام هي الديانات الثلاث المعترف بها من الله. يجب علينا أن تخجل من ما قمنا به العرب أو المسلمين ضد الشعب الأعزل في سوريا والعراق.
28431,هذا هو الرابط لقد سمح لهم المرجوا نشر أخبار دقيقة : أدخلوا موقع روسيا اليوم ستجدون تقير وافي و قد تم إحياء المناسبة
28432,قرأت نفس هذا العرض في جريدة فرنسية وتصادف أني قرأت الرواية وللأسف بعض الامور المترجمة تفتقر للدقة المطلوبة بشكل خاص قصة يوسف شقيق الفتاة
28440,بسم الله الرحمن الرحيم... باقية وتتمدد
28441,أنصحك بتغيير اسمك
28449,"كيف ينتصر الحق و لا يوجد فى سوريا سوى الباطل؟
لا احد على حق فى سوريا"
28457,يااااسفاً على مصر .. ابيضت عيناي من الحزن ..
28465,انت سألتني عن واحدة فقط؟ ها؟ هاك الاسم!؟ وضحة حمود جاسم الشمري من مدينة ربيعة المحتلة. العمر 14 سنة. اغتصبوا 17 بيشمرقي وتوفيت بعد نزيف غزير. التقرير من هيومن وتش عن 55 شاهد
28469,الله يحفظ مصر من الارهاب الداعشي ويحفظ قائدها السيسي العظيم
28492,دولة الخلافة الاسلامية باقية باذن الله وتتمدد
28506,عدا تعود الأسود فتفر الذئاب.
28511,يعني زي ما تعثر في القصير و درعا و القلمون الغربي و رنكوس و حلب ؟
28512,"( يا أيها الذين آمنوا إن جاءكم فاسق بنبأ فتبينوا أن تصيبوا قوما بجهالة فتصبحوا على ما فعلتم نادمين ) .

 اتقي الله حتى لا تصبح من النادمين"
28523,اللهم انصر الدوله الاسلاميه
28526,لما حووا إحراز كل فضيلة 		غلب الحياءُ عليهمُ فتلثموا
28534,ما رأي الملكة رانيا العبدالله؟  لم نسمع صوتها
28543,هل سمعت بحديث الرويبضة؟؟!!
28548,انكم تدعون المجتمع الصهيونى اين المسلمون
28551,والله ان الدولة احرص علي دير الزُّور واهلها منكم.
28552,قد فاتهم القطار، لكن فليستبقوا الأحداث قليلا ويدربوا الايرانيون  أفضل لانه بعد فتح بغداد ستكون فتح طهران هي من الاولويات.
28554,شسسي
28563,نازي يبربر من عند اخواله النازيين الهلكى.
28564,الصراخ على قدر اﻻلم.
28568,فيه شيء مانعرفه؟؟؟؟؟؟؟؟؟؟؟؟؟؟؟؟؟؟؟؟؟؟؟؟؟؟؟؟؟
28569,حينما اقرأ الردود على مواضيع سياسية او اقتصادية أو اي مواضيع حية لها تأثير على المنطقة وقد تقوم بتغيير  الكثير في المنطقة  على الجزيرة والمواقع الاخبارية الاخرى تتضح لي أسباب ما نحن فيه . السموحة
28572,"ليس هناك مسلم خارجي أو مسلم أجنبي في خلافة على منهاج النبوة كلنا أبناء أمة واحدة,باقية وتتمدد إن شاء الله."
28575,عمرة  واحدة في العمر و حجة و احدة ثم ان كان لك مال زائد فعود به على الفقراء و المساكين خير أن يمول به الحروب على المسلمين و الانقلاب عليهم و أنت لا تشعر.
28576,الدولة الاسلامية باقية وتتمدد
28583,رائع
28586,الشعب السوري دفع فاتورة ثقيلة وعظيمة وتاريخية، جاء دوركم فكما تدين تدان. ...
28588,ممنوع الضحك بصوت مرتفع.
28590,هم مع الخميني في الاخرة، وهل هناك احسن جيرة من جيرة الخميني؟ صلواااات مباااركاااات.
28600,حركة المثنى ( الإسلامية ) عبارة عن فرع تابع لقطر شبيه بأحرار الشام يعمل في درعا والمقصد توضيح عقيدة وفكر هذا التنظيم لمن يجهله .
28606,هذا دين السنة مبروك عليكم انشاء الله كلكم راح تدخلو الجنة و حور العين منتظرة و جوهكم
28608,بسرعة خلي ملك السعودية يرجع من المغرب ما له نصيب السنة هذي ينبسط.
28609,انا قلق ...
28610,من زرع الارهاب حصده ، فالوهابيون ضخوا المليارات في جيوب الارهابيين منذ ايام السوفيت الى يومنا هذا
28611,كف هناك يقابله كف هنا وراشدي هناك صدى طرقعته يدوي هنا وهكذا إلى أن تضع الحرب أوزارها.
28616,شفت عاد كيف يا ابو حميد ؟ كما قال الشاعر ( دنيا تقلب كل يوم على حال .. الخ  القصيدة )
28617,تقصد قطر
28622,"الآية غلط يا ""عرابي""... ابقى المرة الجاي تأكد"
28637,لن تحل مشكلة اليمن الا بمحاسبة من قامو بدعم الحوثي وصالح وهم حكام الامارات والتويجري .
28641,هو الى زوال  اؤكد لك ذلك انشاء الله، وانتظر قريباً المفاجآت!
28645,اللهم أشغلهم بأنفسهم، واجعل كيدهم في نحرهم، واجعل تدبيرهم في تدميرهم، ودمرهم تدميرا، ومزقهم شر ممزق، يا قوي يا متين يا الله !
28651,يا ايها الذين آمنوا اذا جائكم فاسق بنبأ فتبينوا  ان تصيبوا قوماً بجهالة فتصبحوا على ما فعلتم نادمين .
28652,باقية
28655,بعد أن قرأت عنوان الخبر تملكتني مشاعر الاطمئنان والثقة بنصر الله وأقول الآن اللهم لك الحمد والفضل والمنة
28660,"الى الياس= سنرى اخرتها من سيحرف سيحرث البحر  ""انتم وعدتمونا با الهزيمة ""والله وعدنا با النصر ""والله لن ينجز الا وعد الله ....والايام بيننا"
28662,شعلت مصرالحرب عليهم والكل من شعبهاالراضىالساكت عن حكم وجيش المستعمرين وتدفع الثمن
28687,"لو لم تلتقط الكاميرا هذه الصفعة لما تمت إقالة ""الطبيشي"" حتى لو شاهدت الحادثة ""كل العيون"" الحاضرة !!"
28688,من هو ملك الملوم ؟ تب الى رب واستغفره . استغفر الله العظيم واتوب اليه من كل ذنب عظيم .
28689,اول يوم اصبح ملكا توسمت فيه الخير ورجوت الله ان يسير على خطوات اخيه الشهيد فيصل الذي ما زال حبه يملا قلوبنا لثباته على الحق ودفاعه عن اهله سبعة يظلهم الله يوم لا ظل الا ظله منهم امام عادل
28692,نادوا يا حسين يا حسين ليصلح لكم الكهرباء !!  هههههه
28695,بدون تعليق
28696,شعب تربى تربية بعثية بعيدا عن اخلاق الكتاب والسنة . ماذا تنتظر منه
28713,اي ايام الاسيوع وافق يوم 35 اكتوبر المذكور في الخبر
28717,اليهود اهلنا و نحن أبناهم، و من يعتدي عليهم يعتدي علينا. أسأل ربنا أن يهدينا إلى طريق الحكمة و العدل.
28724,كل ماكتب بالعربية احرقه بﻻ تردد وﻻ تبقي  غير القران المنزل واحاديث النبي محمد صلى الله عليه وسلم
28736,شاشه لا رولا فيها ..جدول لاماء فيه .. منوره استاذه رولا ابراهيم. تقبلي تحياتي واحترامي وتقديري (( رولا ابراهيم منوره ))
28757,اسباب التدافع معروفه استهتار بارواح الناس وهي اغلاق البوابات امام مئات الالاف من الحجاج من إجل مرور موكب أمير.
28758,دائما اﻻعداد المكونة من صفر و واحد محببة للذاكرة ويسهل حفظها وتكون في متناول الفكرة بعكس اﻻرقام اﻻخرى المشوشة
28765,مبروك!
28768,هذا العدد غير صحيح حاله الوفاه ١٧٣٢ هذا هو العدد الصحيح
28779,القاعدة  هى صناعة السى اى اى مع التحفظ على طالبان
28783,صدقت اخى وجزيت خيراً. قال الله سبحانه وتعالى: إِنَّمَا يَفْتَرِي الْكَذِبَ الَّذِينَ لَا يُؤْمِنُونَ بِآيَاتِ اللَّهِ ۖ وَأُولَٰئِكَ هُمُ الْكَاذِبُونَ
28797,لاكن  ايش اخبار ابو رغال الخفقع باع الدحابشة
28805,المليونيات لن تخرج ثانية الا اذا لم يجد الملايين الطعام أو الشراب أو الاحتياجات الضيقة.
28808,و يمكن كسر روتين الصيام بممارسة الجنس و المضاجعة مع الزوجة في صباح يوم العيد و هذا يؤلف المحبه بين الزوجين و كل عام و انتم بألف خير
28819,بحر الميت عندكم لا تنسوا........
28823,لماذا كل هذا الاحتجاج؟ الحرية الجنسية مسموح للجميع
28826,لا تتخذوا الشيطان ولي لكم يا قوم، سيتبرأ منكم يوم الدين ويترككم. عودوا إلى رشدكم هداكم الله.
28834,لان الخيار الاول *ارهاب وضد الانسانية والتقدم * اما الخيار الثاني   يعتبر*الاسلام الوسطي المعتدل*
28840,"نقول لاخواننا السوريين كما قال الخطيئة: هيا ربّاه ضـيفٌ ولا قِرى بحقِّـك لا تحرمه تالليلة اللحما,وقال ابنه لمّا رآه بحيرةٍ أيا أبتِ اذبحني ويسِّر له طُعما"
28847,"الإخوة الكرام في الجزيرة،
أرجو توضيح عدم نشر تعليقي وذلك على بريدي المعروف لديكم. هذا مهم لتجنب المحاذير التي قد تكون موجودة عندكم ولا علم لي بها، وشكرا. 
الرجاء عدم نشر هدا الطلب للتوضيح."
28848,موضوع رائع ياجزيره، بس فيه تكروني مزعجني فليحذر، مانرغب فلا يرغبنا
28850,يشترك اخوتنا الفلسطينيين بكافة توجهاتهم وانتماءاتهم السياسية هو ان مصدر دخلهم الأساسي هو القضية الفلسطينية نفسها
28852,اللهمّ أرسل عذابك على المعتدين ودمّرهم تدميرا
28853,الزملة
28854,فول سوداني
28863,يجب تسديد النقص من ودائع السعودية و قطر و تركيا المودعة في البنوك الغربية. هم من اثار الفتنة و هم من يتحمل نتائجها.
28904,يرجى كتابة موضوع كامل عن مواصفات فرشاة الأسنان الصحية ، و كيف يمكن اختيار فرشاة الأسنان الصحيحة من المحلات التجارية ، أطال الله أعماركم و شفاكم و عافاكم من كل سوء و بارك فيكم
28915,هناك وجهات ومزارات وبدائل أخرى للحج عند الشيعة فلا خوف من هذا القرار
28923,الحادث صحيح و قد حصل باعتراف السعوديين انفسهم لذا يرجى عدم التلاعب بالالفاظ لتصوير المشكلة و كانها سياسية او اقتصادية.
28931,يقول مراسل الجزيرة كما في التقرير اعلاه ان مصادر عسكرية عراقية انها تتوقع اقتحام الرمادي قريباً ضع مائة خط تحت قريباً(اسبوع ،شهر ىسنة)نحن بالانتظار والفهم عند الشطار!
28937,الاناء ينضح بما فيه
28938,حضرتك بفكر على الشوكليب ؟
28941,أعوذ بالله من الشيطان الرجيم.
28951,"نعم ,الاان العلم لم يصل للتفسيره ليتصل  بالقر د والندرتال وثم الانسان فبينهم حلقةفارغة لم يحدد العلم من هو وان وصل العلم لتحديد ان الندرتال هو تاريخ للانسان حينه نجحت نظرية داروين عن التطور"
28952,الراشي والمرتشي فى التار
28953,ديفيد إنسان محترم بكل معني الكلمه، اسأل الله ان يوفقه لما فيه خير لأمته، هو الأمثل لهذه المرحله بغض النظر عن بعض الأمور، حركات بركات
28962,"عن أبي أمامة رضي الله عنه ، أن رجلا قال : يا رسول الله ، ائذن لي في السياحة . قال : "" إن سياحة أمتي الجهاد في سبيل الله "" .  اللهم اعز دولة الاسلام وحفض خليفتها  ومكن لجنودها  اللهم امين"
28967,هذه الاخبار قديمة حيث علمنا ان هذه المناطق تم السيطرة عليها منذ اكثر من شهر...عجيب؟؟؟؟
28981,في خبر الامس كانت المقاومة تسيطر على مطار عدن واليوم تحاصر المطار وقوات صالح والحوثيين..أي خبر نصدق؟؟؟
28984,و داوني بالتي هي الداء
28987,للاسف كلام وتعليق سطحي لا يستحق الرد . الله يهديك للحق
28988,"أنت ما  مصيرك؟ وبمن ستلتحق؟
الاسلام دين الفطرة لجميع الناس كيفما كانت ألوانهم أو أعراقهم أو سواء كانوا مرضى أو مجرمين... الاسلام يجب ماقبله."
28989,الاسلام يجب ماقبله.
28993,أَمَّنْ هَٰذَا الَّذِي هُوَ جُندٌ لَّكُمْ يَنصُرُكُم مِّن دُونِ الرَّحْمَٰنِ ۚ إِنِ الْكَافِرُونَ إِلَّا فِي غُرُورٍ (20)
28995,عندكم تقرير (علاج جديد لقرحة القدم الناتج عن مرض السكري) النص اللغوي مع التقرير لا علاقة له بالفيديو
28997,التعليق بعد التصحيح الاملائي ارسل اليكم للتو ..كلمة القلائل تم تصليحها القلاقل !!! نرجو المعذره ...هذا ليس للنشر وشكرا
29002,"لا نعرفه وحت في مصر لا أحد يسمع به !! الناس تعرف بمبادها و مواقفها  وقولها الحق ,لا برواياتها و حكاياتها !!"
29006,فابيوس نشاطر إيران في حربها على السنة
29008,"ملة الكفر واحدة, باقية و تتمدد"
29030,اخي
29032,لم نسمع اخبار عن عدد قتلى وجرحى قاعدة السليل. ممكن توضيح من العسيري؟
29037,مساع أوروبية لتقاسمهم.. نعرف ان قطر دائما سباقة للخير و ننتظر مساعيها لاستضافة 3 مليون لاجئ سوري فيها و فى دول الخليج و ده هيبقى افضل من الاموال التى تصرف على استضافة كأس العالم
29055,"يا سيدى
أعتبره زى المسجد فى اللى قطاع غزة و اللى هدمته حماس و كان بتأييد من القرضاوى ، على الأقل الجيش هدم المسجد و هو فارغ على عكس حماس اللى هدمته على رؤوس معارضيها"
29057,"مجلة فرنسية تفجر مفاجأة عن استهداف قطر لطائرة ""السيسي"" خلال زيارته لبريطانيا"
29058,الله يعز قطر وحكامها وشعبها ويجعلهم مثل مانبي ويجعل مانبي مايرغبه الله في عبيده، آمين
29061,"""بمشاركة الحرس الوطني""!!! ما شاء الله ! أبطال شجعان رأيناهم في غزة مع اخوانهم من كتائب  عز الدين القسام !
ما شاء الله! مثل هذا الخبر يرعب الحوثيين و ايران !! هايا الا الأمام !!!"
29067,التعليمات الامريكية أقوى من سلمان. أمريكا فعلت مع سلمان مع بداية عاصفة الحزم مثلما ما فعلت مع الاخوان عندما اطاحوا بمبارك. أعطتهم الفرصة حتى تدرس الوضع وتجد مخرجا لانقاذ شركائها.
29069,الملك سلمان صاحب الموقف والكلمه و نحن معه للتصدي للحوثي الايراني
29073,الله يشفيه ويشفي جميع المسلمين
29077,على ما يبدو ضياء متضايق كتير ، سلامتك يا عزيزي
29080,ممكن سؤال؟ شنو يقرب لك ولد الخضراء؟
29090,"في الحقيقة تصحيحك املائي وليس نحوي لان النحو هو علم تركيب الجمل والاعراب, اما ترتيب الاحرف في الكلمة فهو الاملاء, وخطأ الاخ واضح انه خطأ مطبعي بسيط."
29096,قوله تعالى : ( يا أيها الذين آمنوا إذا لقيتم الذين كفروا زحفا فلا تولوهم الأدبار ) الآية . وقال تعالى : ( يا أيها الذين آمنوا إذا لقيتم فئة فاثبتوا واذكروا الله كثيرا ) الآية
29112,اما تعميق الشراكه الثقافيه فكثر منه.
29114,بعد 40 يوم من القصف السعودي المتواصل الحوثيون على مشارف نجران .. عشرات قدائف الهاون على نجران و تعليق الدراسة و الطيران في المدينة .
29115,الحجاب ممنوع في مدارس فرنسا
29116,"لبنان يتسلم أسلحة فرنسية!! ومن يهدد أمن لبنان؟ اسرائيل؟ 
 موّلت شراءها السعودية!!! اذن لن تكون موجهة على اسرائيل !"
29120,حبيبي لا تحلم إصح إصح.
29125,و ایضا جرایم السعودیة ضد اطفال الیمن
29144,حسبي اللہ ونعم الوکيل   حسبي اللہ ونعم الوکيل    حسبي اللہ ونعم الوکيل   حسبي اللہ ونعم الوکيل
29148,"الحمدللات و اللات اكبر!, و اللات يرحم ابن خلدون! :)"
29166,مبروك للسورين فك الحصار وعقبال طردهم الى تركيا
29168,"افضل طريقة حديثة شبكة العنكبوت باللسماء  كيف
 اسلاك مكهربة لاترى  بالعين كخيوط العنكبوت   مغناطيسية ترسل للسماء بمناطيد تمسك بالطايرة   وتكهربها كمايمسك العنكبوت بالذبابة"
29169,الجيش العربي السوري  أم الجيش الفارسي السوري  ؟
29178,كم ركن للكعبة
29196,كيف يمكن الاستفادة من هذا الاختراع الجديد في الإغاثة و الإنقاذ اثناء الكوارث الطبيعية ، و هل يمكن تطوير هذا الاختراع للاستفادة منه في تطبيقات أخرى لخدمة الإنسان ، بارك الله فيكم ووفقكم لكل خير
29199,كيف يمكن استخدام هذا الاختراع لمساعدة فرق الاسعاف و الانقاذ للوصول الى المرضى بسرعة و تخطي زحام السير ، بارك الله فيكم و وفقكم لكل خير
29200,كيف يمكن الاستفادة من هذا الاختراع في خدمة المجتمع خاصة كبار السن ، بارك الله فيكم ووفقكم لكل خير
29201,حرام والله ياجزيرة ،،، أين الرأي والرأي الآخر ? ......
29210,الحمدلله.  الواجب على فصائل أهل السنّة أن تُشكّل كتائب للمقاومة لكي تبيد مليشيات الشيعة واحدة تلو الأخرى ولو أستغرق ذلك زمنا طويلا.  الصبر والعُّدة أفضل من الطيش والقتال بدون عدّة.
29212,كيف يمكن الاستفادة من مليارات الدولارات المدخرة في البنوك في انشاء مشاريع تنموية خدمية لتحسين الخدمات الصحية و الاجتماعية و التعليمية و المالية ، بارك الله فيكم ووفقكم لكل خير
29231,طبيب بيطري .
29232,"قال رسول الله صلى الله عليه وسلم: ""إذا سقطت لقمة أحدكم فليمط عنها الأذى وليأكلها، ولا يدعها للشيطان، قال أنس رضي الله عنه: وأمرنا أن نسلت القصة. قال: فإنكم لا تدرون في أي طعامكم البركة."""
29234,هناك من الناس من يعتبر الحشرات وجبة شهية.. وأنتم تخافون من سقوط بعض الطعام لمدة 5 ثواني على الأرض ولا تريدون أكله خوفا من التلوث؟! ولكن أنا مع عدم التقاط الطعام من باب الاحتياط.
29236,سبحان الله إسم على مسمى.
29239,اين مؤيدوا الدواعش ليقراءوا هذا الخبر فلله دركم ياشعب سوريا
29259,اقدر اتواصل مع الاعلاميه سلمى الجمل و رولا ابراهيم واحب امسي على الاعلامي محمد كريشان وتقبل تحياتي وشكري وتقديري
29266,هل من أخبار عن الشاعر القطري المسجون؟
29273,المقاومة الشعبية في اليمن مثل الجيش الحرفي سوريا شهرين وهي تتقدم ليل والنها ومزالت في ريف عدن والجيش الحر ربع سنوات وهو يتقدم ومزال في ريف حلب
29274,الواقع الميداني والعسكري والسياسي وحالة أطراف الصراع يؤكد بأن العاصفة الحزم لم تصل بعد للحد الأدنى المرجو منها، والذي قامت من أجله، بل عادت بجميع الأطراف مجددًا للمربع صفر.
29285,ضحكتنى و الله
29290,البل
29297,المكيف سبب في تعطيل الغدة النخامية
29303,الخلیج الفارسي
29307,قبل الندم ..اشترِ نفسَكَ اليوم  فإن السوقَ دائِمة و الثمنُ موجود و البضائع رخيصة وسيأتي على تلك السوق و البضائع  يومٌ لا تصِلُ فيهِ إلى قليلٍ و لا كثير( ذلك يوم التغابن   و يوم يعض الظالم على يديه
29308,30 يونيو يوم صنع الأمل و المستقبل
29317,قال الله تبارک وتعالی
29324,كل فرد ان يكون ملك نفسه وماحوله وكذا ضمن هذا الكون؟؟..تبقي في تحديد وإيجاد الآليات!!والتوصل للسبل و وأهدى التوصيات...
29333,هذي التحركات لاتخوف ابناء الحرمين بالعكس تقوينا هذه التحركات تخوف الحكومه فقط  سنسفيد من هذه التحركات وسيستفيد المواطن من هذه التحركات
29344,صار ملك عبدالملك.............يارعيه فاصمدوا.
29348,المعارضة السورية تنتظر أسلحة و مضادات حتى الآن.
29352,لماذا حذفتم مشاركتي من غير حق؟ واعتبروها اخر مشاركة عندكم اذا لم ترجع
29353,واشرح لها عن حالتي
29356,هذا المسجد للاحماديين وقد مسك مشتبهين شابين 14 و16
29357,المجلس الثوري المصري .....  في مدينة إسطنبول  التركية !!!
29361,لولا عملوا هكذا لكان امير المؤمنين حفظه حفظه الله يخطب على المسلمين من كربلاء...منذ أشهر
29371,ما اهمية تطبيق المدن الذكية للعائلات ، و هل هناك تطبيقات ذكية لخدمة الاسعاف و الانقاذ ، يرجى المزيد و المزيد من المواضيع عن المدن الذكية ، بارك الله فيكم
29380,يجب البحث عن حل يرفض العدوان ويجبر الضرر للجميع ويحافظ على الوحدة اليمنية الاندماجية ويرفع مطالب التعويض بما فيها المطالب التاريخية في ظل مشروع حضاري عظيم .
29381,نتمنى إغاثة الناس بالمزيد من الاهتمام بالطب الشعبي و التداوي بالأعشاب الطبية ، بارك الله فيكم و شفاكم من كل سوء ووفقكم لكل خير
29382,ما فوائد الأعشاب للمسنين مثلنا ، أطال الله أعماركم و عائلاتكم و شفاكم و عافاكم من كل سوء و أسعد جميع أوقاتكم
29385,إلى الأخوة في قناة الجزيره ....لماذا لم ينشر تعليقي ؟؟؟؟
29400,يعني ان تدميركم لليمن ليس تدخلا ام انكم تضحكون على الناس لانه كان بالامكان ايجاد حل سلمي من دون قتل الناس الابرياء ولكنكم تتصرفون بعنجهية وتكرهون الاخرين فاما تقتلوهم او يرضخون.
29408,تصحيح يا جزيرة. جينيف ليست عاصمة سويسرا. صححوا تعريف مقر المنظمة في صفحة المنظمة. بمدينة جينيف السويسرية بدل من العاصمة السويسرية جينيف.
29409,النزوح ليس خوفا من قصف الطيران بل من بطش المسلحين الدي يعثون فساد في كل مكان دخلوه هم فيهم من الشر اكثر من النظام نفسه .
29413,أراد الغرب أن يتخلص من النظام السوري فوجد القاعدة.
29415,بالشرع الله حتما
29419,نريد تحرير القدس وتحربر جزائر السعودية التي احتلت اسرائيل لا القتل المسلمين لان الله  تعالي قال من يقتل مومنامتعمدا جزاءه جهنم
29422,من كان يعبد محمدا فإن محمد قد مات.
29427,لا أصدق و لا أزور شعرة. يا ربي نصلي في الوقت.
29446,حلو الخبر كجزيرة قطر
29456,نتمنى ابتكار طرق رخيصة لتحلية المياه المالحة بحيث تستطيع البلاد الفقيرة استخدامها و ايصال الماء العذب الصالح للشرب لجميع السكان ، و الله الموفق
29464,"لكنهم انتصرو علينا في معركة ""الشجوة """
29465,للتصحيح مدينة سوسة هي تقع في الوسط الشرقي اقرب الى الشمال، على الساحل الغني بمعامل بورقيبة وهوتيلات بن علي، اما الجنوب فله ربّي!
29467,مرتبطون بالموساد .
29470,كل عام و انتم بألف ألف خير و صحة و عافية و سعادة و هداية ، بارك الله فيكم
29474,"السلام عليكم
أنا مغربي أعيش في كوريا الجنوبية
لقد صنعت كوريا جهاز يقوم بتفتيت البروستات 
الجهاز يعمل من  الخارج يشبه المساج لكن مختلف سعره 20.000$
اللهم اشفي جميع مرضى المسلمين"
29475,العنصرية مع يهود المغاربة كذالك موجودة هناك.
29476,برافو ، أنا أحترم قناة الجزيرة
29477,بسم الله الرحمن الرحيم...الله ولي الذين آمنوا يخرجهم من الظلمات إلى النور والذين كفروا أولياؤهم الطاغوت يخرجونهم من النور إلى الظلمات أولئك أصحاب هم فيها خالدون...
29479,على بركة الله...........نشكر الله .
29486,قد تكون مصرية ... السودان قد يتعرض لمؤامرة لتدميرة مثل اليمن والعراق وليبيا وسوريا وسيناء
29489,اليمن ليس له دخل في هذا الحادث.كان يؤسفنا مثل هذا الخبر لكن اليوم لا نتدخل في شئون الدول العربيه والاقليميه.
29492,جيوب الحوثيين ?????
29501,نتمنى كتابة مواضيع كاملة و مفصلة عن كيفية ادارة التوتر للموظفين في الشركات ، و استضافة الخبراء و المختصين للاستفادة من خبراتهم ، أطال الله أعماركم و شفاكم و عافاكم من كل سوء و أسعد جميع أوقاتكم
29502,لله دركم بارك الله فيكم أصدار رائع وخصوصا صورة قصف الطراد العسكري في البحر المتوسط  والله أكبر والعزة لله ولرسوله وللمؤمنين .
29503,"انا اعرف فأراً، قضم احد اسلاك الكهرباء فقطع التيار عن شارع كامل.
لا أيدة أحد،  ولا استبشر أحد به فتح الشارع.
عاش فأراً و مات فأرا"
29504,"الله ينصركم  على اليهود و عملاء ال سعود, الله ينصركم على أعداء رسول الله."
29505,رح ألعب بلاستيشن أصرف لك .
29511,الخطط المحكمة للدولة هي بفضل الله عزوجل وحده لقوله تعالى (ان تنصرو الله ينصركم) لو كان للبعثيين كما يقال فضل  لستخدمو  هاذه التكتيكات  والخبرات لنصرة صدام حسين
29514,كيفكن شخباركن شمسوين
29520,اخبار فتنة
29524,نسوا الله فانساهم انفسهم اللهم ارحم ارواحنا واجمع عظامنا على ذكرك
29530,عراقي اصيل
29541,"= شركة /
=://./?=240 شركة تسليك مجارى بالاحساء /
=://./?=186 شركة تسليك مجارى بالجبيل /
=://./?=239 شركة تسليك مجارى بالخبر /
=://./?=27 شركة تسليك مجارى بالدمام /"
29542,قال تعالى (ولا تؤتوا السفهاء أموالكم) صدق الله العظيم
29543,صورة النبات في الاسفل ليست لنبتة الامبروسيا بل لنبتة سن الاسد الطرخشقون ولكن امبروسيا تختلف:
29554,هو فضل الله و منته على عباده المخلصين -نحسبهم والله حسيبهم و لا نزكي على الله أحدا-... جزاء اخلاصهم العبادة لله و حده لاشريك له ان يفتح الله عليهم من الفهم و الخطط ما يحيرون به الدنيا جمعاء...
29560,إلى عبد يزدجرد : إذا كانت الخيانة تعني العالم المتحضر .. فلا نريدها !
29561,دخل سكير مثمول الى بيته فحير زوجته بالطلب: إما آني أو التواليت بالبيت..فأجابته: طبعاً التواليت لانه غير متحرك.
29571,( سَنُلْقِي فِي قُلُوبِ الَّذِينَ كَفَرُواْ الرُّعْبَ بِمَا أَشْرَكُواْ بِاللّهِ مَا لَمْ يُنَزِّلْ بِهِ سُلْطَاناً وَمَأْوَاهُمُ النَّارُ وَبِئْسَ مَثْوَى الظَّالِمِينَ )آل عمران:151
29572,الرجاء اصلاح الخطءفي شبكةواي في  الي اس802.11
29586,لا يوجد اى اهتمام دولى بل قطرى فقط  .
29587,الأنباء تشير إلى أن إطلاق السراح ينطوى فى حقيقته على تحديد إقامته فى المانيا لحين إحالة ملف الاسترداد إلى المحكمة الالمانية العليا.
29588,يكفي عندنا انه عاش في رعب لمدة يومين ... يكفي انه لن يااتي مصر مرة اخري
29592,انا كدلك مظلوم من مدة لمادا لا تهتموابي قضيتي اكبر
29595,"""أتى أمر الله فلا تستعجلوه"" و ليس غضب الطبيعة"
29597,الحمدلله.
29608,يكفي ان له عﻻقة مع الواحد اﻻحد
29612,والله انت لا مسلم ولا كوردي
29613,با ختصار حتى وان فرضنا ان  الخبر صحيح ....فليعلم الجميع ان دولتنا اعزها الله  لا تزول بزوال الرجال  دولتنا الله حاميها و ناصرها ......... نقطة انتهى
29614,نعم  صحيح اخي الجزائري  بوركت
29616,(كل من عليها فان ويبقى وجه ربك ذي الجلال  والاكرام) كلنا سنرحل  فهل انتم مخلدون؟
29624,وكان هناك من ينكر أنهم قتلوا يهوذا الإسخريوطي بدلاً من سيدنا عيسى عليه السلام بعدما شبه لهم ، ماذا يقولون الآن وقد قتلوا يهودياً منهم بعدما شبه لهم أنه عربي فلسطيني .
29626,هنا يتجلى قوله تعالى ” يخربون بيوتهم بأيديهم وأيدي المؤمنين“ صدق الله العظيم.
29629,عندما يأخذ الله حكام و ملوك العرب أخذ عزيز مقتدر
29630,في المجتمعات العربي ليش في الإسلام يحق لمليار ونصف المليار مسلم التعدد
29631,ﻻكن بالتعدد حماية فإذا تعطل احدهم عن الخدمة يبقى اﻻخر
29634,لو قدرتم الله حق قدره لما عرضتم احكامه لاراء البشر ! اسأله سبحانه بأن يباعد بيني وبين معد هذا التقرير بعد المشرقين يوم القيامة..
29635,(ذلك بأنهم كرهوا ما أنزل الله فاحبط اعمالهم)
29639,ولن تستطيعوا أن تعدلوا بين النساء ولو حرصتم (النساء:129). لن هنا للنفي وهذا كلام العادل رب العالمين.
29640,تعدد الزوجات مفيد في ولادة الذكور أكثر من الإناث  لمن يريد أن يتأكد يجري إحصاء  التفسير هو موجود في صفحتي  ** تحديد جنس الجنين كيف **
29648,فعلا إنه المثل  ... الكلاب تنبح والجمل ماشي  ... وتحيا مصر
29665,ولماذا يلطمون : هذا الرسول (ص) يسخر منه ولا يحركون ساكنا ؟!
29689,على أتباع الديانة الشيعية أن يتوقفوا عن سب الصحابة رضوان الله عليهم و أن يتوقفوا عن الطعن في أمهات المؤمنين زوجات النبي محمد صلى الله عليه و سلم.
29698,الرجاء الدعم للصفحة (منبج تيوب)://.../
29699,هل تعتقدون ان السوريين يسلمون قاده القاعده في الشام  ((جبهه النصره )) الى امريكا ؟ فين راح ابو متعب  و اين من قال هذا يرضيك يا ابو متعب وهو يحمل طفل ميت في يده ؟
29700,تم الدعس. الحمد لله و العزة لله و للرسول و للمؤمنين.
29702,"النصرة والدولة أشد على النصيرية من الف جيش حر 
اللهم الف بين قلوبه و تجعلهم تحت راية واحدة"
29703,"هذا الفيديو لايفيد بشيء.قافله تسير في رتل,وجنود في رتل ولا راينا تأثر شيء.عندما تفاجأ القوافل فانها تنتشر في اوضاع قتاليه؟!!!"
29705,ما شاء الله معلومات مفيدة ، أنا ركزت مع الصورة ويبدوا أن الصورة تعود للطلبة المسلمين ضحايا اطلاق النار في شابيل هيل في الولايات المتحدة رحمة الله عليهم.
29708,اقتحو السفارة الكويتية بسوريا بسرعة
29709,افتحو السفارة الكويتية بسوريا بسرعة .
29717,من الممكن أيضا أن يكون أنصار نظام الأسد (المخابرات) هم من يقف وراء هجوم تونس ضد السياح و هجوم الكويت ضد الشيعة و هجوم فرنسا ضد مصنع الغاز لتخفيف الضغط على الأسد و صرف الأنظار نحو تنظيم الدولة.
29718,و لذلك علينا بتفجيره و تدميره عن بكرة ابيه و الناس تصلي فيه...هل هذا منهاج رسولنا عليه الصلاة و السلام؟ بالله عليك قل لي!
29719,ولماذا خروج ياسر الحبيب بدون محاكمة لم تخلق شرخا داخل المجتمع الكويتي ؟!
29720,عليكم ان تتبوا الى الله وتذكروا انكم ستدفعون ثمن دعم التحالف والتطبيل له . احذركم ان المجاهدين لكم بالمرصاد وانهم لاينامون على ظيم . ولا تصدقوا كل من قال انه سني وانه يتكلم باسم اهل السنه والجماعه .
29721,راح تكثر اللطميات
29724,إلى احمد : جاؤوا بفتاويهم ممن اختطف الجابرية ؛ وفجر موكب الأمير ؟!
29726,اللهم رب الناس اذهب البأس و اشف انت الشافي لا شفاء الا شفاؤك شفاء لا يغادر سقما ، و قال صلى الله عليه و سلم: داوو مرضاكم بالصدقة ، رمضان مبارك و كل عام و انتم بخير
29727,العبادي يلغي مناصب السنة.
29730,اخبار شبة مؤكده عن مقتل 16 صليبي في الانزال وان القوه المدافعة عن السجن كانت مكونه من فقط 6 ستة مقاتلين
29747,لماذا استهدفو خميس بشيط با الضبط ؟؟؟للعلم خميس مشيط توجد بها قاعدة امريكية
29748,الصاروخ وصل الى هدفه في قاعدة الملك خالد و لم يتم اعتراضه.
29749,"ستبدي لك الايام ماكنت جاهلا 
وياتيك بالانباء من لم تزودي"
29751,الحل في اليمن سياسي ولا يمكن للسعودية ان تنتصر على بلد آخر لان اساس المشكلة كانت ولا زالت داخلية في اليمن وكان المفروض ان تساعد السعودية على الحوار لا ان تكون طرفا في الحرب وتدمر البلد.
29756,ياجماعة الخير اسمها جيزان وليس جازان حتى أهلها يقولون جيزان وليس جازان الرجاء التصحيح
29780,ما يهم ليس حفظ القرآن و ترديده فقد تكفلت التكنولوجيا بذلك بل فهمه و الإطلاع على أسباب التأليف و سبب وجود إختلاف بالقراءات و كيفية التعامل مع الأخطاء و التناقضات التي يكتض بها.
29781,ما شاء الله، تعليق صغير، الحزام -الزنار- على الجلباب ليس حجاباً، ولو كان موديلاً
29796,فعلا هناك اناس وشعوب لا تقدر تعيش الا تحت حذاء العسكر واستعمارى فلاغرابة من هذا القول الا شوف حالنا والشعوب الحرة المستقلةالاخرى وقارن ولايستوى الحر بالعبدابدا
29804,"(إنَّ رعي الجمال خيرٌ من رعي الخنازير ) جملة من عربي على اخ امازيغي في عهد الاندلس. 
متى يستفق العرب ويعلموا ان من اسقطوا دولة الاندلس ودولة العثمانيين هم من يدمروا سورية"
29805,اعوذ بالله العظيم من الشيطان الرجيم واعوووووووووووذ بالله من الذل لغيره.
29811,تناقض تقولون مرة المكسرات تسمن واليوم تقولون كلها علشان فيها كالسيوم ينحف ؟! الحمد لله ما يهمني هذا الأمر لكن أقرأ من باب الثقافة ودائما تقول دراسة شيء وتأتي الأخرى تقول عكسه .
29825,"عاشت الجزيرة , ممبر من لا ممبر له وخاصةّ الاسلام!!!!"
29839,الفلفسة المطروحه تتحدث عن الوساس الداخلي للانسان وهو ما عاجه القران الكريم بقوله ( ولقد خلنا الانسان ونعلم ما توتس به نفسه .....) و ( قل اعوذ برب الناس .... ومن شر الوسواس الخناس ...)
29844,اللهم انصر اهل سوريا
29846,إن الذين كفروا ينفقون أموالهم ليصدوا عن سبيل الله فسينفقونها ثم تكون عليهم حسرة ثم يغلبون والذين كفروا إلى جهنم يحشرون
29854,نحن لا نصدق حماس فلها أن تقول ما تشاء .. نحن فقط نصدق رجال القضاء المصرى و لا أحد غيرة .
29859,لابد من تفويضي لصلح شامل لجبر ضرر عام ورفض العدوان والحفاظ على الوحدة اليمنية الاندماجية والدفع بالمطالب ومنها المطالب التاريخية في ظل مشروع حضاري عظيم .
29865,الله ينصر الدوله الاسلاميه على اعدائها شرقا وغربا.والله انهم اشد الناس تمسكا بالاسلام ويطبقون شرع الله في أي منطقه يتواجدون فيها.
29866,الله يثبتك على ألحق ، و يبعد عنك القوم الظالمين بارك الله فيك يا أخ الاسلام...باقية و تتمددد بإذن الله ولو كره الكافرون.
29870,مع السلامه
29871,إنتحر وعمره 41 عاماً وليس 87!!!
29874,قوله عز وجل قل موتوا بغيظكم إن الله عليم بذات الصدور
29875,اليس الحوثي انسان؟ ويمني؟.وكل انسان مكون.فو اذا مكون يمني.وله حق مثل أي مكون آخر.فلماذا يحرم بان يكون مكون مثل أي مكون آخر؟!!هذا يعارض ماجاء في سفر التكوين.
29880,غريب أمر الجزيرة، فالطائرة بدون تيار والجزيرة تقول انها طائرة عسكرية بدين ذكر أنها بدون تيار !
29884,"الاعلان الذي وضعتموه في أخر التقرير( كاعلان سابق) . لم تكن سامسونج من صممه بل هو تصميم ساخر من المصمم المصري طارق الزيني , وليس لسامسونج اي علاقة به , أرجو التأكد قبل النشر!"
29887,هناك خطأ في التقرير هجمات شارلي ايبدو كانت في 7 من يناير و ليس يونيو.
29888,"المرجو اعادة تصحيح التواريخ
احداث لندن وقعت 2005 و ليس  2011"
29889,تصحيح: أبرز الهجمات الدموية بأوروبا خلال 35 عاما
29892,فهو يعلن الحرب على العالم باسم المسلمين هو الصحيح والا تنظيم صنعه الصهاينة
29895,العالم أعلن الحرب على الإسلام (المتمثل في تنظيم الدولة) و المسلمين و الدولة لم تذعن و قبلت التحدي و الله غالب على أمره ولكن أكثر الناس لا يعلمون
29897,من أعان على قتل مؤمن بشطر كلمة، لقي الله عز وجل مكتوب بين عينيه آيس من رحمة الله» رواه ابن ماجة
29915,اسد  الله يتقبلو  نحسبه والله حسيبه
29922,يبدو انك لم تشاهد باسم الكربائي وهو يشتم عمر بن الخطاب رضي الله عنه في مسجد كويتي على الفضائيات؟
29926,"هذا الاخ توفي في حادث بماليزيا في ولاية بينانج ,  قبل سنه ونصف رحمه الله.فابحثوا عن غيره."
29929,و ما دخل المصلين الذين تم قتلهم الآن فيما يقوله باسم الكربلائى؟ هل الآن تمت محاسبة باسم الكربلائى على أقواله بقتل هؤلاء؟
29938,إسلامية بإذن الله بعد فاصل قصير
29941,بما أن الرسول محمد من سلالة زكريا وزكريا من ذرية أبراهيم الخليل أذا الرسول محمد هو كوردي الأصل أبأ عن جد وليس بالنبي العربي
29950,اعداء الشعب السوري يقتتلون فيما بينهم المجاميع الارهابية تخوض حروب وذبح ضد بعضها بعض والان ضد من صنعها ومولها
29958,هذه الجائزة هدية من الشعب التونسي إلى الإمارات هههههه
29962,الريال مدريد
29971,ياجماعة! الرجل الذي يسمي نفسه خالد من الجزائر، لا علاقة له بالجزائر، بل هو مصري.
29979,هناك شيئ آخر سبب الإسهال أكل الفيطامنات كمية كبيرة مثلا التين اليابس تكثر منه يسبب الإسهال والذهاب إلى المرحاض كثيرا يعني الإسهال له عددة أسباب ثم إقاف الإسهال أكل الشكولاطة كل إنسان طبيب نفسه
29990,مجلس الأمن يتيح فعل أي شيء من أجل محاربة الإرهاب إلا غلق الحدود التركية على داعش أو وقف الدعم الخليجي لها. ممنوع الكلام عن هذا.
29991,طيب حنا نريد قرارت نحارب ونكافح بها الارهاب والاحتلال الاسرائيلي ولا حكام 22 دوله عربية مالهم قرار عندكم وانتم واحد شكله يشبة علبة الكولا الي فجروا بها الطيارة الروسية له فيتو
29999,تنظيم الدولة في طور تشكيل حصار كامل للكيان الصهيوني من جميع الجهات،، تبقى جهة شرق الأردن،، يكون محاصر بالكامل وزواله بات أقرب من المتوقع،،
30000,نحن نحاصر الاسرائيليين في ولاية فلسطين من ثلاث جهات ولم يبقى الا جهة واحدة
30001,الدوله الاسلاميه تثبت كل يوم مقارعتها للدول الكبرى والصغرى و الدول التوابع فهنيئا لكم يا مسلمين بدولتكم دوله الخلافه الاسلاميه ومن انتصار الى انتصار.
30002,كنت وما زلت !
30004,لو كنت مركز معانا  لعرفت انها حقيقه  وليس خفه دم،، بس شكلك ماتركز  ،،
30008,لماذا لم ينشر تعليقي يامنبر الحرية انا هربت من موقع العربية لهذا السبب فهل ساهرب منكم ايضا
30024,الدولة الاسلامية إذا أعلنت الحرب علي أردغان فهي تعلن الحرب علي حلف الناتو و الناتو سيضطر للنزول في الشام و ستكون حتما هناك معركة في دابق التي يسيطر عليها جنود الخلافة و هذا الأمر لوحده يعني الكثير ...
30050,هل سيؤدي زنا المتعة في إيران والعراق إلى انقراض الديانة الشيعية؟
30057,زواج المتعة هذا جزء من عواقبه.
30073,إلى سینا شمس زاده من ایران  لقد تم إرسال الإبلاغ عن التعليق إلى الجزيرة لإتخاذ الإجراأت اللازمة.
30090,وراك ومعك يا قيصر  الشرق
30094,ما أحلى الربيع العربى .. شكرا للرئيس السيسى .
30101,الي في إيدك(.......)
30107,الا ان حزب االله هم الغالبون.
30116,يرجى تعديل الخبر .. فالآخبار وردت أنهم أصبحوا ٥ قيادات بينهم الرجل الذي عين قائدا ثالثاً توفيق النجار
30119,السید لن یخاف من أحد هو رجل حر و لا یخاف من الموت انما الشهادة له احلی من العسل
30126,اللهم اجعل احدهم يكتب تعليقا يزعج الأنظمة العميلة وسنكون له من المصفقين ونعطيه تمام
30129,ببساطة... لا تلعب بالنار..... تحرق أصابعك
30132,"ماذا عن تعاليقي أو ردودي الأخرى يا جزيرة؟ الله يهديكم...
كنت على الدوام حذرا لا اتجاوز حدودي ولاحظت ان في المعلقين متجاوزون ونشرتم لهم فما تراني تجاوزت فيكم وفي زبائنكم
أعانكم الله وشكرا"
30139,"الدولة ليست بحاجة الى دعم احد الا الواحد الاحد  ""وكفى با الله وكيلا وكفى با الله شهيدا"""
30143,رئيس المجر على حق فى الاجراءات الاخيره الصارمه وعلى دول الاتحاد الاوروربى ان تسلك مثله  .
30146,هل تفاصيل الاتفاق مؤكدة؟؟؟ينقص الخبر الكثير والغاء الكثير مما ورد
30154,مجموعة مرزقة
30166,هذا مايهمك يامهندس . ومن حقك ترقص فرحا هههههههههههههه واذاكرك ستدور رحى حرب ونحن اهل الحرب والسلم ونحب الحرب اكثر من السلم واكثر من كره القدم
30170,قال الرسول عليه الصلاة والسلام حديث وصححه الالباني ( لو أن العلم في الثريا لتناوله رجل أو رجال من أبناء فارس). ايران العدو الذي تحترمه
30181,تلطس حيزي
30188,دول الخليج الفارسي يجب ان تتفاهم مع ايران دون امريكا
30190,"وليس كل من ينظر إليك معجبا 
ف ربما يكون منك متعجبا !!"
30202,مشغلين وقتهم بملف شعب أحمد.اتركوه هو ملف غيركم وشوفوا ملفاتكم المستعصيه سواء الطائفيه او الحدوديه او الدمقرطه.
30210,"القنبلة القذرة ليست قنبلة كيميائية لا يستخدم هذا المصطلح بهذا المعنى
بل قنبلة نووية اندماجية محدودة هدفها توليد تلويث إشعاعي"
30211,من خرق الهدنه هو من وضع هدنه دون تنسيق مع الطرف الاخر وتفتقر لااي اسباب البقاء، يعني لعب يهودعلى غير ابويمن
30212,"سؤال يخطر في بالي,ليه الترجمة الانجليزية ؟هل هناك اي دولة في التحالف لا تتكلم عربي؟"
30213,مياده مساء الورد منوره ياجميله
30228,هذا التقرير فيها مبالغة لان الحقيقة هي ان السلطات الصينية منعت بعض الموظفين من الصوم  ومنعت الأطفال لان ذلك خطر على صحتهم
30230,عندما نسمح للصينيين بممارسه شعائر وعبادات الديانه البوذيه في السعوديه بمنتهى الحريه، عندها يحق لنا ان نطالب الصين بالسماح للمسلمين بصيام رمضان على اراضيها...
30231,إلى جمال : إذا كانت الضرورات تبيح المحضورات .. لما نشر الرسول (ص) دعوته ؟!
30240,رب الكون موجود فوقك وفوق امريكيا ..وما في شجرة وصلت لربها ..والمجاهدين بسوريا لا يرون في امريكيا الا غثا ..ولذلك هم المنتصرون بعون الله
30248,وماذا اذا انظمت تركيا للتحالف المكون اصلا من اكثر من 60 دوله الدوله الاسلاميه باقيه حتى لو تحالف كل العالم فلا اهميه لذلك الكلمه الفصل للدوله الأسلاميه.
30255,غضب السعودیة  و القطر من المالکی طبیعی. مالکی قام مقابل الدواعش و انصارها
30256,لوكان هكذا إعلان صدر من السيسي لما صدقناه لكن بحكم صدوره من سيراليون فنحن نبصم بالعشرة
30257,رجال الحشد يدخلون في الصناديق أفواجاً أفواجاً. و مقابر كربلا تمتد صفوفاً صفوفاً. و الفتاوى في كربلا تعلو: يا أطفال هبّوا هبّوا
30258,ان استعادة الانبار اصبح امرا مضحكا ...اولى لكم ان تحموا نجفكم ان كان بكم بقية حياء...
30279,بالعشارات، بالمئات، يسقطون و دماؤهم تسقي الأرض المباركة، و قبورهم توسع كربلة، و هكذا ساقهم بارؤعم إلى فائهم حتى لن يبقى في ملتهم إلا العجائر و الأرامل. سخط من الخالق على خلقه، لو كانوا يفقهون
30281,الحمد لله
30283,شكرا قطر
30284,تحية لكل من ينادي بالمساواة في الحقوق بين الرحل والمرأة وخاصة في الميراث
30286,"يقول الحق سبحانه و تعالى: ""وَمَنْ لَمْ يَحْكُمْ بِمَا أَنزَلَ اللَّهُ فَأُوْلَئِكَ هُمُ الْكَافِرُونَ"" المائدة:44."
30291,يا ربنا يا عزيز يا جبار سبحانك لك الامر من قبل ومن بعد انصر جيش الخلافة الذي يحارب وحيدا
30294,قال تعالى (ان الكذب يهدي الى الفجور وان الفجور يهدي الى النار)
30300,على تنظيم الدولة مشاغلة الطيران الأمريكي .. من خلال إرسال المجاميع على دفعات ؟!
30306,أخو أبو تفليقة.
30307,عم تفليقة.
30315,"تصحيح للمعلومه ميركل من مواليد هامبورغ وهامبورغ ما بتزبط تكون بالشرق.
وشكرا"
30322,"تاركين المجال لمسعود طرزاني يكمل المهمة.....
ثم ابشر، فإن غداً لناظره لقريب."
30328,رووووعه صباح الورد .. انا معجب بعيون رووعه وصدرها خوقاااق
30340,رجاء يا جزيرة طلعو مالتي الكومنت دائما ما تطلعوها وشكرا
30365,اذا توعدك الطهاة فبشر بوجبة طعام شهية
30366,بالطبع ولهذاانتخبكم الشعب التركى
30368,يضربون راية منوره باسم ربنا وحبيبه محمد حسبنا الله ونعم الوكيل
30369,الى السنة و الشيعة في المنطقة : لا تلوموا ايران او السعودية في حروبكم فانتم من جعل اوطانكم صراعا بينكم على حساب اوطانكم.
30371,"قَالَ رَسُولُ اللَّهِ صَلَّى اللَّهُ عَلَيْهِ وَسَلَّمَ : "" مَنْ أَعَانَ ظَالِمًا سَلَّطَهُ اللَّهُ عَلَيْهِ "" ."
30372,و ماذا حصل للاقتصاد الأردني و الخليجي ؟لا شيء.
30382,دول العربان دمرت كل دول الربيع العربي باذكاء الفتنه والاستقواء بالمال وتصوير انفسهم بهيئة المحرر والمخلص والمنقذ  لكن لن يمروا بهاذا الاسلوب الرخيص فاتهم القطار
30383,انا انترناسیونال العرق و الدین لایهمنی
30387,هذا أجمل خبر قبل العيد بارك الله في المجاهدين.
30388,الجزائري يحب قضاء عطلته في تونس والخليجي يحب المغرب خصوصا مراكش فإنتظار كرم وجود الإخوة الخليجيين
30390,ينقذون الا انفسهم اولا
30398,في ظل مشروع حضاري عظيم لكل المخلوقات والأمم ستنتهي الالام وستلتئم الجراحات .
30415,ههههههههههههههههههههههههههههههههههههههههههههههههههههههاليمن ههههههههههههههههههههههههههههههههههههههههههههههههههههههاليمن ههههههههههههههههههههههههههههههههههههههههههههههههههههههاليمن
30419,الطلب السعودي هو للتعمية فقط عن العلاقات المتنامية بين السعودية و اسرائيل و تطابق المواقف في الملف النووي الايراني و الحرب على اليمن و دعم الارهاب في سوريا.
30421,"الطلب السعودي جاء ردا"" على الاتهامات الاسرائيلية للسعودية  بقتل الاطفال باليمن اسوة بقتل اسرائيل للاطفال الفلسطينيين حسب ما جاء في تقرير للامم المتحدة."
30428,المشاركة بحصار غزه والتنكيل بالاخوان من اكبر الانتهاكات لحقوق الانسان
30430,خان بني سعد منطقة سنية واكثرهم من الدليم
30434,الله أكبر، كل هذا الاعلام والحشد والجيش الجرار وما إستطاعوا ان يزحزحوا الدولة. سبحان الله، لا يؤتي هذا الا مؤمن.
30444,اليهودية، المسيحية والإسلام هي الديانات الثلاث المعترف بها من الله. يجب علينا أن تخجل من ما قمنا به العرب أو المسلمين ضد الشعب الأعزل في سوريا والعراق.
30447,اللاجئون قضيتنا ونقول لهم ان قلوب الدولة الإسلامية معكم
30452,اعطوا للدولة الاسلامية فرصة من الامن و الاستقرار و سوف ترون الهجرة العكسية من بالدولة العلمانية الاروبية الى الدولة الاسلامية في العراق و الشام
30458,بلاد الشام تشمل فلسطين فهل كلامك يعني أن الله رضى على اليهود فاحتلوا فلسطين. أعتقد والله أعلم أن هناك شئ غير مضبوط بالحديث القدسي!
30461,"( عفواً .. من بعد اذنكم سأدخل تعليق  بدل أول تعليق أدخلته ) وسأحذف منه عبارة : ليتفضل الكذاب الساتر وغيره , فضلاً حذف أول تعليق أدخلته , والآن سأدخل البديل ... شكراً جزيلاً لكم"
30463,الله يجعل جمال عبد الناصر مع من احب . امين
30470,"الجزيرة هي من أعلنت اسم المعتقل و ليس جيش الاسلام
فقولكم ""متراجعا عن إعلانه في وقت سابق ""
عذر أقبح من ذنب."
30477,اي استشهاد وهو الذي هجم عليهم بسيارته يريد قتلهم ، هم فقط دافعوا عن انفسهم
30489,فبهذهالطرق الغير صحية وانتة بالصورة يتم السرطان للجلدواكده العلماء بل يشفىالا من الحد مناكل الذهون ومشتقات الحليب و بعض انواع الاكل
30514,( وَوُجُوهٌ يَوْمَئِذٍ عَلَيْهَا غَبَرَةٌ تَرْهَقُهَا قَتَرَةٌ )عبس:40-41
30517,انتشال 470 فطيسة من مقابر جماعية في تكريت
30524,إذا زلزلت الأرض زلزالها وأخرجت الأرض أثقالها.  وهل تستعصي تلك الأنفاق على الواحد الديان
30555,"الواحد لا يكتشف أخطاءه الإملائية إلا بعد أن يتم نشر التعليق. المقصود "" شبهة"" و ليس "" شبه"" . فعذرا"
30576,سپاس کاک الکوردی
30588,روسيا لن تكون المخلص يا شيعة العالم انما خلاصكم هو ان تكفّو عن الطعن والسب في أمهات المؤمنين والصحابة هذا هو سبب هزائمكم وتعاستكم قديما وحديثا .
30593,ازايك ياأم حميد...؟
30594,على رئيس وزراء المجر ان يطمئن بأن اوربا لن يحكمها دين (لامسيحي ولا اسلامي) وهية ماضية في طريقها نحوا الرقي الانساني
30602,خذلك نفس قبل ما يتنغص بعد شوي. ههههههههههههههههه
30604,"كيف تبرأ داعش تقهقره بسبب طيران التحالف الدولي, الم تقولوا ان الله معكم؟ (قوة الله اعظم من قوة  طيران التحالف)  ثم ,  طيران التحالف قد تمنعكم من النصر لاكنها لا تمنعكم من الشهادة."
30605,الرجاء الدقه في المعلومات، الهلال السوداني (المارد الأزرق) هو الفريق الوحيد الذي هذم مازيمبي في لوبمباشي، كان ذلك في دوري ابطال افريقيا 2009
30607,"خطأ في كتابة تاريخ فتح القسطنطينية.
1453 وليس 1853.. يرجى التصحيح"
30612,و ماذا تنتظر بعد تدويل القضية  ....هم رفضوا الوساطة العربية و ذهبوا الى الامم المتحدة و مجلس الامن اعداء اللشعب الليبي...ماذا تنتظر؟
30630,بل تصنعها (اسرائيل)ومن هى بوينغ
30633,ياليت قناة الجزيره المحترمه تقدم برامج عن الحوادث التي تحدث كمثال حوادث المرور وغيرها، فقط لمزيد من التوعيه في وسط الجمهور الخليجي والعربي عامه
30634,اللهم اجعل بيننا وبين ايران جبل من النار امين رب العالمين
30636,ملالا لم تترك الإسلام إلا لتوعية المسلمين
30641,خامنیی و لی الامرالمسلمین حقا   یدالله علی رووسناخامنیی مرشدنا
30642,خامنیی من سلاله الطیبه النبی المکرم العربی القریشی
30647,اللهم احفظ امامنا الخامنئي
30651,خبر مفرح اللهم المزيد
30654,اللهم زد و بارك
30655,خدعوك فقالواان حريقا هنا او هناك او اغتيال شرطى او ضابط يمكن ان يسقط النظام وخدعوك اكثر فقالوا ان ما تفعله ليس مما حرمه الله ورسوله انك لن تسقط النظام ولكنك بذلك تعصى الله ورسوله هل ستنشر ؟
30656,يا(محمد و مراد)لا تسقني كأس الحياة بذلةٍ-بل واسقني بالعزِّ كاس َالعلقم
30661,لماذا لا تنزل تعليقاتي يا جزيرة !
30662,و بما أنهم فاشلون و غير متعلمون كيف فشل العالم بأسره بجيوشه و إعلامه في هزيمتهم إشرح لنا يا عبقري
30669,الجار!!؟؟ وكنظرية لسياسة العلوم؟؟= أعلي درجات المواطنة و..و.  هي الجيرة!أي درجة بر الجار بجاره!!!
30670,قال صلى الله عليه وسلم :( من بدل دينه فاقتلوه ) فالقتل حكم الله في أعضاء برلمان وحكومة تونس المرتدة . أما قوانينكم فلا قيمة لها ولا نبالي بها .
30675,"انا برئي ان يقوم العاهل الاردني بالمبايعه للتنظيم لانه اكرم له و""لشعبه"" لان معركه ضد الله خاسره 100/100"
30676,شر البلية ما يضحك
30679,شكرا على المعلومات المفيدة جدا ، الله يعطيكم ألف ألف صحة و عافية و بارك فيكم ، يرجى الكتابة عن فوائد الاعشاب الطبية و الرياضة و الغذاء المتوازن و طرق الاقلاع عن التدخين ، و شكرا
30684,اين جيوش التحالف لعاصفة الحزم ؟؟ لمادا لم يدخلوا لليمن لاحلال السلام لليمنيين ؟ مادا ينتظرون ؟
30688,القيقب و ليس القبقب..
30693,وأين المعلقين الذين قالوا إن تنظيم الدولة من صناعة النظام ؟
30703,والف تحية لشيخ المسجد الاموي الشريف اثبت بعض المشايخ انهم على حق ويستحقون منا كل المحبة والتقدير وانهم لا يسيرون كلقطيع مثل بعض مشايخ الخليج ولهم كلمة حق الله ينصركم وانا ادعو لكم دائماً في صلاتي
30709,و الله انه لصادق.
30710,"في فمقطع فيديو منتشر بعنوان: ""صلاة الجمعة في مصر""، هذا الخطيب تحدى ذلك."
30713,هدا من فضل ربي
30726,وَإِنَّ مِمَّا أَتَخَوَّفُ عَلَى أُمَّتِي أَئِمَّةً مُضِلِّينَ
30733,"قال الله تعالى: لا تجد قوما يؤمنون بالله ورسوله يوادون من حاد الله ورسوله"""
30737,إن المنافقين في الدرك الأسفل من النار ولن تجد لهم نصيرا.
30747,ادين بشدة هذه عملية التجميل لانها لم تحصل من زمااااااان وصدقت يا رسول الله.. بشر القاتل بالقتل ولو بعد حين
30750,رحمك الله رحمة واسعه ونسئل الله أن يتقبلك من الشهداء فى الشهرالفضيل انت وجميع جنود مصر البواسل الذين يدافعون عن الوطن من الخونه والارهابيين والعملاء
30769,طيب و ليه معركة الحزم هي الأرض كانت ناقصة حراثة. أمركم يحير الجن
30773,كفاكم ترويجا لمؤامرات الماسونية. حسبنا الله ونعم الوكيل
30774,باکیمون یقلق! بانکیمون ادان! بانکیمون ابرز عن استکاره الشدید! بانکیمون یحزن!
30777,سؤال لماذا  يتجاهل العربان  تفسير النبي صلى الله عليه وسلم لأية (وإن تتولوا يستبدل قوما غيركم ثم لا يكونوا أمثالكم) هذا وعد الله وحكمه وبشرى رسوله
30781,الى مفتي السعودية ومرجع للمسلمين فتواك والاعذار لاتنفع ولاتفيد - لقوله تعالى : إنا لننصر رسلنا والذين آمنوا في الحياة الدنيا ويوم يقوم الأشهاد يوم لا ينفع الظالمين معذرتهم ولهم اللعنة ولهم سوء الدار
30796,ما أتعس حال المرأة المسلمة بإسلامها، لو ولدت لعائلة ملحدة أو أي ديانة أخرى بمكان آخر لكانت أسعد. لن تصلح الدار و الاساسات غير سليمة
30798,!!!!!!!! ماذا يفيد هؤلاء للبلدان النامية؟ لا أري أن الخبر يستحق المساحة التي حاز عليها في الجزيرة. والدليل الا أحد علق علي الخبر حتي الا شخصي وقد كنت مضطرا.
30802,كان من مؤيدى الانقلاب على الشرعيه
30807,احلا عيديه وسيكون كل يوم لهم هديه ان شاء الله
30814,"هل صحيح ان والدة السيسي من اصول مغربية 
وهل نفى السيسي ذلك"
30825,ما هي الغاية من هذا الطقس ؟
30832,سواء سميتم حكومة مصر بالانقلاب او لا فالسيسي هو من يحكم مصر شئتم ام ابيتم تغيير المسميات لا يغير شيئا
30846,نريد رابط القناة اين هو؟؟؟
30847,"الحساب الرسمي لقناة الجزيرة لا يمكن كتابته هنا لأنه بأحرف انجليزية والموقع لا يسمح باستخدامها خانة التعليقات، أبحث في جوجل عن ""الجزيرة تيليجرام"" وستجده."
30848,اي والله !!  وين رابط القناة وكيف نسجلها ضمن قائمة الإتصالات على تليجرام ؟  احد يفيدنا .
30849,أين رابط القناة ...
30850,أين رابط القناة لو سمحتم..عكل حال أدخلت في البحث كلمة الجزيرة بالانكليزية واشتركت ولست متاكدا منها..لحد الآن فيها 390 عضو..
30854,"""وقدر العلماء أنها تعود إلى 430 ألف عام""
""وهذا هو أقدم نموذج معروف للقتل الذي حدث منذ 230 ألف سنة""
هل هناك خطأ بادراج الخبر؟"
30855,نظرية التطور كل يوم بعد يوم تثبت صحتها مع العلم أن الانسان نيارتندال هو ابن عم لنا وموازي للإنسان الحديث وهو ليس سلف لنا
30858,"في بداية المقال : 430 ألف عام  , وبعد عدة أسطر 230 ألف عام , قد يكون خطأ طباعي , ايهما الصحيح؟  يرجى التصويب"
30862,أيها العرب عندي سؤال!! لماذا أنتم دائما تبحثون عن حلول مشاكلكم خارج العالم العربي؟ لماذا تهتموا قفط بالهروب من مسؤولية عن مأساة أنفسكم؟
30875,لستم مغلوبين على أمركم.. ولكن بهرتكم الدنيا بملاهيها .. وتقاعستم عن واجبكم تجاه ربّ الخلق فسلّط عليكم من لا يرحمكم .. ولا يأبه لشكواكم..
30880,"سؤال ..؟
ماهو الفرق بين العساكر في الرياض وبغداد والقاهرة ..!"
30883,يا جزيرة لما لاتنشرون تعليقي!!!!!!
30894,الجو شوب وﻻ انا شوبان
30904,اجهزة المخابرات نشطه بهذا الخبر .. والتعليقات توضح لنا هذا ... تحية الى الشهيد الغريب
30905,من العجب لما داعش لم تنفذ اي عمليه انتحارية في روسية و صين و ايران
30906,تقولوا على الدولة الإسلامية ماشئتم ولفقوا لها ماشئتم من التهم فالله غالب على أمره ولكنكم لا تعلمون.
30912,من يعلن الحرب يتحمل النتائج. من يبذر الخراب يحل به الخراب و لو بعد حين. هذه عدالة السماء.
30914,التفجير لم يستهدف أي مسجد بل الهجوم استهدف مخيم تدريب لقوات الطوارئ السعودية الواقع في منطقةأبها التابعة لمنطقة عسير
30916,جببر الله كسسر اهالى ضحيا التتفجيرات في كل البلدان
30927,لماذا المعلقين منقسمين؟
30944,لا يوجد شيئ اسمه المسلم يقتل المسلم هناك فرقة ترفع راية لا اله الا الله وتريد تحكيم شرعه وفرقة اساس دينها الشرك ولعن الصحابة وتكريس العلمانية
30949,لكن الملك لم يوضح ماذا اتيح له؟ ( يتيح للمسلمين الصلاة في المسجد الأقصى ولغيرهم زيارته ) فلازم يوضح ويسافر للاقصى ويصلي فيه ركعتين
30971,بسيطة اخوي عزيز من المغرب وأقول لك يا اخي ونحن لن نقصر وسنحقق لكم تلك الأمنية بكل صدق . وهل من حاجة اخرى؟ نحن بالخدمة . سلاح  الجو الامريكي
30980,ألف مبروووووك للسطايفية 🏆
30982,يا مسلم تصدق بمالك في بلدك أو على أهل غزة أفضل من الاكثار من العمرات و الحجات.
30999,مش شكرا.
31008,45  منزلاً مفخخاً، واكثر من 109 عبوات ناسفة انفجرت في منطقة حصيبة الشرقية باﻻنبار اثر هطول الامطار الغزيرة على محافظة الانبار
31020,"""سنريهم اياتنا في الافاق وفي انفسهم حتى يتبين لهم انه الحق"""
31033,هذه الخبر منقول وهو غير صحيح
31045,"الخبر يجب ان يكون ""استشهدا 4 جنود مصريين مسلمين مرابطين على يد ارهابيين خوارج"""
31048,هو فخر الأمة .. قاهر المجرمين، مُنقذ المقهورين، إني أحييكم يا أسود الأمة بالتبجيل و التقدير، و أقبِّل سواعدكم الرافعة سيوف العزة على رقاب المجرمين و قتلة المستضعفين.
31055,سبحان الله... بارادوكس !!!
31060,شنو صرتو قناة كوردية..... شو دخلنه عن الاخبار الكورد
31061,ياللكرم
31064,انا جزائري متزوج جزائرية وكلنا نحب الجوز والجزيرة بجد. تحياتي
31066,"هذه أخر جملة نطقت بها هذه التائهة في مقالها: ""وكلما تعمقنا داخل ما كنا نظن ذات يوم أنها عمليات تطورية صريحة ومباشرة، تبيّن لنا أنها أكثر إبهاراً وتعقيداً مما كنا نتصور."""
31067,"هذه آخر جملة نطقت بها هذه التائهة في مقالتها: ""وكلما تعمقنا داخل ما كنا نظن ذات يوم أنها عمليات تطورية صريحة ومباشرة، تبيّن لنا أنها أكثر إبهاراً وتعقيداً مما كنا نتصور."""
31070,اشرب رد بووول
31071,يا اخى تعبنا من العلمانية اللى من ساعه مشوفناها والانحلال انتشر فى مجتمعنا بشكل تفوق فيه على الكفار ايام الجاهلية
31078,اللهم بحق حیدر علی انصر ابناء امیر المومنین علی بن ابیطالب(ع).فَأَمَّا الزَّبَدُ فَيَذْهَبُ جُفَاءًوَأَمَّا مَا يَنفَعُ النَّاسَ فَيَمْكُثُ فِي الْأَرْضِ.
31079,بل ناقصات عقل دين كما جاء في ديننا الحنيف
31080,هذه الدراسة تناقض احاديث يدعي السنة والشيعة معها انها صحيحة وان النبي قالها !!!!
31082,الباشا يكفيه زيارة واحدة لبغداد أو الرياض أو ابوظبي في الصيف ليعلم أن كلامه هذا موش حينفع ههههههههههههه
31089,هؤلاء بالصورة من أنسب الأمثلة لأمثال من قال الله عنهم بسورة المنافقون بالقرآن الكريم
31092,ويقضى الأمر حين تغيب تيم *** ولا يستأذنون وهم شهود
31095,الحمد لله على كل حال رغم انا خسرنا قناة الجزيرة التي لم تعد كما كانت (محايدة وجريئة) .
31097,المملکة العربیة السدیریة    الله یبارک للسعودیین
31102,"كل ليله دايم اسهرها وحيد
لا نديم ولا حبيب ولا خوي
 
بس انا والليل والفجر البعيد 
نكتب الضيقه على لحن بدوي
((طفشت من العزوبيه ))فين رولا ههههههههههههههه هذا اهداء لرولا"
31129,مش مشكلة الام الوتر او انه ينكسر لو انكسسر الوتر بتقدر توجده من خلال حل المعادلة س2+ص2=نق2
31134,الجزيرة تقول جماعة إخوان الأردن  وليس جماعة الاخوان المسلمين.
31138,من بين ألأسباب ألأساسية التي تزيد في وزن الرجل إطالة الجماع مع الزوجة
31160,"وماذا عن قتل المسيحيين الامنين في الشرق الاوسط؟
ماذا عن تفجير برجين التجارة سنة 2001؟"
31164,االله يرحم ابن خلدون!
31182,عوض ان يضع يده في يد كيري للتامر على الفلسطينيين كان الاحرى له ان يهتم بتوفير مناصب الشغل لاهلنا المضطهدين في الاردن.
31187,على قناة الجزيره المحترمه والمؤقره من قبل جماهيرها تصحيح الخبر عصابات وميليشيات وبلطجية السيسي المموله من مليارات الامارات والسعوديه تشتبك مع ابناء مصر الاحرار . تحياتي
31221,صومو لروؤيته وافطرو لرؤيته هذا حديث صحيح ليس بالضروره ان نصوم موحدين لأن الامر نسبي
31234,لو حماس زعلانه من الامن المصري . خلاص متخشوش مصر تاني . المساله اتحلت .
31241,على مراسل الجزيرة إتباع الإرشادات الأمنية للشرطة.
31249,الله يرحمه الشهيد بأذن الله قدم على ما يقدر عليه أفضل من الجالسون ويتكلمون اكثر مما يفعلون نصره لدينه وانتقاما ممن يقتلون المسلمين.
31250,عاجل عاجل عاجل ....... تمة حرق إمراتين بالحجاب اليوم في باريس  في منطقت ڤيل جويف 94200
31253,"احلى خبر قراته اليوم وانا اتصفح  النت= ""شارلي إيبدو"" تعلن رسمياً عن توقفها نهائياً عن نشر رسومات بحق نبينا محمد مستقبلاً ......... الله اكبر والعزة لله"
31255,فقط خطاء مطبعي عادي جدا و إهمال  ، انتم  مش لاقيين شيئ  جديد ... تحيا مصر
31261,الحمد لله هنا في السودان علاج الاسنان بالمقا نة مع بقية دول العالم رخيص جدا....حتى ان معارفنا في امريكا يوصون مهاجري اللوتري السودانيين ان يراجعوا اسنانهم ويرمموها قبل الحضور لامريكا....
31262,"""رُبَّ همة أحيت أُمَّة""."
31270,الخبر يجب ان يكون الدولة الاسلاميه تعلن الحرب على حلف الناتو
31271,السلام عليكم ،اشك في الخبر جملةً وتفصيلاً  وستايك التفاصيل لاحقاً! تحياتي
31272,احسن تعليق على كلامك قول الرسول صلى الله عليه وسلم عن الشيطان  في الحديث الصحيح(صدقك وهو كذوب)اقرأ قصة الحديث من قوقل ففيه فائدة!
31277,لا يهم  ان كان العدو  تركي او غيره  المهم ان عامل الوقت مع جنود دولة التوحيد وسنرى من يثبت الى النهاية ..... اللهم نسالك الثبات
31298,الدولة تتمدد بسرعة تفوق سرعة الكونكورت فخترقت بنتصاراتها المسامع
31320,المهم شاخبار العواصف في الجزائر؟
31321,"لفظ الضمير المخاطب ""نحن"" في خطابه يشير بهاإلى الوطن والشعب اللبناني وليس جزائر فرنسا."
31331,لماذا تدعوا لهم بالرحمه اتق الله يااخي ولاتترحم عليهم فانك لاتعلم مانياتهم وماقصدهم اهو لله ام لا
31335,الله يحفض اسرايل..
31336,ترايونات الولارات الشعب السعود  يدرت با اسما مختلفه صدام،المالكي،ايران، الحوثي،بس للتخريب.
31340,"الا تستشعرون قوله جل جلاله:(الله يستهزئ بهم , ويمدهم في طغيانهم يعمهون) صدق الله العظيم."
31343,(واذا خاطبهم الجاهلون قالوا سلاما)
31355,كل الاحترام للدبلوماسية الايرانية ورجالها العظماء.
31381,أحلام السلطان العثماني تبخرت في الهواء!! تحية إلى أحفاد أتاتورك.
31395,الدوله الوحيده في العالم التي تقول وتفعل هي الدوله الاسلاميه نصرها الله.
31396,"جهاز كاشف المعادن زائد جهاز قياس المسافات الليزري زائد اربجه  زائد شاشة الكمبيوتر زائد ج ب اس نافيغاتور 
يعني  انهاء الوجود الروسي اين مهندسوا المعارضة"
31398,الجندي الروسي لا يهمه إلا  النساء والمال والفودكا بينما مقاتل داعش لا تهمه الدنيا بمن فيها يدخل بين مئات الجنود ويفجر نفسه  فبماذا  تنفع البارجة او الطائرة او حتى احدث الاسلحة امام هؤلاء سؤال منطقي ؟
31403,صدقت والضاحيه الجنوبيه معقل حزب حسن زميره خير دليل في ذلك.
31406,علماء فضاء السعودية ينددون بالتدخل الروسي وتواطؤ الغرب
31407,لماذا لم یندد العلماء السعودی القتال فی الیمن و المسجد الحرام و منی و سوریا و العراق بید السعودیة ؟
31408,ولا تندذون بعملاء اليهود الذين منعوا السلاح وحتى المعونة والاغاثة للشعب السورى واعزل
31422,هذه هي بركات شهر النصر والعطاء والجود والكرم. الحمد لله الذي شفى قلوب أمهات الشهداء وشفى قلوب المؤمنين. الخلافة الإسلامية أعظم نعمة على أمة الإسلام اليوم.
31423,الله اکبر ولله الحمد.
31427,بدأ عرض الفيلم اﻻيراني الجديد محمد رسول الله في دور السينما اﻻيرانية والعالمية.  وشاهدته البارحة في مهرجان مومتريال السينمائي. هناك جدل بشأن تجسيد الرسول في الفيلم ولكن لم نرى شيئا من هذا الكﻻم.
31431,يا محمد كريشان بالله اصح الاداره ينقلون غاده عويس و حسينه الى لبنان وانقل السي ابي عاصي مكانهم مقدمه اخبار وبرامج حتى اذا دخلت الجزيره فيه قدامك وجه يفتح النفس و صوت يفنح النفس
31433,انا رمشي مذاق التوم وهو عيونو تشبع نوم روح يانوم من عين حبيبي ...انت تروح وتمشي وانا اسهر مانمشي ياللي مابسهرشي ليله ياحبيبي.. سهرني حبيبي حبك ياحبيبي اكتب على اليالي اسمك ياحبيبي
31435,فين تعليقاتي ههههههههههههههههههههههههههههه
31438,فاتاهم الله من حيث لم يحتسبوا وقدف في قلوبهم الرعب
31440,نريد أن نرى من بين قوات التحالف هذه ابن الأمير الفلاني أو الأمير الفلاني نفسه كي نشهد لهم بالكفاءة.
31445,لا نقبل بهادي رئيسا بعد ان وافق التحالف على تدمير اليمن وقتل شعبه
31460,الجيش العربي السوري في قلب مطار كويرس.
31465,لا تنسو انه كان زوج ( ميمي جمال )
31472,الناس التي انتقدت مصر لشرائها طائرات الرافال لو سمحتم لا تدافعوا عن قطر.
31476,السلام عليكم.. هل يمكن امدادي بطريقة اتصال مع هذه العائلة.. اريد مساعدتهم.. رجاء.. لا داعي لنشر التعليق.. المهم ايصالي بهم
31487,نحن بالتمثل من العالم الحر و جماعه المسلمین بکافتهم نتوعد الخوارج احفاد ابن ملجم المرادی و اتباع ابی جهل البغدادی حفید ابی لهب عبدالعزی بن عبدالمطلب  بجهنم الدنیا و نار الآخره
31489,وما الغريب؟ عملية زراعة جمجمة وفروة رأس زرعها المسلميين في وقت عمر بن خطاب
31490,نعم حبيبي؟؟؟ ماذا قلت؟؟؟
31492,في سبيل اﻻكشن الطب يصارع الواقع ويسقط في الخيال
31494,وعند شق الجمجمة خرجت فسوة كبيرة لم يتمكن  اﻻطباء المشاركين من تجميعها وستبدلوها بغاز النشادر
31495,يمنحون الحياة للناس بفضل العلم و الانسانية و ننشر الموت و الخراب بإسم الخرافات و الجهل و الدين. و في النهاية نختمها بالحمد لله الذي فضلنا على غيره بنعمة الجهل
31500,لاتعليق
31502,من فمك لباب السماء يا رب... و ياريت تدخلوا الاردن في الاتحاد الفدرالي و الله افضل من اي اتحاد عربي...
31508,و قال تعالی : ادخلوا فی ارض المقدسه التی کتب الله لکم ای فرض الله لکم ان تعیشوا فیها للابد ... عاشت السلام بین الیهود و العرب
31510,فلسطین ارض و بلد یهودیه ثقافیا و دینیا و تاریخیا شئنا ام ابینا
31512,"بعد تقدم الحوثيين الى داخل الاراضي السعوديه
المملكة (وهادي) تقبل الحوار بين اليمنيين  خارج اراضيها وبدون شروط"
31514,أنا لا أكذب هذا الخبر لكن الغريب هو عدم التحدث عن سيطرت الحوثيين لعدة مواقع سعودية لعدت أيام. الرأي والرأي الأخر، الحياد ونقل الخبر باحترافية أصبح مشكوك فيه.
31518,"تبحث في غوغل ""مخطط أمريكا لاحتلال سبع دول عربية خلال خمس سنوات"""
31524,لا يسمع في جزيرتي إلا صوت ابواقهم ومن يرضي طقه، اما المعارض فلا صوت له وكأن كل من في البلاد معهم، لذلك يخرج التطرف والإرهاهب
31533,"رحمه الله 
والان امير المجاهدين والمسلمين هو ابو بكر البغدادي القرشي . اللهم ثبته وانصره"
31534,سلامي على طالبان يا نعمة الرحمن سنة بعد القران  نحتسبك عند الله من المقربين
31535,خامنه ئی نجم ایران
31536,"رحمك الله يا سيدى 
نسأل الله ان يلحقنا بك غير مبدلين"
31537,توفي أرنست همنغوي منتحرا في بيته يوم 2 يوليو/تموز عام1961 وليس عام 1962 بمدينة كيتشوم بولاية إيداهومغرد النص عبر تويتر، بعد أن كان انتقل في آخر حياته للعيش في منزله بكوبا.
31551,قال الله تعالى : (( أم حسب الذين اجـتـرحـوا الـسيـئـات أن نجعلهم كالذين آمنوا وعملوا الصالحات سواء محياهم ومماتهم ساء ما يحكمون )) .
31564,كل لحم نبت من حرام فالنار اولى به
31576,(( إن الله ليملي للظالم حتى إذا أخذه لم يفلت ))
31580,اللهم صلي وسلم على سيدنا النبي . انا مصدقتش نفسي من الفرحة وانا بقرأ الخبر . عقبال بقية المفسدين يارب.
31583,أين تعليقي؟ لم لم تنشروه؟
31587,مهل ولا يُهمل. اللهم إنتقم لعبادك المظلومين. اللهم عليك بمن ظلمهم يا قوي ياجبار يا ذي الجلال والإكرام
31597,اين ولد !!!!
31600,هو سؤال واحد فين التعليق بتاعي...كتبه من الصبح بامحترمين..
31601,"""... هُمُ الْعَدُوُّ فَاحْذَرْهُمْ ۚقَاتَلَهُمُ اللَّهُ ۖأَنَّىٰ يُؤْفَكُونَ"" سورة المنافقون 4"
31605,"الفيديو المرفق يدحض ما نسبه الكاتب إلى الشبيبة ويعيد الحق إلى نصابه، رجاء نشره بجانب المقالة كي تتضح الصورة وشكرا
عنوان الفيديو على اليوتوب: دور الخطيب مؤسس حزب العدالة والتنمية في مقتل بنجلون"
31606,خطاأ ولد  بدائرة العلمة ولاية سطيف
31607,إذا لبسوا شيء غريب سوف يثيرون الشك ولاكن ليس الوثوق بل نفس
31611,قتلوك لميمتك يامسكين!
31612,حسب علمي انه استشهد  دفاعا عن سبته ومليله
31615,أخي لا تضف مسافة الجزائر في الأربعة ألاف كلم ٫
31618,ارجو من المتدخلين ان يستبدلوا كلمة السعودية ببلاد الحرمين وجزاكم الله خيرا
31619,الحق يقال ان الجزائر هي سبب مشكل الصحراءىالمغربية  و الجزائريون بريؤون من سياسات بوكروسة
31620,قتله محمد السادس.
31622,ضاعت منه دراهم آل سلول فهل أضاع آخرته كذلك ? الله أعلم
31624,معركة قلتت زمور في الصحراء الغربييييييييييييييييييييييييية سنة 1979 اسقطت فيها 3 طائرات مغربية من نوع سي 130
31625,ومن أجل ماذا يقاتل الحوثيون ومن على شاكلتهم؟ اذا كان الجواب هو السيطرة على اليمن ومنحها لايران فما يكفي الا أن يقاتلهم كل عربي مسلم . رحم الله الطيار ..اذا لم تترحموا عليه فلا تفتروا اي كلام آخر .
31628,حكيم يا عموري فعلا لقد أباذوا الورود
31631,اذن ربما سيسجّل في كتاب جينيس للارقام القياسية !
31632,صاحب أكير بيتزا في العالم وانت الصادق!
31640,كاتب هذا التقرير اما انه جاهل بما يدور في التنظيمات الجهادية وتحديدا الدولة الاسلامية. واما انه يدلس ويخلط الحقائق عن عمد وفي كلتا الحالتين هو في نظر المتابعين غير موضوعي وغير محايد.
31641,قال رسول الله صلى الله عليه وسلم : إن الإيمان إذا كثرت الفتن في الشام ...
31642,ترشح سلمان بن إبراهيم آل خليفة يعتبر فقط لتقليل فرصة الامير علي بن الحسين بالفوز وتقسيم اصوات العرب وداعميهم ..... الى متى هذه التصرفات ال(...) بين العرب ؟؟؟؟
31651,أفادت السلطات الفرنسية بأن طوله يبلغ 1.75 سم
31654,المرجومن الجزيرة أو من القراء تحديد هوية الشخصين معه في الصورة؟
31655,الله يرحمه..لم يقوم بصبغ شعره و لحيته كما يفعل كل الزعماء و الوزراء العرب
31660,بماذا خدم الأمة ؟؟؟
31671,"ما هو التاريخ؟
حسب الصوره 8 كانون الثاني 1983 و أول سطر بالمقالة 1982 ؟؟ الرجاء التصحيح"
31676,قال الله تعالى:   وجوه يومئذ عليها غبرة ترهقها قترة أولئك هم الكفرة الفجرة.
31680,هو عالم ایرانی مسلم من بوژنگان، (مدینة تربت جام الحالیة)، بعد استکمال دراسته هجر الی بغدادو اشتهر بنبوغه بالفلک و الهندسة و... یا الجزیرة علی الاقل لا تسرق الشخصات التاریخیة!!!!!!!!!!!!!
31681,"هو کان فارسي. قال ابن خلدون: ""وأما الفرس، فكان شأن هذه العلوم العقلية عندهم عظيماً، ونطاقها متسعاً. و اذا عربت خربت!"
31688,انتقام .. ام حسد؟
31689,الظلم ظلمات في الدنيا والاخرة ليس انتقادا للحكم ولا تأييدا لسيف الاسلام .
31691,هلا هلا هلا
